1 0 0 0 1 1 1 1 1 1 2 0 3 2 1 5 5 3 8 6 11 2 7 9 11 11 11 18 20 18 22 23 20 32 23 45 46 48 54 76 77 83 88 110 105 156 170 167 207 241 280 301 342 377 420 478 523 597 620 733 828 937 1014 1167 1256 1440 1605 1721 1819 2037 2134 2294 2436 2758 2795 2903 2888 2936 3135 3132 3074 3009 2916 2809 2622 2460 2409 2185 2027 1809 1683 1552 1278 1190 1101 952 826 676 602 514 471 426 371 292 267 245 185 154 158 120 99 87 91 71 60 49 34 35 26 27 22 23 20 16 8 18 10 8 8 5 4 5 4 4 3 3 4 1 3 2 1 2 0 2 2 0 2 1 1 1 0 1 0 0 0 1 0 0 0 0 0 0 0 0 0 0 0 0 0 
1 0 0 0 1 1 1 0 0 1 2 1 3 2 2 2 2 1 1 6 3 7 9 9 8 13 7 11 12 16 20 28 12 21 32 41 47 51 34 50 59 73 74 93 100 112 137 132 171 199 210 286 275 324 386 417 491 518 629 691 744 881 1015 1071 1211 1387 1490 1594 1773 1960 2156 2308 2456 2596 2803 2919 3038 2925 3067 3040 3154 3019 2989 2887 2773 2691 2493 2288 2108 1887 1709 1563 1377 1270 1127 1011 819 745 679 610 521 425 376 357 308 231 195 191 186 144 124 104 93 84 65 58 61 44 33 35 27 24 23 20 12 11 14 6 9 7 7 6 8 5 10 3 0 4 2 6 2 0 0 0 1 3 6 2 0 2 0 0 0 0 0 0 0 0 1 0 0 0 0 
1 0 0 0 2 0 0 1 0 0 0 0 0 0 1 0 2 1 0 0 2 0 1 3 2 5 0 3 4 5 5 2 7 5 10 10 8 9 10 17 21 17 25 27 38 42 44 39 54 64 52 79 91 92 102 155 156 165 200 206 226 276 294 331 423 427 472 601 642 720 814 874 1007 1106 1191 1303 1470 1563 1762 1971 2194 2272 2499 2545 2670 2760 2948 2934 3021 3140 3103 2985 2918 2836 2821 2591 2512 2326 2137 1903 1757 1582 1372 1263 1138 1024 873 719 667 589 540 441 382 373 315 259 247 165 163 145 133 110 82 82 71 60 57 42 41 28 30 15 19 22 12 12 7 11 7 9 6 7 4 1 1 2 0 3 0 1 3 2 0 0 1 0 0 0 0 0 0 1 0 0 0 0 0 0 0 0 0 
1 0 0 0 0 0 1 1 2 1 0 0 1 1 3 0 0 2 2 0 3 4 3 3 0 4 6 1 4 7 8 4 11 11 20 15 15 17 20 30 28 29 33 35 44 54 66 67 75 107 114 101 148 150 162 203 214 220 281 313 356 410 493 516 586 678 706 838 972 1038 1196 1301 1374 1584 1695 1897 2020 2296 2303 2519 2690 2826 2772 2990 3056 3035 3112 3125 3087 2933 2744 2691 2528 2335 2171 2032 1825 1566 1444 1351 1248 1027 931 794 704 619 514 484 431 377 321 290 208 207 172 172 141 89 105 93 80 53 61 55 27 39 32 18 20 12 28 16 9 6 7 6 7 4 6 4 4 0 2 2 1 2 1 3 0 0 0 0 0 0 1 0 0 0 0 0 0 0 0 0 0 0 
1 0 0 0 0 0 1 1 2 0 2 1 0 1 0 0 3 1 5 2 0 2 6 4 10 7 12 7 14 11 12 6 7 28 22 24 16 28 30 35 40 45 54 61 51 64 76 99 103 104 140 160 166 190 219 263 297 321 382 425 468 542 580 684 741 808 969 1020 1193 1319 1480 1633 1724 1830 2039 2246 2307 2489 2749 2822 2881 3081 3076 3135 3110 3082 3011 2893 2776 2797 2538 2312 2105 2002 1718 1553 1412 1352 1148 995 899 801 708 577 559 474 394 398 359 260 220 186 157 160 127 108 91 84 53 61 42 39 39 39 28 18 18 21 12 14 7 5 7 4 2 1 4 3 3 3 2 0 2 2 3 2 3 0 0 2 0 0 1 1 0 1 2 1 0 0 0 0 0 1 0 0 0 1 0 0 0 0 0 0 0 0 0 0 0 
1 0 1 0 0 0 0 0 0 0 1 1 0 1 1 1 0 2 2 5 2 8 6 3 3 6 5 8 6 11 10 8 16 14 12 21 20 24 25 22 43 36 38 52 59 68 70 78 93 110 134 151 169 186 213 235 275 285 308 375 406 468 513 680 698 805 811 1017 1089 1153 1289 1481 1528 1746 1891 2021 2207 2347 2461 2512 2729 2798 2885 3092 3006 3071 3075 2890 2894 2760 2614 2501 2371 2179 2014 1819 1701 1438 1354 1190 1082 936 824 732 604 526 498 449 352 322 296 236 185 162 150 138 115 92 101 61 62 45 44 50 38 34 20 25 18 12 14 9 10 6 5 4 5 6 6 4 4 3 1 2 2 2 1 3 3 0 0 2 0 1 0 1 2 0 0 0 0 1 0 0 0 0 0 0 0 0 0 
1 0 0 0 0 0 0 0 1 3 1 0 0 2 4 0 0 2 0 3 5 3 5 4 9 2 5 5 9 8 15 14 4 16 18 17 28 26 36 34 51 57 54 56 65 82 85 89 104 125 144 156 186 220 242 245 293 356 402 421 495 581 592 686 736 804 926 1053 1257 1278 1511 1562 1735 1915 2058 2206 2395 2561 2657 2760 2887 2987 3076 3013 2996 3019 3109 2804 2708 2611 2477 2352 2187 2005 1842 1609 1446 1403 1189 1050 955 803 685 617 535 445 416 351 300 276 242 163 166 147 118 108 88 80 76 59 50 43 31 34 34 23 25 16 22 18 10 13 10 7 5 3 14 4 1 2 3 5 3 0 0 1 0 1 0 1 0 1 0 0 0 0 0 0 0 0 0 0 1 0 0 0 0 0 0 0 0 0 0 0 0 
1 0 0 0 0 0 0 0 0 0 2 2 0 1 0 1 2 2 2 0 1 2 0 1 0 1 1 0 1 1 2 2 0 3 3 1 2 3 1 1 3 6 3 5 2 2 7 4 8 11 8 14 11 6 9 17 31 26 24 32 38 40 43 41 72 66 87 76 101 128 142 142 195 197 239 229 298 338 340 415 456 523 619 647 732 905 908 1073 1164 1277 1504 1553 1581 1888 1988 2122 2365 2433 2652 2765 2844 2927 2997 3112 3078 2961 3039 2908 2816 2662 2493 2449 2187 2034 1860 1667 1531 1358 1214 1141 999 862 712 680 535 473 414 337 305 263 228 199 175 138 126 106 90 88 67 48 43 56 34 45 35 16 17 16 15 14 16 10 12 7 8 3 3 2 0 5 2 1 1 1 2 0 1 0 0 2 0 0 0 2 1 0 0 0 0 0 0 0 0 0 0 0 
1 0 0 0 
1 0 0 0 0 0 1 2 0 0 0 0 1 0 0 1 1 3 0 2 1 3 5 3 2 3 4 7 4 4 7 5 9 9 14 9 11 14 11 10 24 20 32 20 28 35 32 53 54 60 86 81 85 100 128 136 180 177 215 234 279 276 340 364 433 505 514 597 674 738 824 952 1046 1106 1303 1388 1580 1668 1873 2017 2132 2250 2526 2627 2709 2755 2971 3082 3002 3079 2957 3013 2935 2763 2722 2593 2288 2217 2014 1897 1670 1540 1335 1244 1080 977 819 745 638 600 490 433 380 349 296 234 233 166 131 137 152 100 89 77 71 55 51 39 42 28 24 26 17 16 17 12 15 5 4 10 6 4 6 4 2 2 1 3 2 1 1 1 1 0 0 2 0 1 0 0 0 0 0 0 0 0 0 0 0 0 
1 0 0 0 0 0 
1 0 0 0 0 2 1 0 1 1 1 2 0 2 2 3 4 4 5 3 6 3 4 11 9 13 17 10 14 14 21 23 29 25 27 23 41 60 61 68 67 76 98 94 105 106 165 163 179 199 207 288 300 348 382 428 455 596 600 644 761 884 986 1069 1221 1234 1427 1615 1763 1860 2091 2187 2385 2550 2668 2793 2914 2986 2975 3052 3144 3032 3011 2856 2839 2668 2518 2334 2116 1967 1783 1656 1447 1307 1128 1041 912 847 739 568 522 508 432 362 276 269 215 203 152 144 127 110 80 84 72 68 58 47 45 40 19 26 22 14 15 6 11 5 12 6 4 9 4 3 2 2 4 1 2 0 2 3 1 0 0 0 0 0 0 0 1 0 0 0 0 0 0 0 0 0 0 
1 0 0 0 0 0 0 1 0 0 0 0 0 0 0 1 0 1 0 0 1 0 0 0 0 0 0 0 0 0 0 0 0 0 1 0 0 2 0 4 3 3 5 3 3 3 5 3 7 9 12 8 6 19 8 15 15 20 23 25 30 35 38 54 50 68 76 85 78 95 122 138 172 192 205 217 248 276 339 396 375 474 524 592 670 695 838 916 984 1170 1320 1363 1497 1653 1708 1921 2100 2317 2344 2613 2642 2829 2826 2978 3075 3043 3023 2998 2923 2757 2802 2596 2412 2267 2082 1938 1688 1636 1443 1314 1113 962 824 773 696 566 516 466 388 313 300 261 236 189 164 126 120 117 89 72 73 70 56 32 36 25 37 23 23 16 16 11 12 6 9 11 6 6 5 2 2 2 7 3 0 1 2 0 0 0 0 0 0 1 1 0 1 0 0 0 0 0 0 0 0 0 
1 0 0 0 1 0 0 0 0 0 2 2 0 0 0 0 2 1 3 0 4 0 0 3 2 10 3 8 9 2 10 5 9 19 19 16 15 16 26 31 25 31 46 45 55 52 75 69 71 99 99 134 111 144 183 223 226 240 303 300 327 392 450 490 578 628 732 842 886 990 1063 1175 1375 1484 1579 1799 1954 2084 2265 2301 2611 2711 2845 2913 3081 3085 3139 3058 3069 2958 2739 2614 2686 2463 2297 2115 1896 1716 1521 1434 1221 1092 1025 905 775 682 620 521 464 376 332 311 258 214 193 190 130 106 137 83 91 61 59 35 40 30 37 29 19 20 10 12 15 11 7 4 15 7 4 1 1 4 4 3 3 0 1 1 1 1 3 0 0 0 0 0 0 0 0 0 0 0 0 0 0 0 
1 0 0 0 0 0 0 0 0 1 0 0 0 0 0 0 0 0 0 0 0 1 0 1 1 2 2 0 2 3 0 4 3 5 2 2 3 8 9 11 6 8 7 10 12 19 12 27 18 31 37 34 46 53 60 59 81 73 83 125 115 131 152 170 202 226 247 265 327 352 443 476 498 582 632 689 848 951 1009 1143 1208 1401 1509 1603 1860 1959 2220 2326 2405 2632 2668 2760 2966 3122 3043 3062 3126 3011 2957 2855 2678 2587 2320 2269 2035 1855 1718 1484 1329 1221 1113 919 877 774 638 646 484 438 375 335 283 235 247 183 159 143 125 94 70 74 54 59 47 35 43 33 25 21 22 15 14 16 13 7 5 10 6 4 3 3 4 2 0 0 1 1 0 1 1 1 0 2 0 0 0 0 1 1 0 0 1 0 0 0 0 0 0 0 0 0 0 0 0 0 0 0 
1 0 0 0 0 1 0 0 0 0 0 0 0 1 2 1 0 0 0 1 1 2 3 2 3 4 3 6 7 5 4 6 6 8 6 14 12 9 12 20 28 19 23 34 39 35 45 48 52 70 84 82 89 117 162 139 160 182 197 244 277 326 323 387 455 498 596 655 744 783 882 941 1114 1204 1333 1563 1664 1780 1897 2101 2371 2466 2560 2710 2768 2869 3032 3097 3105 3175 3037 2897 2862 2739 2634 2476 2275 2136 1889 1700 1539 1427 1289 1174 926 874 771 645 563 555 406 390 311 296 224 223 178 173 138 116 116 100 63 84 53 45 48 41 33 19 23 23 13 16 17 14 11 5 11 8 5 5 3 4 5 3 5 1 1 1 1 1 0 2 1 0 0 0 0 2 0 0 0 0 0 0 0 0 0 0 1 0 0 0 0 0 0 1 0 0 0 0 0 0 0 0 0 0 0 0 0 
1 0 0 0 0 0 0 0 0 0 1 0 0 0 0 0 0 0 0 1 0 0 0 0 1 1 0 3 1 3 2 0 3 0 6 6 6 8 8 7 14 5 13 15 22 21 28 28 29 30 43 43 41 50 52 62 72 93 95 126 133 172 166 185 191 220 265 272 339 419 456 452 519 656 702 811 861 969 1107 1223 1376 1480 1617 1807 1933 2102 2216 2395 2569 2736 2850 2890 2934 3032 3101 3064 3106 2930 2927 2752 2600 2528 2205 2160 1931 1691 1606 1432 1288 1100 1035 868 740 665 627 520 458 388 321 266 260 239 195 184 137 111 101 97 90 61 55 53 47 44 29 43 26 20 23 15 16 16 12 7 8 5 6 6 5 7 4 2 5 5 2 2 0 0 1 1 1 1 0 1 0 0 0 0 1 0 0 0 0 0 0 0 
1 0 0 0 0 1 0 0 1 1 1 0 1 1 1 1 2 1 2 1 2 5 3 3 12 5 7 5 5 11 15 11 10 13 18 30 36 25 31 39 37 52 52 51 82 86 87 97 130 136 143 170 221 211 253 279 309 346 353 470 530 589 642 687 808 898 1027 1070 1196 1328 1521 1592 1793 1955 2100 2271 2495 2518 2664 2757 2807 3056 3029 3076 2953 3007 2941 2811 2721 2574 2577 2289 2113 1873 1730 1578 1421 1302 1134 1057 873 837 652 583 535 437 390 328 325 260 204 194 161 130 126 134 87 79 67 52 39 41 31 33 31 21 28 16 13 11 18 11 14 10 7 5 2 7 6 1 2 5 4 1 1 0 1 1 1 1 0 0 0 1 0 1 0 0 0 0 0 0 1 0 0 0 0 0 0 0 0 0 0 
1 0 0 0 0 0 0 1 0 0 1 1 3 0 0 0 0 2 0 1 4 1 0 0 1 2 3 3 1 4 1 5 5 3 9 6 8 3 7 12 14 8 21 12 17 20 25 26 31 33 41 51 58 62 68 85 87 103 113 130 136 147 193 203 230 298 296 329 378 420 539 556 674 658 758 863 920 1090 1210 1317 1437 1576 1760 1890 1986 2124 2456 2575 2625 2762 2874 2917 3031 2951 3128 3030 3028 2826 2802 2552 2455 2379 2137 2078 1841 1685 1477 1338 1172 1008 875 863 685 638 531 493 402 373 279 279 243 181 166 151 116 98 86 77 81 69 44 43 40 29 26 24 25 14 17 10 10 11 6 6 5 6 3 1 4 5 1 3 3 1 0 1 0 0 0 0 0 0 0 1 0 0 0 0 
1 0 0 0 0 0 1 1 0 0 0 0 0 1 1 0 0 0 0 
1 0 0 0 0 1 0 1 0 0 1 0 1 1 0 2 2 1 1 2 2 3 2 3 3 3 4 4 8 7 8 9 9 10 10 17 19 21 20 20 25 44 44 44 33 45 51 77 77 89 98 132 126 138 179 162 199 217 264 282 378 366 467 476 588 595 648 757 909 1012 1095 1240 1308 1374 1634 1777 1906 2036 2288 2383 2510 2681 2783 2847 2978 3092 3102 3093 3069 3074 2898 2728 2579 2534 2378 2135 1932 1781 1565 1338 1337 1154 1008 873 790 662 558 540 437 370 330 296 246 232 221 184 158 112 110 97 81 75 52 48 50 47 37 17 24 21 17 21 17 10 9 10 4 4 4 2 4 4 1 2 1 3 2 1 1 0 1 1 1 1 0 0 0 0 1 0 0 0 0 0 0 0 0 0 
1 0 0 1 0 0 0 0 0 0 0 0 0 0 1 0 0 0 0 0 0 0 
1 0 0 0 0 0 2 1 1 0 0 2 0 1 1 1 2 4 1 1 1 5 0 2 2 6 6 7 7 7 9 8 15 16 17 11 26 21 19 26 33 44 35 32 51 50 61 84 76 106 95 143 135 168 159 219 230 239 294 356 383 396 483 535 558 694 767 878 950 1079 1203 1280 1404 1569 1781 1967 2149 2212 2411 2548 2651 2811 2891 2990 3091 3115 3272 3153 3055 2895 2778 2480 2424 2402 2212 2000 1829 1608 1482 1356 1125 973 876 799 665 608 519 455 439 334 280 237 261 209 169 133 125 100 97 74 69 73 55 42 44 30 31 23 13 16 11 8 11 10 11 7 5 4 3 3 4 4 3 4 3 4 2 3 0 2 2 1 1 0 0 1 1 0 0 0 0 0 0 0 1 0 0 0 0 0 0 
1 0 0 0 0 1 0 0 0 0 0 1 1 1 1 0 2 3 3 1 1 0 1 7 2 3 2 7 3 5 4 6 9 8 18 16 10 21 22 32 31 28 34 52 52 52 50 69 85 90 113 112 124 139 171 201 203 223 256 326 364 414 443 492 537 604 766 770 922 1053 1131 1201 1363 1515 1675 1814 1942 2167 2202 2556 2637 2659 2843 2979 3001 3129 3021 3088 3082 2980 2812 2732 2561 2445 2242 2002 1854 1770 1612 1377 1245 1082 1020 791 706 662 602 499 428 370 320 268 219 188 177 157 129 105 96 97 80 72 45 39 33 24 31 28 23 11 14 13 12 7 5 7 5 0 6 4 3 4 3 2 3 3 1 3 3 0 0 3 0 1 0 0 0 0 0 1 0 0 0 0 0 0 0 0 0 0 
1 0 0 0 0 1 1 0 0 1 0 1 0 0 0 1 0 0 2 1 0 1 0 0 2 1 0 0 0 0 1 2 1 3 0 1 4 5 4 7 4 3 7 9 8 12 11 11 11 15 23 17 23 24 35 45 45 42 51 49 73 87 90 77 99 115 156 161 181 197 217 246 292 343 405 432 446 532 592 677 712 906 913 990 1144 1324 1436 1602 1734 1939 2096 2203 2335 2491 2655 2781 2784 2979 3044 3064 3058 3034 3029 2836 2741 2640 2535 2344 2217 2010 1855 1631 1491 1312 1194 1092 921 813 685 618 555 479 416 370 270 262 236 188 160 131 134 119 102 91 71 53 57 51 43 30 27 24 27 15 17 14 13 6 6 7 6 4 1 5 4 2 1 7 1 2 0 3 2 2 0 1 2 0 0 0 0 0 1 0 0 1 0 0 0 0 0 0 0 0 0 
1 0 0 0 0 0 0 0 1 1 1 0 0 0 0 2 1 5 2 2 4 2 1 2 6 5 2 12 8 14 15 12 16 19 22 15 26 40 34 34 42 70 71 92 62 84 94 122 135 145 166 210 234 261 284 305 309 439 433 514 576 635 737 770 867 943 1126 1232 1304 1469 1635 1753 1984 2090 2151 2442 2498 2674 2817 2928 3053 2949 3101 3096 3032 3013 2903 2773 2583 2493 2348 2160 1942 1739 1717 1424 1271 1139 1016 853 769 636 608 532 408 380 330 301 241 208 188 139 135 138 102 95 86 67 44 46 37 49 28 16 21 15 15 13 18 6 5 5 2 3 2 2 4 2 1 1 1 1 0 0 1 0 0 0 1 0 0 0 0 0 0 0 0 
1 0 0 0 0 2 0 1 0 0 1 1 1 0 1 2 0 3 1 2 1 1 4 3 6 4 6 8 7 10 12 14 19 16 17 25 28 34 36 37 36 50 51 55 59 71 72 78 112 123 169 145 157 184 242 295 288 320 369 413 482 555 635 663 741 860 919 1037 1174 1208 1452 1506 1739 1784 2008 2288 2327 2447 2648 2740 2842 2956 3002 3095 3112 2958 2932 2889 2733 2733 2557 2386 2239 2093 1791 1656 1495 1383 1132 1021 1002 842 708 636 544 513 459 334 332 266 225 176 196 137 129 105 88 92 92 53 53 41 30 30 24 26 22 19 18 14 11 13 7 8 8 6 8 5 6 3 5 3 6 4 7 3 1 3 0 1 0 3 1 0 0 2 0 0 0 1 0 0 0 0 0 0 0 0 0 0 0 0 
1 0 0 0 0 0 0 3 1 0 1 2 0 1 1 1 2 3 1 1 0 1 1 5 2 3 4 2 3 2 7 3 4 8 3 12 9 9 16 12 20 15 12 19 29 35 37 34 37 57 63 69 79 64 101 111 114 149 166 192 209 250 242 277 348 385 423 538 563 560 701 744 928 961 1085 1112 1300 1441 1584 1746 1848 2027 2174 2342 2469 2651 2708 2920 2922 3036 3094 3033 3011 2950 3023 2781 2625 2559 2284 2113 2032 1807 1686 1448 1280 1257 1061 970 795 714 637 529 466 407 328 313 274 231 218 171 155 127 94 104 86 56 63 50 43 54 43 30 20 26 19 15 15 12 15 13 8 12 3 3 6 7 1 1 3 3 1 2 1 2 0 1 3 0 1 0 0 0 0 0 1 1 1 0 1 0 0 0 0 0 0 0 0 0 0 0 0 
1 0 0 0 0 0 0 0 0 1 1 2 2 1 1 2 1 3 0 4 4 3 10 6 7 8 11 16 16 14 17 16 22 26 38 32 38 35 37 60 58 68 75 85 87 84 134 143 154 182 216 241 286 291 342 360 411 469 536 632 699 777 861 977 1110 1215 1345 1458 1627 1762 1877 2104 2211 2369 2388 2673 2853 2933 2898 3015 3056 3153 3017 2923 2972 2736 2650 2542 2382 2182 1925 1780 1656 1463 1321 1114 1019 906 764 692 541 508 462 377 371 313 259 235 218 157 109 125 125 101 80 68 59 54 36 39 33 30 30 17 15 13 9 9 14 10 5 11 2 4 4 1 2 1 3 3 1 1 0 1 1 1 1 3 1 1 0 0 0 1 0 1 0 0 0 0 0 0 0 0 0 0 0 1 0 0 0 0 0 0 0 0 0 
1 0 0 0 0 0 0 1 3 0 0 0 0 2 4 1 4 2 3 5 3 7 4 4 2 10 6 9 9 5 11 12 23 15 16 22 14 15 39 42 23 41 42 68 54 64 73 90 114 119 120 155 152 176 252 246 280 313 320 409 474 521 576 640 762 807 860 1007 1131 1269 1339 1462 1627 1757 1989 2171 2237 2441 2541 2708 2806 2896 3129 3120 3110 3082 3043 2970 2883 2694 2634 2513 2253 2034 1939 1731 1568 1418 1217 1124 955 874 738 665 576 515 455 363 353 256 255 187 184 142 147 116 88 87 77 50 59 50 48 25 33 25 20 17 21 24 10 13 10 7 3 7 3 3 8 3 6 1 0 0 1 3 1 2 1 0 0 1 0 0 0 1 0 1 0 0 1 0 1 0 0 0 0 0 0 0 0 0 0 0 
1 0 0 0 0 0 1 1 0 0 2 1 1 0 4 4 2 3 2 1 9 5 5 6 3 10 9 9 11 15 15 17 21 22 26 27 24 35 35 53 54 72 64 84 95 97 102 132 163 161 206 248 255 292 305 400 416 442 508 603 657 757 795 901 968 1099 1256 1362 1525 1620 1799 1972 2169 2229 2407 2607 2828 2793 2960 2891 3041 3108 3036 3000 2938 2804 2723 2520 2433 2298 2153 1912 1695 1581 1360 1351 1087 972 837 734 697 606 537 466 381 324 283 255 239 202 158 120 98 112 87 77 71 58 35 39 37 24 24 18 17 19 13 15 12 7 2 4 5 6 3 3 3 0 3 1 0 1 0 2 2 0 0 0 0 0 0 0 0 0 0 0 
1 0 0 0 0 0 0 0 0 1 1 0 0 2 1 0 1 1 1 5 0 1 3 2 2 3 7 3 5 3 7 11 7 7 9 13 8 14 12 23 14 27 22 27 34 44 59 50 65 71 91 84 117 122 128 128 168 226 214 287 272 285 406 416 453 572 608 636 692 863 876 1024 1139 1243 1432 1526 1688 1778 2030 2106 2324 2424 2591 2785 2920 3028 3097 3059 3073 3095 3003 2880 2758 2691 2572 2336 2208 2069 1908 1721 1549 1331 1232 1091 980 840 732 663 571 503 437 388 318 284 247 229 178 147 116 101 89 75 74 62 61 34 38 24 29 30 19 22 14 10 15 13 10 11 5 6 7 4 3 3 5 1 1 2 0 1 2 1 1 1 2 1 0 0 0 1 0 1 0 0 0 0 1 0 0 0 0 0 0 0 0 
1 0 0 0 0 0 2 2 0 0 0 0 0 3 3 0 4 3 1 3 2 2 2 2 6 2 10 5 4 13 8 8 5 16 14 16 18 14 16 23 31 24 22 48 45 48 52 48 70 68 113 106 92 155 151 142 199 204 246 283 272 335 415 454 455 598 628 723 816 834 1054 1090 1297 1368 1529 1686 1746 2076 2087 2212 2510 2558 2739 2807 2929 3034 3121 3050 3002 2998 2982 2866 2830 2641 2526 2170 2072 1915 1754 1513 1460 1222 1119 1021 823 787 641 540 511 437 327 325 274 242 202 175 157 142 106 103 69 63 68 48 36 50 39 32 26 27 23 15 18 12 13 14 14 7 7 4 8 3 7 2 1 0 2 0 1 1 0 1 0 0 0 0 0 0 0 0 0 0 
1 0 0 0 0 0 0 1 0 0 
1 0 0 0 0 0 0 
1 0 0 0 0 0 0 1 0 0 1 0 0 1 1 0 0 1 3 2 2 3 1 5 4 7 5 10 10 3 6 9 9 23 14 9 22 26 26 28 28 38 52 49 43 66 63 84 86 104 107 118 138 176 200 249 267 242 277 334 421 491 516 548 641 733 820 841 1000 1139 1206 1388 1534 1596 1879 1993 2101 2304 2437 2612 2646 2751 2961 2895 3079 3131 3189 2986 2906 2779 2771 2561 2469 2317 2220 1849 1686 1492 1401 1252 1163 981 878 768 677 571 516 455 349 321 322 235 249 192 163 138 115 91 80 67 81 44 55 45 30 32 28 30 18 17 14 8 9 9 13 7 5 2 5 2 1 2 5 1 1 4 4 0 0 0 0 0 0 0 0 1 0 1 0 0 0 0 0 0 0 0 
1 0 0 0 0 0 0 0 1 0 0 0 0 0 0 0 1 0 0 2 0 0 0 2 0 1 1 4 0 6 3 3 5 4 8 5 3 7 8 8 21 19 21 15 16 31 30 28 36 45 49 50 60 87 84 109 115 127 137 165 173 234 257 269 312 377 376 446 524 577 708 750 804 935 1018 1143 1296 1361 1602 1746 1862 1972 2174 2372 2528 2631 2744 2844 2930 3068 3132 3088 3023 3074 3002 2816 2692 2566 2384 2285 2045 1863 1694 1517 1307 1192 1098 948 837 756 665 528 452 413 368 303 279 238 218 178 152 147 114 100 88 65 71 55 55 24 35 30 18 25 22 16 19 6 9 5 4 7 9 7 4 3 4 4 1 1 3 1 1 2 0 1 0 1 0 0 0 0 1 0 0 0 0 0 0 0 0 0 
1 0 0 0 0 0 0 0 0 
1 0 0 0 0 0 0 0 0 1 0 0 0 0 0 2 0 3 1 1 1 0 3 1 1 1 2 5 2 2 3 4 7 6 6 3 4 6 9 12 10 19 15 12 16 27 23 23 37 32 37 46 55 57 65 65 77 111 100 113 140 143 145 172 223 268 325 342 374 406 501 547 591 663 748 909 945 1054 1149 1259 1423 1508 1758 1852 1946 2230 2261 2419 2676 2700 2945 2938 3074 3104 3088 3069 2970 2766 2840 2658 2581 2312 2163 1969 1871 1637 1473 1302 1240 1075 956 824 723 665 517 478 440 342 348 265 267 193 181 171 140 104 104 83 76 73 52 63 38 35 23 25 34 22 17 9 8 14 9 9 5 3 2 7 3 3 4 3 3 0 1 1 1 1 0 1 0 0 0 0 0 0 0 0 1 1 0 0 0 0 0 0 0 
1 0 0 0 0 0 0 1 0 0 1 0 0 2 1 1 0 1 1 2 3 4 5 4 0 5 3 2 8 11 4 7 10 10 21 13 14 27 23 28 26 28 34 57 58 62 53 68 77 79 126 126 148 159 203 200 222 230 262 322 362 412 457 506 613 622 668 798 878 913 1047 1248 1317 1446 1580 1832 1923 2070 2260 2367 2545 2678 2709 2897 2862 3020 3048 3081 3046 2899 2786 2715 2663 2358 2258 2132 1894 1801 1609 1445 1304 1177 1040 879 781 694 655 556 472 372 330 291 283 194 215 163 171 125 84 69 70 68 60 52 45 35 29 26 16 16 11 14 13 6 8 5 1 3 4 4 1 5 3 1 1 1 1 2 1 0 0 1 1 0 1 0 0 1 1 0 0 1 0 0 0 0 0 0 0 0 0 0 
1 0 0 0 0 0 1 0 1 0 0 3 2 1 5 3 3 2 4 7 6 2 6 7 9 8 10 14 5 13 24 13 25 24 29 30 43 51 42 68 87 64 96 102 100 114 150 167 181 180 267 300 324 319 355 459 523 619 605 744 790 842 982 1051 1245 1399 1476 1641 1770 1954 2128 2261 2441 2620 2698 2789 2900 2950 3053 3150 3052 2997 3035 2774 2638 2543 2365 2251 2110 1995 1728 1579 1438 1274 1126 982 880 811 666 622 488 492 402 332 273 232 240 213 163 146 111 102 89 86 64 64 60 54 45 38 28 25 23 22 22 23 11 9 10 15 6 7 2 5 2 3 3 5 5 1 0 1 3 1 1 1 3 1 0 0 0 1 1 1 1 0 2 0 0 0 0 0 0 1 0 0 0 0 0 0 1 0 0 0 0 0 0 0 0 0 
1 0 0 0 1 0 1 0 1 1 1 0 0 1 1 0 0 1 1 1 0 2 3 2 2 3 0 8 4 8 12 14 11 7 13 11 17 14 22 22 21 33 36 37 30 54 54 53 57 74 95 102 117 111 123 171 162 193 221 258 329 353 341 422 522 562 554 717 765 878 1028 1035 1179 1257 1444 1597 1787 1918 2081 2111 2335 2505 2772 2752 2819 2955 2979 3041 3119 2924 2943 2998 2793 2586 2506 2436 2161 2015 1793 1616 1479 1397 1160 1031 907 789 694 565 550 464 419 360 266 264 242 202 191 163 130 112 102 68 59 69 53 59 49 22 22 19 23 23 14 17 9 8 4 10 5 1 5 6 1 1 0 1 1 0 4 0 1 1 0 1 0 0 0 0 0 0 0 2 0 0 0 0 0 0 0 0 
1 0 0 0 1 1 0 0 0 1 1 1 0 1 0 1 1 1 4 2 4 6 4 3 6 6 7 6 9 11 9 12 13 13 19 19 28 30 35 25 44 56 45 80 63 68 86 83 105 118 158 154 169 226 243 271 317 359 352 427 548 532 579 744 827 921 1000 1126 1269 1349 1437 1597 1787 1897 2186 2281 2490 2586 2735 2825 2997 2962 3042 3003 3010 3050 2891 2959 2756 2534 2480 2331 2125 1937 1802 1589 1428 1305 1143 991 813 777 660 542 511 447 379 318 283 260 213 166 157 140 115 113 82 78 71 60 63 41 29 32 24 29 17 19 22 18 17 10 6 7 4 6 6 6 1 5 4 2 6 2 3 0 3 0 0 2 2 1 0 1 2 1 0 0 0 0 0 0 0 1 0 0 1 0 0 0 0 0 0 0 0 
1 0 0 0 0 2 1 1 0 1 2 1 3 2 4 1 4 1 4 4 7 7 8 7 9 12 15 16 23 27 26 30 22 33 41 53 56 70 57 62 90 107 131 144 155 168 192 253 260 303 313 408 443 457 517 615 692 755 813 951 1066 1178 1292 1416 1590 1697 1922 1987 2191 2277 2445 2619 2699 2779 2941 3011 3027 3038 3011 2959 2936 2801 2680 2525 2328 2197 2083 1874 1727 1519 1341 1244 1126 918 868 702 637 587 456 434 367 324 268 246 208 187 157 158 109 106 86 62 73 45 35 38 32 27 21 23 17 23 15 10 13 11 12 6 9 8 5 6 7 5 2 4 2 1 2 1 2 1 0 2 0 0 0 1 0 0 0 0 0 0 0 0 0 0 0 0 0 0 
1 0 0 0 0 1 0 1 0 0 0 0 0 0 0 2 1 0 0 0 0 0 0 0 1 0 1 0 0 0 0 0 1 2 0 0 0 1 0 0 1 5 3 3 2 1 2 7 5 6 6 5 11 14 14 8 8 10 9 13 18 27 25 25 23 37 38 53 51 52 66 78 79 107 116 142 161 177 201 225 236 287 310 366 413 499 511 573 632 703 843 886 1042 1106 1220 1376 1524 1692 1800 1980 2107 2249 2320 2516 2621 2908 2946 2874 2980 3061 3017 2952 2828 2893 2781 2607 2367 2231 2072 1885 1691 1535 1414 1266 1141 983 912 807 677 613 533 470 392 317 289 288 233 184 184 132 126 101 101 89 62 58 45 42 34 23 26 22 16 14 11 15 10 15 5 6 6 6 5 1 3 3 2 1 4 2 0 1 1 0 1 0 0 1 2 1 0 0 1 0 0 0 1 1 0 0 0 0 0 0 0 0 0 0 
1 0 0 1 0 1 1 1 0 0 1 1 5 2 2 2 1 4 2 6 5 12 10 7 6 13 16 16 16 25 24 32 20 41 44 40 48 66 59 85 74 87 95 145 150 177 188 189 226 268 308 306 383 450 439 551 649 692 758 814 908 1048 1238 1308 1416 1608 1682 1836 2076 2188 2302 2581 2697 2767 2972 3002 3163 3109 3121 2976 3062 2871 2843 2596 2458 2401 2249 1908 1814 1616 1454 1330 1169 1030 899 783 696 586 523 461 403 369 303 234 242 188 187 145 120 103 85 57 71 65 48 37 33 38 26 13 14 10 14 13 11 2 8 1 5 6 4 3 3 2 2 5 1 0 0 2 2 0 1 0 0 0 0 0 0 0 0 0 0 
1 0 0 0 0 0 0 0 1 2 2 1 0 1 1 1 1 1 3 2 0 4 3 3 3 5 2 3 5 6 6 2 9 10 14 14 7 6 15 15 23 13 28 31 28 38 27 36 40 56 71 103 87 94 128 141 136 182 210 222 225 275 325 328 416 475 583 607 633 743 774 885 1106 1199 1258 1432 1535 1692 1728 2028 2152 2302 2414 2593 2685 2894 2924 2973 3094 2994 3058 2965 2921 2826 2647 2567 2335 2211 2059 1963 1702 1567 1373 1155 1078 999 799 810 628 567 490 431 395 313 291 253 211 178 163 139 119 103 86 83 73 54 49 36 30 33 32 17 26 11 8 12 7 16 9 7 4 5 2 1 4 3 4 1 2 1 0 2 1 1 0 1 0 0 0 0 1 0 0 0 1 0 0 0 0 0 0 0 0 0 0 
1 0 0 0 0 0 0 0 1 0 0 0 0 0 0 0 1 0 0 0 0 0 0 1 0 0 0 0 0 0 1 1 0 0 0 0 0 0 0 0 0 0 0 0 
1 0 0 0 0 0 1 0 0 0 1 1 0 0 0 1 0 0 0 0 2 1 1 0 0 0 0 2 1 2 3 0 2 2 1 0 0 2 4 6 4 8 4 4 6 7 9 9 8 13 10 17 8 19 22 17 19 18 23 29 53 35 39 51 59 55 71 70 84 100 138 132 148 156 168 225 237 259 348 368 406 444 474 558 617 662 743 847 1040 1105 1129 1369 1395 1599 1663 1911 2080 2208 2281 2559 2618 2783 2888 2898 3019 3063 3124 3141 2993 2956 2739 2604 2528 2291 2151 2037 1726 1648 1511 1213 1155 1033 922 822 712 585 530 455 402 335 329 249 206 202 167 150 121 95 103 86 69 50 42 28 30 34 23 23 22 5 20 15 13 8 7 3 4 3 2 4 1 0 1 1 1 2 0 0 1 0 1 2 0 0 0 0 0 0 0 0 0 1 0 0 0 0 1 0 0 0 0 0 0 0 0 
1 0 0 0 0 0 0 0 0 
1 0 0 0 0 1 2 1 1 2 3 4 5 4 2 3 3 13 9 6 9 11 11 7 18 18 14 24 25 31 22 26 35 48 44 53 56 57 76 91 95 124 128 136 155 187 225 228 285 311 373 410 484 468 572 620 781 749 876 973 1077 1218 1381 1458 1596 1745 1920 2110 2214 2254 2586 2651 2795 2864 3015 3053 3039 3041 3018 2893 2931 2709 2721 2525 2269 2128 1933 1792 1604 1395 1281 1224 1053 868 816 649 564 518 448 377 349 305 237 227 178 155 146 124 119 99 73 62 63 53 38 21 32 33 30 12 14 18 12 8 5 9 6 5 3 3 4 3 3 2 2 2 1 0 1 4 2 0 0 1 0 0 1 0 1 0 0 0 0 0 0 0 0 0 0 0 
1 0 0 1 0 0 2 0 0 0 1 0 2 0 1 1 2 0 0 5 4 6 2 4 2 8 8 7 8 9 15 13 18 13 16 20 19 36 38 32 31 59 50 68 72 67 89 79 117 146 149 158 209 186 248 254 329 327 403 457 487 527 583 707 771 905 989 1154 1230 1352 1590 1641 1884 1929 2042 2272 2446 2660 2747 2875 3010 2950 3126 3045 3061 3039 2934 2831 2820 2520 2376 2282 2075 1845 1812 1567 1370 1241 1110 970 861 765 656 603 519 459 365 328 323 269 223 170 180 131 102 101 106 91 69 58 54 50 26 28 27 26 18 16 14 8 15 13 4 8 6 4 7 5 5 3 2 3 3 1 2 2 0 1 2 0 0 1 0 0 0 0 1 0 0 1 0 0 0 0 0 0 0 0 0 0 
1 0 0 0 0 0 1 0 1 0 0 0 
1 0 0 0 0 0 0 0 0 0 0 0 0 2 0 0 1 0 0 0 0 0 1 1 2 0 1 1 2 1 4 3 3 2 2 3 7 5 3 8 6 6 11 11 5 16 12 14 12 28 22 33 37 30 47 38 59 51 53 87 86 99 87 126 131 144 166 177 190 251 274 325 334 408 477 521 606 646 688 814 926 1023 1119 1247 1400 1526 1710 1821 1987 2094 2385 2445 2671 2794 2766 2982 3065 3115 3030 3051 2977 2924 2842 2658 2625 2423 2204 2007 1868 1761 1573 1362 1206 1052 1013 823 770 644 565 479 414 403 350 279 243 195 190 159 124 98 110 78 71 67 50 43 31 36 28 27 20 14 12 14 9 11 8 9 4 5 3 6 4 6 6 5 1 2 2 1 2 2 3 1 0 0 1 1 0 0 1 1 0 1 0 1 1 0 0 0 0 0 1 0 0 0 0 0 0 
1 0 0 0 0 0 
1 0 1 1 0 1 0 0 1 2 3 2 2 4 6 6 5 4 7 7 4 12 11 8 13 15 13 13 17 27 26 19 42 36 47 49 55 69 64 91 96 95 103 134 140 195 190 222 234 266 289 326 374 399 500 546 573 690 784 838 991 1074 1147 1324 1467 1594 1749 1870 2102 2211 2507 2506 2687 2752 2926 3026 3021 3125 3083 3092 2979 2888 2736 2631 2386 2300 2086 1985 1772 1601 1452 1213 1169 964 887 769 701 615 517 464 385 379 292 251 204 190 144 124 128 119 83 75 63 51 54 43 29 35 19 23 15 18 14 11 13 9 6 11 8 4 5 6 2 0 3 4 2 1 1 3 1 2 3 0 0 0 0 0 0 0 0 0 0 0 0 0 0 
1 0 0 0 0 0 0 0 0 1 0 1 0 0 1 0 1 1 0 2 2 0 1 0 4 0 1 4 4 4 1 2 2 4 4 5 6 7 7 6 10 14 7 17 18 10 24 29 25 30 34 40 36 57 69 70 64 88 109 122 157 145 158 186 210 248 265 320 326 389 449 503 598 570 686 766 855 987 1069 1174 1327 1441 1590 1702 1861 2088 2276 2418 2421 2571 2812 2949 2884 3004 3037 3044 3065 2821 2856 2768 2663 2504 2328 2113 1951 1833 1628 1524 1342 1160 1039 927 752 766 642 570 479 415 354 309 250 225 196 189 132 123 97 92 93 63 62 65 43 33 43 26 28 22 22 14 14 10 11 10 8 8 4 10 7 8 2 5 3 1 3 2 2 1 2 1 0 0 0 1 2 1 0 0 0 0 0 0 1 0 0 1 0 0 0 0 1 0 0 0 0 1 0 0 0 0 0 0 0 0 
1 0 0 0 0 0 0 2 1 0 2 3 2 5 6 3 5 3 2 6 10 11 7 12 11 11 15 18 13 21 25 30 34 35 50 56 58 63 79 79 82 128 115 154 176 162 199 254 246 344 347 390 471 516 512 589 738 755 860 979 1069 1188 1334 1444 1606 1792 1919 2056 2310 2376 2556 2608 2839 2880 2932 3049 3044 3146 2958 2977 2826 2776 2650 2556 2309 2084 1906 1810 1651 1431 1332 1145 1019 927 747 695 658 525 423 403 351 301 249 239 181 206 122 126 111 98 86 79 44 46 56 42 31 34 25 19 17 12 18 10 6 9 4 8 4 3 8 3 3 1 5 0 0 4 0 2 1 2 0 1 1 1 2 1 0 0 0 2 0 0 0 0 0 0 1 0 0 0 0 0 0 0 
1 0 0 0 0 0 1 1 1 0 1 0 0 2 3 1 1 1 4 3 2 2 3 7 3 5 7 6 11 5 12 15 15 13 24 34 19 24 30 28 37 44 50 42 71 62 79 79 116 119 147 149 177 191 214 216 284 350 339 408 434 454 577 590 765 816 888 954 1181 1305 1357 1570 1567 1744 2030 2110 2264 2449 2664 2761 2827 3013 3028 3083 3108 3094 2851 2874 2873 2786 2617 2459 2231 2004 1979 1663 1570 1401 1298 1084 960 874 789 703 580 496 423 372 310 263 228 200 203 158 112 118 100 97 59 55 64 53 44 31 23 32 24 13 14 8 16 7 10 5 8 5 3 5 1 9 2 2 2 0 3 2 2 1 1 0 1 0 0 0 1 0 0 0 0 0 1 0 0 0 0 0 0 0 0 0 0 
1 0 0 0 0 0 0 1 1 0 2 2 1 1 0 0 0 2 5 1 2 1 3 3 5 5 5 4 2 5 11 13 9 16 19 14 18 30 32 36 28 46 52 78 58 57 92 118 116 133 136 148 198 217 253 269 339 378 433 458 537 595 695 720 852 869 1031 1192 1226 1413 1550 1723 1895 2060 2102 2235 2470 2612 2779 2869 3011 2982 3054 3043 3143 3022 2969 2796 2735 2569 2383 2209 2062 1877 1678 1600 1431 1203 1098 966 847 682 648 567 473 383 355 291 291 234 211 156 160 128 116 106 88 57 63 52 45 43 33 22 27 17 18 17 18 14 5 9 7 7 6 7 1 5 3 4 3 3 2 0 1 1 0 0 0 2 1 2 0 0 0 0 0 0 0 1 1 0 0 1 0 0 0 0 0 0 0 0 
1 0 0 0 2 1 0 2 2 2 1 0 2 3 4 2 4 3 7 3 2 5 3 9 5 11 8 10 12 8 13 21 26 26 20 34 21 38 37 41 56 56 62 63 95 112 106 128 139 171 162 220 263 254 310 338 377 458 501 520 631 722 789 906 887 1052 1152 1347 1407 1591 1743 1884 2051 2174 2386 2478 2714 2690 2758 2863 3036 3023 3035 3001 2989 2824 2772 2567 2540 2369 2199 2013 1826 1644 1457 1372 1183 1073 880 808 720 630 543 463 428 347 307 264 227 212 192 138 117 112 109 79 79 68 63 60 37 32 35 21 21 23 20 10 8 6 9 9 5 6 6 1 1 4 2 3 2 1 2 1 0 1 3 1 0 0 0 0 1 0 0 0 1 0 0 0 0 1 0 0 0 0 0 0 0 0 0 
1 0 0 0 0 0 1 1 0 0 1 0 1 1 1 1 3 2 0 1 1 1 7 0 3 2 5 4 4 4 11 10 7 9 11 10 9 13 17 18 17 16 24 30 27 32 43 45 66 65 66 72 80 84 115 115 158 157 187 200 238 271 337 313 353 445 463 603 608 724 806 864 980 1074 1181 1315 1458 1534 1728 1905 2038 2260 2286 2538 2659 2857 2934 2924 3099 3030 3039 3105 3028 2855 2843 2612 2485 2383 2215 1980 1738 1666 1412 1280 1154 1058 864 778 690 607 540 453 373 349 310 249 240 207 181 167 118 102 79 75 79 49 53 44 34 33 20 21 19 19 16 12 12 4 8 4 6 5 5 4 4 2 4 2 1 6 0 1 0 4 3 1 0 0 0 0 0 1 1 0 0 0 0 0 0 0 0 0 
1 0 0 0 0 0 0 0 1 0 1 1 0 2 5 2 1 3 3 6 2 7 9 11 6 5 10 13 8 15 20 20 20 20 30 35 43 56 64 58 77 91 104 103 127 130 133 180 205 227 231 273 317 400 400 455 526 576 682 719 836 889 1036 1109 1214 1382 1516 1739 1808 1945 2070 2301 2476 2624 2835 2926 2947 2998 3132 3056 3134 2999 2887 2920 2609 2595 2312 2288 2102 1835 1739 1504 1280 1251 1084 950 879 746 649 583 468 408 388 300 281 245 218 196 127 128 124 105 85 87 72 44 38 47 28 35 36 28 23 6 12 14 6 8 3 6 5 4 4 2 2 2 1 6 0 2 3 1 1 1 0 0 1 1 1 0 0 1 0 1 0 0 1 1 0 0 0 0 0 0 0 0 
1 0 0 0 0 
1 0 0 1 0 2 0 1 0 0 0 0 0 0 2 4 0 0 0 4 2 5 4 2 3 6 6 3 3 8 12 10 10 15 14 16 34 14 28 37 39 31 43 53 56 62 80 88 102 112 87 129 147 173 238 233 251 293 306 392 414 472 538 604 682 754 822 899 1090 1208 1350 1407 1543 1714 1860 2045 2148 2382 2547 2735 2764 2801 3037 3072 3058 3000 3090 2962 2934 2873 2737 2422 2360 2132 2009 1833 1657 1502 1341 1185 1041 944 803 691 574 541 468 408 383 290 284 244 192 181 142 128 98 85 85 64 63 50 47 51 23 20 19 21 16 12 19 14 10 12 3 5 4 3 5 3 7 2 2 2 1 0 1 2 0 1 0 0 0 0 0 0 0 0 0 0 0 0 
1 0 0 1 0 0 0 0 
1 0 0 0 0 0 0 0 0 2 2 2 3 1 0 3 2 6 1 4 9 8 6 8 9 6 14 9 17 15 26 25 22 23 25 42 41 42 47 49 73 82 93 94 98 137 132 180 206 195 249 278 290 345 397 411 491 557 648 684 793 853 963 1109 1202 1360 1464 1606 1744 1942 2160 2240 2467 2601 2681 2806 2865 2972 3119 3105 3018 3067 3075 2827 2779 2587 2379 2293 2150 1955 1761 1635 1416 1194 1090 952 859 808 683 569 503 457 353 340 284 259 238 201 190 139 119 87 96 90 75 49 53 39 23 32 28 22 16 14 21 10 5 8 5 7 7 3 3 1 0 2 2 2 2 3 2 3 0 0 1 1 0 0 0 0 0 0 0 0 0 0 0 
1 0 0 0 0 1 2 1 0 1 3 1 3 3 2 3 3 5 10 4 10 14 11 11 22 23 17 17 21 27 37 35 37 50 57 64 65 75 94 93 103 112 152 154 179 185 218 252 289 344 380 393 526 555 609 695 687 863 979 998 1114 1262 1420 1580 1725 1904 1998 2078 2321 2465 2653 2750 2830 2848 2976 3031 3116 3020 3049 2931 2839 2679 2503 2470 2241 2046 1810 1737 1496 1326 1127 1094 949 851 686 662 580 485 420 335 299 253 260 159 182 149 113 99 105 92 63 54 47 36 48 42 32 36 12 21 22 21 12 16 13 7 3 7 5 5 8 2 3 8 3 1 1 2 3 1 0 0 1 0 0 0 1 0 0 0 0 0 0 
1 0 0 0 0 1 0 0 0 0 1 1 1 2 0 1 2 0 3 0 1 2 3 5 2 5 5 2 3 4 2 7 9 5 10 5 18 16 16 18 21 17 33 28 47 45 50 56 56 68 93 93 108 133 119 155 179 204 208 240 273 314 330 417 461 528 591 684 723 842 908 1058 1152 1310 1450 1579 1731 1857 1982 2184 2300 2420 2720 2670 2868 2971 3084 3156 3085 3063 2950 2897 2835 2739 2474 2443 2167 1994 1842 1646 1557 1338 1208 1015 959 812 716 606 531 495 411 361 339 252 221 188 162 146 118 109 98 90 72 59 51 47 29 31 27 24 18 21 21 12 14 12 5 8 10 10 4 3 7 4 0 3 1 2 1 2 1 1 1 0 2 0 1 0 0 0 0 0 0 0 1 0 0 0 0 0 0 0 0 0 1 0 0 0 0 0 0 0 0 0 
1 0 0 0 0 0 1 0 1 0 0 0 0 1 0 1 0 0 0 2 0 1 1 0 0 1 0 2 1 3 0 0 2 5 0 2 4 1 2 2 5 7 7 3 10 7 5 8 11 12 18 20 13 29 24 42 39 38 44 48 53 63 74 90 94 114 140 136 158 184 204 253 251 307 348 366 444 541 581 641 706 778 919 1010 1130 1253 1311 1452 1584 1802 1997 2160 2312 2470 2601 2642 2824 2897 3096 3042 3109 3092 3061 2967 2852 2715 2625 2485 2229 2082 1951 1652 1540 1389 1213 1138 990 875 760 667 588 469 436 375 321 281 255 238 182 155 121 131 104 92 82 68 72 53 52 43 35 32 26 35 16 14 20 10 9 9 8 10 9 6 1 3 4 4 1 1 0 1 1 1 1 1 2 0 2 0 0 1 1 0 0 1 1 0 0 0 0 0 0 0 1 0 0 0 0 0 0 0 0 0 0 0 
1 0 0 0 0 0 0 1 0 0 0 0 0 1 2 0 3 2 2 1 2 0 5 4 3 4 5 8 3 6 7 8 10 8 14 16 21 12 14 15 25 23 38 30 37 38 41 64 64 78 92 98 97 125 149 167 190 194 229 258 337 328 412 445 479 548 627 663 803 845 937 1112 1166 1358 1408 1594 1720 1808 1980 2256 2336 2489 2636 2736 2763 2908 3033 3011 3120 3000 2999 2864 2765 2551 2576 2373 2228 2013 1885 1676 1533 1327 1195 1056 965 833 756 620 536 457 411 318 335 264 237 199 151 147 113 98 85 87 81 58 58 45 33 34 29 22 19 13 18 19 12 15 11 7 4 4 6 2 2 1 3 1 0 0 1 0 1 1 0 0 0 0 0 0 0 0 0 0 
1 0 0 0 0 0 0 0 1 1 2 0 1 4 4 6 2 4 9 3 3 9 6 8 9 13 15 13 14 11 32 28 24 31 40 47 54 49 62 52 88 94 101 129 145 159 161 178 226 235 260 363 361 430 469 491 588 600 762 833 952 1012 1171 1261 1460 1548 1654 1770 2023 2224 2459 2447 2731 2814 2910 2964 3016 3034 3143 3092 2996 3037 2887 2725 2596 2402 2078 2052 1941 1717 1540 1310 1241 1067 914 791 694 620 541 482 420 360 324 257 233 199 183 144 131 114 81 94 79 67 49 40 50 40 23 17 14 21 9 14 11 10 11 7 7 3 7 4 2 3 4 1 2 3 2 1 1 1 2 0 1 1 0 0 0 0 1 0 0 0 0 0 0 0 0 0 0 0 
1 0 0 0 0 0 0 1 0 0 1 0 1 0 0 0 1 0 0 0 0 0 0 0 
1 0 0 0 0 0 1 0 1 0 0 0 0 0 0 0 0 0 1 1 0 0 0 0 1 1 1 2 1 2 3 2 3 1 5 5 3 5 7 4 9 10 10 12 16 22 23 14 17 33 20 32 51 40 42 56 63 70 89 88 96 95 113 132 179 168 205 251 263 263 338 407 401 457 516 588 685 735 821 882 1099 1140 1307 1423 1512 1704 1853 2005 2247 2348 2517 2709 2750 2798 2810 3028 3244 3127 2999 3024 2883 2912 2740 2576 2427 2228 1965 1733 1661 1476 1366 1210 1054 915 804 767 642 511 457 424 335 323 244 214 180 166 146 128 110 89 74 69 56 47 42 35 34 31 27 15 18 12 13 7 10 8 5 4 7 6 4 2 1 1 1 1 0 2 4 1 0 0 0 0 0 0 1 0 0 0 0 0 0 0 0 0 0 0 0 
1 1 0 0 0 0 2 0 0 0 1 1 1 1 1 2 0 3 1 2 4 1 1 4 2 3 1 4 8 6 3 9 4 10 10 19 15 19 28 19 14 23 39 46 42 49 57 61 71 96 97 119 131 131 176 194 226 241 252 300 353 391 480 514 576 685 744 816 971 1053 1169 1183 1389 1578 1718 1799 1926 2085 2337 2377 2545 2692 2846 2942 3040 3021 3079 2951 3043 2960 2892 2783 2505 2433 2194 2045 1970 1748 1498 1424 1260 1073 950 897 713 667 589 543 439 395 344 287 254 239 195 134 133 102 103 76 69 67 54 43 49 35 29 37 17 24 9 11 19 14 8 5 8 5 3 5 1 7 3 3 1 0 4 2 1 1 1 2 0 0 0 0 0 0 0 1 1 0 0 0 0 0 0 
1 0 1 1 0 0 2 0 0 0 0 2 2 4 2 0 1 0 1 2 1 4 2 4 1 1 4 6 3 4 4 3 4 3 16 9 13 11 7 19 15 28 31 26 26 37 46 47 44 53 79 72 84 105 112 115 123 165 173 215 210 233 262 318 380 440 500 524 577 659 741 784 912 1004 1138 1227 1383 1507 1682 1832 1910 2126 2306 2481 2605 2774 2754 2810 3047 3054 3084 2934 3013 2979 2848 2722 2547 2342 2287 2162 1978 1733 1594 1377 1235 1065 1001 869 795 659 562 476 434 354 272 282 221 207 161 151 117 131 110 87 62 48 49 53 46 37 27 29 17 22 15 16 9 10 7 3 4 6 0 1 0 3 3 2 0 4 0 1 1 0 2 0 0 0 0 0 0 1 0 0 0 1 0 0 0 0 0 0 0 0 0 0 0 0 0 0 
1 0 0 0 0 0 0 0 1 0 0 0 0 0 0 0 1 0 0 1 1 0 0 0 1 1 1 1 0 2 1 1 3 4 0 3 2 0 2 6 2 2 11 11 12 8 10 9 11 19 17 19 22 27 30 36 47 36 49 64 54 66 86 95 93 125 147 140 182 175 208 245 285 332 374 389 464 508 598 687 741 805 939 1051 1146 1309 1442 1542 1673 1866 2050 2224 2303 2509 2593 2703 2940 2885 2978 3086 3148 3020 2996 2826 2879 2568 2492 2337 2184 2123 1767 1702 1546 1401 1195 1025 935 852 713 651 538 512 401 377 322 303 238 202 188 151 155 104 94 78 87 62 49 52 44 33 36 25 24 22 7 14 12 11 7 8 9 6 4 8 1 5 2 2 1 0 0 0 1 2 1 0 1 0 0 0 0 1 0 0 0 0 0 0 0 0 0 0 
1 0 0 0 0 0 0 0 0 0 0 0 
1 0 0 0 1 0 1 1 1 0 0 0 0 2 3 3 2 2 3 2 2 2 1 6 5 7 4 1 8 7 10 8 5 14 15 15 18 25 26 24 25 38 37 48 42 50 62 65 83 88 105 122 126 139 164 177 213 259 274 302 326 353 421 492 555 594 704 838 880 988 1001 1214 1331 1475 1611 1759 1946 2131 2249 2400 2501 2640 2970 3073 3011 3054 3167 3039 3088 2942 2972 2787 2579 2485 2309 2112 1875 1847 1547 1439 1234 1148 1009 857 787 633 542 532 415 374 340 311 239 216 215 154 134 119 105 102 85 51 68 57 30 29 29 25 19 29 13 20 18 12 6 6 9 6 4 6 5 6 7 3 1 2 2 0 3 3 1 1 1 0 0 1 1 0 0 0 0 0 0 0 0 0 0 0 0 
1 0 0 0 0 0 1 0 0 3 2 1 1 3 3 1 3 3 4 3 3 3 4 4 12 9 8 8 10 12 10 25 18 17 13 19 26 41 23 44 47 48 50 67 71 76 95 95 100 146 151 159 136 216 246 290 302 309 363 433 432 501 585 687 759 797 969 1037 1197 1278 1309 1573 1679 1851 2107 2145 2280 2393 2621 2663 2805 2936 3008 3129 3005 2991 2926 2875 2799 2672 2578 2407 2197 1943 1834 1645 1525 1453 1217 1127 959 871 739 669 534 501 441 379 336 287 238 219 198 158 154 131 107 104 66 50 50 52 49 38 36 26 15 22 15 18 7 9 11 9 11 6 4 10 1 5 2 4 4 4 2 1 1 1 4 2 1 0 0 0 2 0 1 1 0 0 0 0 0 0 0 1 0 0 0 0 0 0 0 1 0 0 0 0 0 0 0 
1 0 0 0 0 1 0 0 0 0 1 0 0 0 0 1 0 0 0 0 0 1 0 1 0 0 1 0 0 1 0 0 2 3 1 2 3 2 3 2 2 4 3 6 3 4 10 2 4 7 7 14 13 6 12 16 29 17 18 30 28 44 34 49 45 61 57 84 97 94 113 128 152 178 204 228 239 256 332 323 410 432 456 526 624 697 768 820 971 1125 1149 1300 1513 1543 1755 1945 2019 2196 2277 2529 2717 2744 2949 2916 3021 3050 3076 3059 3073 2876 2763 2610 2493 2289 2150 1964 1737 1722 1390 1364 1205 1061 857 769 653 624 524 473 428 340 313 254 250 190 171 135 124 117 90 77 70 74 42 42 37 41 38 22 13 19 18 13 9 8 6 11 3 4 6 4 2 3 5 2 2 0 0 1 0 0 1 2 0 0 0 1 0 0 1 1 0 0 0 0 0 0 0 0 0 
1 0 0 0 0 0 2 1 0 1 2 2 1 2 0 2 6 1 6 7 2 5 1 6 8 8 12 10 15 15 23 22 25 31 33 38 37 57 59 66 58 75 87 99 120 137 132 165 209 214 226 257 330 345 390 430 480 552 659 713 825 887 1027 1147 1261 1339 1452 1702 1765 2010 2148 2284 2433 2690 2738 2804 2956 3081 3023 3121 3056 3114 2960 2899 2696 2568 2424 2248 2076 1892 1730 1519 1375 1272 1095 929 891 794 661 590 495 440 361 326 288 228 223 169 155 137 107 94 80 75 58 54 52 40 39 27 27 20 18 17 15 12 18 7 9 5 5 6 4 5 3 1 1 2 2 2 1 6 0 1 1 0 1 1 0 0 0 1 1 0 0 0 0 0 0 0 0 0 0 0 
1 0 0 0 0 0 0 1 0 1 0 0 0 0 2 1 0 1 0 0 1 0 4 1 2 1 2 1 3 3 2 5 2 3 6 6 7 6 9 5 9 8 17 11 21 14 17 29 21 33 29 44 41 50 54 78 78 88 93 97 111 137 154 175 201 256 284 287 328 361 403 498 554 571 669 773 790 924 1036 1114 1247 1406 1517 1694 1836 1886 2146 2236 2519 2642 2738 2851 2817 3114 2970 2986 3025 2938 2909 2845 2634 2453 2409 2113 2076 1967 1689 1546 1444 1211 1106 978 789 733 704 570 523 430 344 325 274 278 220 204 156 141 129 104 86 76 66 60 49 51 35 35 21 30 28 25 18 11 10 10 9 8 4 3 5 6 5 3 2 5 2 5 3 3 0 1 0 0 0 0 0 1 0 0 0 0 0 0 0 0 0 0 
1 0 0 0 0 1 0 0 0 1 1 0 0 0 0 3 1 1 5 2 2 2 3 4 7 4 4 7 5 8 10 8 11 16 14 16 16 25 22 24 34 30 34 35 37 50 46 57 69 73 90 116 98 126 144 170 189 223 242 323 308 358 431 489 512 597 605 750 868 906 1029 1201 1316 1388 1461 1666 1737 2000 2125 2314 2402 2679 2632 2840 2859 2981 3069 2980 3067 3030 2989 2805 2647 2647 2370 2237 2147 1869 1729 1567 1413 1226 1041 976 836 789 634 550 503 397 386 323 302 250 226 199 120 142 114 111 88 69 72 45 44 35 36 26 29 25 22 10 10 13 12 6 11 7 8 3 5 6 3 2 2 0 3 4 1 1 0 0 1 0 2 0 0 0 0 0 0 1 0 0 0 0 0 0 0 0 0 
1 0 0 0 0 0 2 0 0 1 2 0 0 1 3 4 2 0 3 5 4 7 3 8 4 12 6 11 11 5 15 22 22 21 30 30 23 37 40 52 43 72 69 81 93 95 109 132 156 194 175 208 225 315 317 380 416 453 470 543 640 713 793 871 984 1132 1257 1315 1430 1660 1745 2019 2140 2300 2403 2491 2769 2815 2969 2942 3067 3061 3069 2974 2986 2993 2744 2536 2387 2333 2104 1937 1701 1658 1384 1237 1119 993 864 771 658 543 508 420 396 316 297 242 236 166 138 149 104 94 82 72 47 49 49 43 33 30 29 17 24 22 16 10 10 3 7 7 8 3 4 2 3 3 4 3 2 1 2 0 1 0 0 1 0 0 1 0 0 1 0 0 0 0 0 0 0 0 0 0 
1 0 0 0 0 0 0 1 0 0 1 0 3 1 0 0 1 0 0 0 2 1 1 0 2 0 2 1 0 4 3 2 2 2 3 1 11 8 4 5 7 7 10 14 17 20 26 26 23 39 40 36 47 40 60 69 60 102 86 106 129 131 151 191 203 218 235 274 331 364 409 446 556 578 620 789 786 872 1007 1119 1286 1443 1503 1591 1781 1955 2107 2324 2421 2600 2783 2836 2863 2995 3052 3022 3076 2968 2942 2871 2660 2618 2373 2223 2135 1871 1709 1594 1344 1248 1089 964 870 736 654 564 499 415 339 324 281 242 244 188 157 135 100 96 80 94 65 67 46 49 35 20 27 18 24 11 14 23 6 7 2 3 11 6 1 2 2 2 1 2 0 2 0 2 0 3 0 1 0 1 0 1 1 0 0 0 0 0 0 0 0 
1 0 0 1 0 0 1 0 0 0 2 1 2 1 1 3 0 2 2 2 3 2 2 3 3 4 3 3 4 2 4 16 7 10 9 13 15 14 24 18 26 30 31 44 41 57 53 62 87 67 108 126 124 139 156 194 179 288 276 291 353 382 432 496 600 611 745 784 920 923 1095 1216 1365 1508 1667 1745 1944 2050 2247 2356 2504 2632 2776 2784 2953 3078 3087 3043 2990 2781 2842 2767 2596 2480 2411 2020 1922 1732 1595 1461 1309 1113 1105 930 760 642 627 510 472 398 335 305 277 237 199 188 121 123 107 81 103 69 55 47 50 40 36 30 20 23 22 16 19 15 8 15 9 11 7 2 6 4 1 1 3 2 0 2 1 0 0 1 2 0 0 0 1 0 0 0 0 1 0 0 0 0 0 0 0 0 0 0 0 
1 0 0 0 0 0 0 0 0 1 0 0 0 0 0 0 0 
1 0 0 0 0 1 1 1 2 0 1 0 0 1 2 0 1 0 3 6 2 1 0 1 5 4 2 3 7 5 1 5 4 5 8 7 14 9 15 12 15 17 29 26 21 31 41 44 53 57 62 57 89 86 129 132 119 150 185 198 211 255 301 310 375 407 473 499 595 646 739 803 941 1040 1066 1248 1352 1536 1614 1788 1996 2143 2310 2491 2580 2616 2842 2846 3010 3062 3151 3030 3084 2980 2898 2727 2544 2379 2271 2075 1920 1728 1562 1355 1236 1119 1013 851 777 665 563 522 417 383 329 293 266 187 179 162 108 139 95 103 55 53 49 52 38 26 32 22 20 20 14 14 13 10 10 5 9 10 2 5 2 1 0 6 1 2 0 4 3 0 1 1 0 0 0 1 0 0 0 0 0 0 0 1 0 0 0 0 0 0 0 0 1 0 0 0 0 0 0 0 0 
1 0 0 0 0 0 1 1 0 3 0 0 0 4 0 2 0 3 1 1 8 0 0 7 3 5 5 6 5 6 5 5 10 14 11 15 13 27 22 24 19 21 37 27 66 65 60 62 55 95 95 122 129 148 178 175 251 273 258 350 380 414 474 488 611 647 753 882 944 1058 1168 1310 1437 1625 1733 1872 2050 2231 2338 2482 2620 2788 2929 2952 3065 3034 3105 3003 3048 2938 2822 2710 2530 2365 2246 1888 1776 1674 1523 1304 1192 1050 946 724 715 590 523 507 386 311 301 270 224 196 170 146 112 119 96 64 70 53 58 30 43 26 35 27 25 22 21 13 10 9 10 6 2 5 8 7 5 3 1 0 2 2 1 0 0 0 0 1 1 0 1 0 0 1 0 0 0 0 0 0 0 0 0 0 0 0 0 0 
1 0 0 0 0 0 2 0 0 1 2 2 0 0 1 0 2 2 4 3 3 1 3 6 5 4 7 7 7 10 12 16 16 17 14 26 17 18 27 34 42 32 42 51 71 69 72 100 133 122 161 152 172 182 254 279 319 336 369 439 493 538 630 650 782 871 959 1049 1111 1279 1474 1603 1739 1829 1975 2238 2335 2518 2643 2886 2907 3045 3038 3091 3129 3076 2894 2956 2816 2717 2539 2327 2155 1914 1835 1651 1467 1384 1206 1017 868 762 738 615 549 462 393 337 287 254 223 193 175 138 129 108 90 82 46 63 64 45 36 28 30 23 16 23 16 16 14 7 8 9 6 6 4 3 3 3 2 1 1 2 0 0 3 0 0 0 0 0 0 0 0 1 0 0 0 0 0 0 0 0 0 
1 0 0 0 0 0 0 0 
1 0 0 1 0 0 2 0 0 0 0 2 2 1 0 2 2 2 3 2 4 4 6 4 7 2 8 7 12 7 16 12 16 16 17 25 20 24 30 33 35 49 43 50 62 79 71 88 88 104 122 148 158 184 203 239 260 282 335 393 444 474 542 625 665 794 885 1000 1114 1185 1285 1528 1610 1767 1951 2108 2234 2400 2620 2655 2827 2900 2965 3071 3098 3151 3094 3022 2882 2774 2637 2501 2268 2219 1883 1784 1622 1441 1236 1140 945 857 764 651 598 468 445 402 327 296 233 199 177 156 129 121 102 85 82 65 49 45 34 34 40 15 26 11 15 12 10 7 7 9 5 3 9 4 2 3 1 5 2 2 2 1 2 1 1 1 1 0 0 2 1 0 0 0 0 1 1 0 0 0 0 0 0 0 0 0 0 0 0 0 
1 0 0 0 0 0 0 0 0 1 0 0 0 0 
1 0 0 0 0 0 0 1 0 1 0 0 0 0 0 0 0 1 2 2 0 0 0 0 1 0 1 3 2 5 0 2 5 0 5 2 9 10 8 15 12 16 20 10 11 23 31 39 37 40 49 67 61 74 63 95 96 114 139 137 154 165 204 232 298 304 319 394 387 460 556 623 656 759 891 1004 1082 1182 1332 1422 1599 1744 1904 2067 2239 2442 2595 2688 2677 2973 3027 3159 3088 3089 3056 2963 2845 2740 2622 2521 2313 2147 1964 1821 1544 1429 1297 1181 1027 905 803 723 596 556 462 411 337 270 262 222 198 158 139 115 116 95 71 79 57 48 47 31 37 22 21 27 21 11 14 11 8 7 5 6 5 6 4 4 3 1 0 0 0 2 0 0 0 0 0 1 1 0 0 0 0 0 0 0 
1 0 0 0 0 0 0 0 
1 0 0 0 1 1 0 1 0 1 1 1 1 0 1 4 5 6 3 1 5 2 2 1 4 8 5 10 7 5 6 13 13 15 19 23 9 16 27 31 30 31 48 54 55 61 53 81 80 95 109 129 145 190 187 224 232 305 291 342 389 487 498 580 606 726 833 945 1027 1080 1215 1326 1440 1599 1856 1992 2112 2394 2371 2612 2609 2805 2975 3074 3094 3158 3168 3028 2999 2857 2786 2549 2407 2240 2077 1920 1769 1562 1412 1186 1129 1007 841 775 681 581 501 427 350 352 289 253 194 192 149 137 130 99 74 92 62 58 45 35 33 31 25 14 21 17 8 19 7 6 9 7 3 5 2 7 0 3 2 3 1 3 1 1 0 0 0 2 1 0 0 0 0 0 0 0 0 0 
1 0 0 0 0 1 1 0 0 0 0 2 0 1 1 0 0 3 0 1 2 1 1 2 2 6 6 3 5 6 6 8 10 10 11 15 8 19 23 20 24 22 32 39 39 48 51 65 63 76 104 99 131 144 151 160 208 210 281 323 337 405 408 524 570 609 657 802 837 1037 1069 1180 1322 1477 1604 1748 1843 2159 2307 2453 2423 2713 2780 2920 3083 3005 3065 3140 3011 3021 2910 2818 2627 2415 2314 2087 1969 1789 1643 1474 1273 1111 964 909 801 664 612 502 437 380 351 275 240 219 192 151 124 114 107 83 82 74 51 47 33 25 28 30 21 9 16 12 9 10 10 3 6 3 4 4 3 3 1 3 1 0 2 1 0 1 0 0 0 0 0 0 0 0 0 0 0 0 
1 0 0 0 0 0 0 0 0 1 2 0 0 0 3 2 2 5 3 1 4 8 1 3 5 6 5 12 5 8 14 9 13 15 10 14 21 29 33 20 35 30 39 40 53 54 66 77 86 99 123 122 135 162 190 238 217 252 323 355 414 457 489 541 622 709 766 869 955 1102 1209 1400 1483 1555 1736 1889 2039 2186 2497 2525 2676 2894 2928 3025 3008 3056 3136 3024 2941 2881 2770 2648 2433 2254 2126 2051 1784 1525 1411 1299 1166 1021 896 795 714 574 560 461 381 347 313 266 205 217 178 157 136 104 81 80 80 61 48 39 38 31 25 22 24 17 18 16 7 4 11 14 5 5 2 4 4 3 3 0 3 1 1 3 0 0 1 1 0 0 0 0 0 0 0 0 0 1 0 0 0 0 0 0 
1 0 1 0 0 0 0 0 0 0 0 0 0 0 0 2 0 0 0 0 0 1 0 0 0 0 1 0 0 1 1 0 0 1 1 4 4 0 3 1 2 3 4 6 3 3 17 10 4 7 18 14 13 17 18 27 38 35 24 47 52 50 58 80 77 88 96 72 120 138 139 178 170 234 256 303 304 372 416 448 506 596 660 725 806 969 999 1105 1144 1366 1494 1605 1828 1929 2174 2300 2429 2581 2735 2777 2986 2897 3044 3060 3080 3061 2909 2872 2704 2519 2491 2252 2121 1818 1706 1594 1387 1253 1114 1008 873 754 668 594 503 472 358 332 295 241 224 223 160 138 123 95 74 64 70 62 49 39 26 27 23 16 13 17 10 12 15 12 9 3 10 10 1 7 3 8 2 3 2 1 3 3 0 2 0 0 0 1 0 1 0 0 0 0 1 0 0 0 0 0 0 0 0 0 1 0 0 0 0 0 0 0 0 0 0 
1 0 0 0 0 
1 0 0 0 0 1 1 2 0 0 0 0 1 0 1 1 3 3 4 2 3 2 2 6 10 9 9 7 5 5 10 11 17 16 24 16 22 25 33 30 48 53 49 49 64 72 73 100 103 102 149 159 169 180 207 274 302 319 413 394 447 521 597 699 843 866 933 1130 1237 1377 1473 1608 1763 1975 1991 2295 2376 2503 2635 2947 2998 2900 3063 3020 3042 3029 2977 2908 2818 2638 2473 2403 2205 2041 1776 1636 1465 1275 1160 1006 896 779 693 576 517 444 373 349 293 269 200 177 170 151 145 111 100 84 70 48 58 47 41 33 21 30 13 15 11 10 8 13 6 9 4 7 8 4 1 5 1 4 5 1 1 1 0 4 1 0 1 1 1 1 0 1 1 0 1 0 0 1 0 2 0 0 1 0 1 0 0 0 0 0 0 0 0 
1 0 0 0 0 0 0 0 0 
1 0 0 0 0 0 0 0 0 0 1 0 0 0 0 1 0 0 1 0 0 0 0 0 1 0 0 0 1 0 2 0 3 2 0 0 1 0 2 0 2 0 1 0 3 1 1 4 5 4 3 8 4 7 12 7 10 8 7 15 15 21 12 27 24 23 26 30 40 46 45 47 62 77 87 87 106 105 131 155 175 204 223 235 261 293 368 419 492 494 591 615 735 798 918 1042 1168 1278 1415 1508 1700 1841 1930 2207 2327 2445 2585 2768 2892 2909 3083 3061 2961 3015 2998 2921 2798 2646 2618 2392 2201 2087 1897 1692 1566 1392 1243 1119 988 839 717 635 572 472 411 358 331 278 230 188 162 151 124 119 89 76 83 71 58 53 39 41 27 28 27 21 15 10 14 9 9 6 4 4 6 3 2 1 1 0 2 1 0 0 0 1 0 0 0 0 0 0 0 0 0 0 
1 0 0 0 0 0 0 2 0 0 1 0 0 0 1 3 1 1 0 2 2 1 2 3 3 4 4 6 6 6 6 7 6 7 12 4 12 16 17 15 19 24 15 31 33 41 34 38 56 47 77 63 79 91 93 106 127 147 169 159 225 262 276 329 336 386 470 484 557 666 752 798 867 1006 1159 1226 1383 1498 1609 1680 1938 2087 2248 2417 2553 2674 2841 2846 2937 2972 3172 3087 3041 2815 2885 2705 2549 2399 2243 2152 1858 1767 1550 1458 1297 1148 971 893 804 715 598 519 512 395 358 286 274 247 231 163 150 137 116 87 91 73 81 42 34 44 36 38 30 16 13 18 14 11 15 10 5 4 1 9 2 4 5 1 1 1 0 2 1 0 0 1 1 0 2 0 0 0 2 0 0 0 0 0 0 0 0 1 0 0 0 0 0 0 0 0 0 0 0 0 0 0 0 0 
1 0 0 0 0 0 1 1 0 1 0 2 2 1 1 0 1 3 2 5 3 0 5 2 2 8 8 10 8 6 8 8 10 10 18 26 20 28 20 22 38 56 42 49 59 67 81 78 94 126 117 122 172 187 186 219 261 298 356 347 393 464 511 547 689 729 799 888 1022 1136 1269 1370 1496 1671 1805 1899 2112 2253 2357 2554 2690 2750 2925 2863 3010 3092 3041 2990 2943 2903 2714 2552 2454 2285 2118 1851 1739 1576 1393 1264 1126 1008 891 795 630 612 491 473 388 331 280 246 205 164 170 121 120 96 91 87 68 61 60 39 24 32 25 27 19 17 21 19 10 18 5 5 2 5 7 4 2 3 1 1 1 1 0 3 1 1 1 1 0 0 0 0 0 0 0 0 0 0 0 0 0 0 
1 0 0 0 2 0 0 0 0 2 1 0 0 0 1 1 0 1 1 5 1 0 1 1 0 3 3 3 4 1 6 6 5 6 5 10 10 12 9 15 22 15 16 25 33 34 31 32 43 60 48 65 72 96 89 111 145 151 158 197 196 246 288 298 384 441 488 554 581 683 738 874 915 1076 1136 1296 1494 1523 1697 1932 2019 2233 2306 2548 2773 2761 2903 3007 3114 3132 3060 3141 2936 2952 2819 2609 2559 2350 2063 2045 1804 1679 1519 1327 1178 1027 950 765 721 596 540 460 425 339 332 251 252 183 163 158 157 126 77 64 85 72 45 46 35 37 32 21 20 18 18 12 16 6 10 5 6 8 7 3 1 4 3 3 2 1 0 2 0 4 2 0 1 0 0 1 0 0 0 0 0 0 0 0 
1 0 0 0 0 0 0 0 2 0 2 0 0 2 0 2 2 6 3 4 2 5 5 4 5 5 9 6 11 13 17 17 16 12 20 20 22 21 31 35 37 37 45 51 59 64 79 90 102 127 144 151 158 199 203 233 276 329 379 431 470 479 557 688 683 877 958 990 1105 1333 1397 1433 1568 1887 1965 2103 2348 2413 2607 2772 2837 2904 3032 3053 3232 3086 3003 3005 2891 2662 2606 2369 2219 2175 1863 1737 1523 1357 1226 1116 981 817 693 666 553 493 411 340 303 281 207 197 181 143 128 132 110 77 54 59 52 42 57 37 32 29 22 26 15 13 15 9 13 5 3 7 5 6 3 3 2 2 3 2 1 1 0 1 1 0 1 3 0 0 0 0 0 1 0 0 0 0 1 0 0 0 0 0 0 0 1 0 0 0 0 0 0 0 0 0 
1 0 0 0 0 1 0 1 0 0 2 1 1 0 0 1 3 3 3 3 1 9 8 5 2 6 4 8 6 9 15 11 14 16 16 21 23 34 36 34 46 47 53 61 70 69 92 114 119 148 158 148 190 217 258 317 359 349 399 441 497 591 688 720 841 888 1053 1129 1189 1382 1506 1684 1775 1998 2103 2268 2474 2595 2704 2908 2847 2895 3131 3074 2975 2956 2901 2912 2704 2621 2419 2238 2119 1905 1673 1610 1339 1163 1109 933 859 724 707 593 546 428 407 333 274 249 215 167 155 137 120 130 83 71 69 53 40 45 35 21 33 11 21 15 15 8 5 16 6 5 3 6 3 7 1 2 2 0 0 0 1 0 0 2 0 0 0 0 1 0 0 0 0 0 0 1 0 0 0 0 0 1 0 0 0 0 0 0 0 0 0 1 0 0 0 0 1 0 0 0 0 0 0 0 
1 0 0 2 0 0 1 0 0 0 0 1 3 1 0 0 0 3 0 0 1 1 1 0 0 2 2 2 0 3 3 2 5 8 3 0 2 7 12 15 10 9 12 12 19 24 15 19 28 28 51 45 37 56 51 65 79 97 117 126 122 147 154 181 197 261 311 309 337 412 471 535 576 638 704 831 883 1052 1182 1223 1400 1587 1641 1842 1985 2143 2297 2430 2711 2809 2886 2845 2971 3112 3134 3040 2976 2935 2807 2777 2557 2346 2201 2025 1914 1695 1569 1413 1286 1051 959 847 735 645 588 502 421 386 352 279 242 175 180 159 155 131 99 97 71 61 52 44 34 42 33 28 18 21 15 18 13 12 12 10 8 4 6 3 5 2 3 3 2 2 1 2 1 1 3 1 0 0 0 1 0 0 1 1 2 1 0 0 1 0 0 0 0 0 0 0 0 0 0 
1 0 0 0 0 1 0 0 0 0 0 0 0 
1 0 0 1 0 1 2 0 0 0 0 2 1 2 2 0 0 5 0 4 2 8 4 4 6 5 11 7 6 12 12 11 20 23 10 25 27 23 28 33 41 42 63 69 74 68 102 98 120 149 167 162 215 242 265 268 346 368 457 495 583 622 671 745 836 939 1068 1209 1286 1438 1615 1811 1924 2059 2212 2435 2461 2749 2799 2959 2932 2968 3063 3014 3085 2967 2830 2777 2623 2458 2289 2047 1942 1879 1621 1475 1286 1171 1012 964 816 724 575 518 500 441 353 297 279 247 216 176 144 116 114 100 103 62 64 56 43 48 35 20 27 20 17 9 15 10 9 8 9 3 5 4 2 3 3 2 1 0 2 1 1 1 1 0 0 0 0 0 0 0 0 1 0 0 0 0 0 0 0 
1 0 0 0 1 0 0 1 0 1 2 0 0 4 3 2 0 2 4 4 3 3 2 6 1 11 1 6 6 5 6 11 13 5 12 14 22 16 27 20 30 39 40 46 52 47 51 66 76 105 113 111 108 158 158 189 225 214 250 318 389 392 430 497 571 673 739 797 920 997 1096 1234 1384 1545 1621 1772 1948 2169 2266 2396 2576 2653 2859 2878 3010 3027 3110 3021 2982 2993 2844 2730 2627 2444 2209 2080 1903 1784 1524 1425 1202 1151 997 904 782 655 614 478 443 385 337 297 253 226 172 164 139 118 118 84 78 70 68 48 43 29 26 27 24 14 14 11 14 14 11 7 2 6 5 3 6 3 2 5 2 0 2 2 0 1 0 1 1 1 2 1 0 0 0 0 0 0 0 
1 0 1 2 1 0 0 0 0 3 1 1 0 0 1 2 1 0 3 1 2 1 2 1 3 6 5 3 6 9 8 6 8 8 11 17 16 19 17 15 22 28 32 42 29 38 53 49 57 70 83 92 114 100 121 141 153 194 211 232 245 279 378 386 443 444 524 627 659 747 852 1005 1112 1172 1420 1502 1651 1728 1943 2089 2144 2479 2639 2585 2850 2960 3027 3084 3026 3117 2963 2986 2880 2860 2639 2489 2331 2096 1935 1764 1572 1449 1204 1149 1027 868 789 678 573 522 454 375 326 294 242 210 181 167 150 129 88 88 69 86 33 52 28 30 29 27 15 16 8 15 16 9 7 7 7 6 2 5 4 5 2 5 0 1 0 2 0 2 1 0 0 0 0 2 0 0 0 0 0 0 0 0 0 0 
1 0 0 0 0 0 0 0 0 0 0 2 0 1 1 0 0 0 1 1 3 0 2 0 1 0 1 4 3 1 2 4 5 5 5 4 12 6 15 5 17 15 15 15 14 16 28 23 40 39 41 48 57 46 54 75 71 101 116 137 162 195 182 235 239 285 321 357 429 465 489 601 677 768 861 865 968 1055 1191 1331 1491 1628 1747 1898 2110 2262 2433 2626 2652 2774 2865 2967 2961 3143 3073 2964 2966 2675 2673 2643 2435 2174 2100 1940 1694 1556 1407 1260 1107 1017 926 776 748 619 519 478 406 337 333 267 241 203 170 156 120 113 111 76 75 50 58 52 51 21 20 33 21 20 17 10 6 10 15 8 2 4 4 10 5 4 1 0 0 2 0 1 1 1 0 0 0 0 0 1 0 0 0 0 0 0 0 0 0 0 1 0 0 0 0 0 0 0 0 0 0 
1 0 0 0 0 1 1 1 0 1 0 1 0 0 1 2 1 2 1 2 0 1 1 0 1 6 4 4 8 8 7 1 12 6 6 10 17 14 15 19 21 19 34 27 27 24 36 55 48 62 68 97 82 106 118 139 162 179 191 224 268 288 357 352 403 510 551 595 732 782 916 995 1080 1183 1322 1387 1585 1729 1994 2062 2106 2352 2608 2611 2764 2753 2921 2943 3147 3054 3021 2994 2885 2846 2661 2427 2319 2159 1950 1810 1634 1478 1339 1198 1053 932 759 708 671 541 485 418 378 321 283 236 196 182 143 140 121 77 100 61 58 50 56 26 29 38 25 19 15 28 8 6 16 6 4 4 8 6 3 2 2 2 6 3 4 1 1 2 1 0 1 2 0 0 4 1 0 2 1 1 0 0 0 0 0 0 0 0 0 0 0 0 
1 0 0 0 0 0 1 0 2 0 0 2 0 1 0 1 1 1 0 0 0 2 3 0 3 2 1 4 1 2 4 3 9 8 3 6 10 9 8 17 18 14 20 19 30 31 36 43 52 38 60 57 87 86 88 88 134 134 164 179 182 197 277 275 385 365 419 437 534 604 659 782 811 997 1054 1190 1300 1508 1568 1669 1850 2084 2264 2309 2520 2698 2753 2905 3067 3110 3029 3023 3110 2958 2911 2742 2658 2518 2335 2159 1979 1819 1659 1486 1347 1164 999 888 801 718 626 557 462 369 325 296 276 230 204 144 137 116 99 93 86 63 64 42 42 33 23 19 20 21 16 20 10 13 2 9 2 5 4 4 3 1 0 4 4 1 2 1 0 3 0 0 0 1 1 1 1 0 0 1 0 0 0 0 0 0 0 1 0 1 0 1 0 0 0 0 0 0 0 0 0 0 
1 0 0 1 0 3 0 3 0 0 0 2 2 0 5 3 4 0 2 6 2 5 10 5 9 9 13 14 16 12 15 21 26 24 32 39 40 50 54 50 69 67 80 108 103 136 146 177 192 204 208 256 320 344 408 405 475 579 581 683 781 917 1002 1073 1261 1319 1480 1610 1788 1836 2021 2184 2466 2396 2541 2718 2902 2907 3063 3015 3043 3020 3034 2985 2776 2678 2512 2352 2175 1888 1844 1633 1456 1254 1161 1058 883 802 673 618 529 478 389 358 326 254 206 180 169 137 107 109 79 74 58 60 63 37 37 30 32 21 33 23 16 11 8 12 11 7 6 7 7 2 5 6 2 5 3 5 1 5 1 1 1 2 2 1 0 0 0 0 0 0 0 0 0 0 0 0 
1 0 0 0 0 1 0 1 1 0 1 0 0 0 1 1 0 1 0 0 2 1 3 4 1 0 3 1 2 4 5 5 7 2 3 3 10 7 14 10 14 15 18 17 28 20 31 30 38 35 51 59 68 55 82 101 103 142 127 153 169 186 250 240 269 329 341 371 434 525 577 639 750 750 907 955 1105 1180 1366 1455 1689 1816 1939 2084 2286 2414 2556 2706 2778 2877 3020 3048 2994 3007 2990 2856 2776 2819 2622 2463 2212 2052 1950 1716 1579 1367 1253 1135 970 879 765 696 598 523 458 387 327 315 257 214 163 150 166 128 116 96 78 68 60 47 41 40 31 30 29 25 12 17 20 6 13 9 8 3 3 4 5 4 4 6 0 4 2 2 4 2 0 1 1 1 0 1 0 1 0 0 0 0 0 1 0 0 1 0 0 0 0 0 0 0 0 
1 0 0 0 1 0 2 1 0 0 0 1 2 1 0 3 4 2 1 2 1 0 3 7 3 6 5 6 8 9 7 17 11 18 17 19 15 26 23 27 26 44 38 55 58 64 75 82 104 107 133 115 139 172 200 222 246 281 327 389 390 422 496 553 633 761 838 883 987 1060 1226 1266 1453 1609 1715 1859 2002 2241 2389 2559 2631 2884 2879 2937 2981 3027 3145 3030 2923 2745 2691 2637 2566 2331 2121 1953 1795 1602 1387 1326 1123 1014 915 745 654 626 510 479 370 362 285 253 208 200 174 137 130 119 94 65 85 60 51 53 28 36 17 28 30 23 14 13 12 6 10 12 7 6 3 4 3 4 1 0 3 1 1 0 1 0 1 1 2 2 0 1 0 0 0 0 1 0 0 1 0 0 0 0 0 0 0 0 0 0 0 
