1 0 0 0 0 1 0 0 0 0 0 0 0 0 0 2 1 2 1 2 0 0 3 4 8 6 2 2 7 3 11 12 5 16 13 18 11 19 30 26 36 41 56 54 71 82 84 112 118 150 161 179 217 213 278 345 388 440 490 543 677 744 848 983 1177 1296 1525 1715 1860 2093 2298 2539 2923 3122 3263 3443 3670 3612 3977 3897 3811 3754 3716 3484 3315 3107 2763 2431 2192 1964 1721 1529 1254 1038 929 788 680 550 455 389 313 270 250 205 150 144 125 87 83 65 51 44 38 14 27 28 20 24 12 5 4 10 2 6 7 6 4 2 3 3 1 0 4 1 3 0 1 1 1 0 1 1 1 1 0 0 1 0 0 0 0 0 0 0 0 0 0 0 0 0 0 0 0 0 0 0 
1 0 0 0 0 0 0 0 1 3 0 0 0 1 3 6 5 1 2 4 10 6 12 4 11 19 13 19 18 25 40 29 40 52 48 48 73 65 87 85 129 155 178 153 210 237 292 358 388 468 546 600 674 829 873 1037 1251 1391 1591 1753 1897 2160 2407 2697 2891 3165 3382 3478 3702 3746 3969 3955 3944 3851 3487 3355 3162 2900 2705 2419 2069 1836 1618 1423 1236 1048 880 728 657 511 427 365 281 259 223 197 144 132 105 74 74 64 46 40 26 32 32 19 19 14 17 11 9 11 3 4 4 2 4 2 1 2 3 1 0 2 0 0 0 0 1 0 0 0 1 0 0 0 0 0 0 0 0 0 0 0 
1 0 0 0 
1 0 0 0 0 1 0 0 1 1 1 1 0 1 1 0 2 1 0 1 1 2 2 6 1 2 2 7 5 13 8 8 8 19 21 21 27 39 34 48 44 49 70 83 86 102 116 135 175 193 216 246 296 366 389 458 553 647 699 827 894 1030 1136 1319 1479 1727 1960 2162 2285 2591 2850 3136 3377 3434 3629 3877 4029 3852 3868 3728 3613 3531 3271 2882 2686 2550 2084 1848 1676 1410 1222 1009 887 753 661 572 483 361 333 257 198 186 152 127 112 88 76 67 48 45 51 29 22 14 21 13 9 8 6 3 4 7 5 2 4 2 3 1 0 2 2 0 0 1 0 0 0 1 0 0 0 0 0 0 0 0 0 0 0 0 0 
1 0 0 3 0 1 3 0 3 2 2 3 1 2 3 4 2 6 3 5 5 4 20 14 17 8 19 27 21 39 37 44 46 48 62 57 79 85 104 120 163 156 173 215 254 294 369 373 465 536 611 728 815 907 1017 1194 1402 1540 1728 1943 2112 2374 2616 2932 3084 3380 3493 3818 3822 3969 3845 3822 3799 3738 3423 3141 2973 2681 2403 2078 1841 1580 1445 1195 977 850 761 616 519 451 349 299 241 185 167 147 136 100 105 65 61 37 39 26 32 13 21 13 15 19 8 10 8 8 4 2 5 4 3 3 3 0 3 1 0 1 0 2 0 1 0 0 1 0 0 0 0 0 0 0 0 
1 0 0 0 2 0 0 0 1 0 3 1 0 1 3 4 3 3 7 4 6 9 12 11 14 17 22 27 28 33 31 38 61 54 67 78 103 111 130 132 170 195 234 255 319 356 401 475 536 631 722 770 938 1094 1214 1420 1576 1786 1992 2219 2368 2701 2852 3215 3283 3566 3630 3682 3869 3987 3871 3773 3547 3445 3149 2924 2574 2353 2143 1886 1639 1384 1194 1085 918 748 625 518 411 358 307 238 205 175 145 108 105 90 65 57 41 46 37 36 18 27 9 12 12 11 8 8 5 2 6 3 3 2 0 1 1 0 1 2 0 0 0 1 0 0 0 0 0 0 0 0 0 0 0 
1 0 0 0 0 0 0 0 0 0 
1 0 0 0 0 0 0 0 1 0 0 0 0 0 0 0 
1 0 0 0 1 0 1 0 0 3 2 4 0 2 4 2 2 1 9 8 8 4 16 8 22 19 17 27 34 34 40 51 41 52 73 90 93 112 118 138 187 208 226 283 288 338 410 467 541 640 711 811 875 1072 1225 1367 1669 1788 1939 2202 2402 2653 2951 3151 3389 3596 3772 3840 3886 3916 3857 3698 3663 3440 3126 2855 2697 2382 2107 1816 1717 1315 1115 970 855 698 582 487 420 378 306 255 218 176 138 116 94 72 71 56 45 39 32 33 22 19 18 17 15 7 4 2 2 3 3 5 5 3 0 0 0 2 2 1 0 2 0 0 0 0 0 0 0 0 0 0 0 0 
1 0 0 1 0 1 1 1 1 0 0 1 1 2 1 3 2 3 3 2 2 5 9 6 5 4 11 11 18 13 23 27 30 22 34 40 60 59 56 79 109 115 120 163 161 200 230 287 325 383 449 452 513 651 795 850 1090 1166 1320 1435 1723 1840 2007 2373 2542 2781 2981 3163 3480 3573 3710 3892 3871 3943 3705 3618 3531 3257 2977 2830 2527 2286 1993 1716 1522 1280 1101 989 792 699 588 521 369 336 287 243 199 154 143 124 92 89 67 48 48 35 31 31 25 26 20 10 12 9 12 4 7 6 3 5 6 1 0 0 0 0 0 0 0 0 1 0 0 0 0 0 0 1 0 0 0 0 0 0 0 0 0 0 
1 0 1 1 1 0 0 0 1 0 1 0 1 2 0 0 1 0 0 1 2 0 1 0 3 0 3 4 1 2 8 5 7 8 2 8 18 12 15 21 22 27 21 28 38 42 46 63 59 75 100 125 124 139 196 204 232 276 321 360 469 508 551 683 730 810 1017 1103 1266 1452 1686 1809 2084 2204 2518 2761 2960 3163 3348 3597 3770 3809 4188 3830 3743 3644 3606 3303 3167 2805 2547 2250 2022 1717 1542 1310 1130 916 779 691 628 486 394 327 308 247 200 148 144 128 84 75 64 40 49 47 32 28 21 19 10 11 9 6 9 10 4 2 6 4 1 2 2 0 1 1 1 0 0 0 0 0 0 1 0 0 0 0 0 0 0 0 0 0 0 
1 0 0 0 0 1 1 2 1 0 0 0 0 0 1 0 1 2 1 2 1 5 0 1 5 4 6 8 7 4 12 9 13 17 13 16 20 24 18 30 39 50 63 56 78 85 100 113 130 146 160 205 239 255 362 383 444 486 559 676 743 852 996 1138 1336 1454 1621 1861 2016 2211 2458 2772 2988 3331 3433 3569 3820 3700 3758 3848 3872 3746 3540 3310 3046 2849 2456 2190 2024 1780 1529 1303 1155 971 801 702 602 461 462 332 268 218 199 172 126 116 92 78 74 60 57 28 27 27 18 16 12 15 8 10 11 2 3 6 1 2 3 1 3 0 1 2 1 1 0 0 1 0 0 0 0 0 0 0 0 0 0 0 0 
1 0 0 0 0 1 0 0 0 0 1 3 0 0 1 0 3 1 1 1 2 1 1 0 4 3 0 5 4 2 2 4 9 3 9 4 5 13 21 11 20 26 33 31 42 38 47 66 63 62 87 81 127 143 150 179 202 234 260 335 378 466 531 588 676 815 893 1073 1226 1475 1587 1708 1968 2257 2404 2694 3065 3136 3327 3578 3699 3807 3884 3945 3966 3819 3548 3318 3213 2950 2650 2366 2044 1876 1632 1465 1249 968 790 703 659 466 401 377 297 250 192 170 139 124 98 74 73 54 47 43 31 36 25 18 15 8 10 12 9 5 6 6 3 2 3 1 2 0 1 1 1 0 0 0 1 0 0 0 0 1 0 0 0 0 0 
1 0 0 0 0 0 0 0 0 0 0 0 0 1 0 0 0 0 0 0 1 0 0 0 1 1 3 2 1 0 2 3 3 2 5 2 2 3 10 5 8 9 17 13 15 15 23 27 34 37 37 61 61 62 80 92 116 110 125 169 176 221 231 274 336 375 434 521 547 665 783 884 1021 1131 1260 1463 1657 1914 2085 2298 2544 2831 3021 3233 3371 3706 3901 3942 4080 3821 3832 3673 3467 3347 2944 2815 2463 2235 1946 1669 1575 1256 1092 860 756 673 547 502 389 329 268 210 164 149 105 105 90 82 61 42 46 32 29 23 24 16 10 16 7 3 6 5 4 8 3 3 2 0 0 2 2 2 1 0 1 0 0 1 0 1 0 0 0 0 0 0 0 0 0 
1 0 0 0 2 1 0 0 0 1 1 2 2 2 3 3 2 1 1 7 4 4 10 9 3 8 10 13 14 15 22 20 21 27 23 39 49 63 67 65 90 95 108 128 135 165 211 222 272 314 330 432 491 585 651 776 877 952 1148 1292 1457 1603 1815 2037 2352 2561 2701 3057 3229 3352 3617 3782 3910 3889 3882 3911 3674 3476 3374 3114 2727 2622 2167 1978 1773 1447 1264 1083 922 832 651 600 564 416 300 297 233 232 160 133 116 97 89 80 72 47 31 46 31 29 26 13 20 12 5 10 7 4 5 2 2 4 1 4 2 4 2 1 0 0 0 0 0 0 0 0 0 0 0 0 
1 0 0 0 0 1 0 1 0 1 0 5 0 1 0 1 4 4 7 7 5 6 10 8 6 13 17 20 14 18 22 36 44 44 51 62 68 73 88 101 124 132 189 180 232 271 297 312 396 485 530 629 694 813 978 1050 1230 1460 1609 1733 1958 2209 2403 2704 2949 3099 3328 3603 3687 3783 3944 3934 3837 3837 3529 3441 3201 2833 2639 2491 2027 1813 1622 1341 1210 989 839 696 601 534 392 391 315 226 218 176 132 102 103 87 70 60 48 38 33 23 26 30 23 19 6 5 6 6 6 2 1 4 0 3 1 3 1 1 2 0 1 1 0 0 0 0 0 0 0 0 0 0 0 
1 0 1 0 1 0 2 2 0 1 3 3 4 2 2 1 1 9 5 6 8 8 11 13 15 18 16 29 30 32 36 56 45 49 65 82 88 119 123 126 143 158 250 253 279 328 382 448 527 588 699 792 880 1050 1219 1339 1570 1710 2045 2273 2449 2568 2950 3170 3367 3626 3770 3808 3931 3933 3921 3772 3693 3362 3113 2933 2675 2358 2129 1871 1612 1398 1183 1021 877 720 589 510 420 360 307 252 220 169 159 120 100 84 68 50 52 40 29 32 21 13 9 16 6 10 8 3 4 1 2 0 5 4 1 0 1 1 2 0 1 0 0 1 0 0 1 0 0 0 0 1 0 0 0 0 0 0 0 0 0 0 0 
1 0 0 0 0 0 0 0 0 0 0 1 0 0 0 0 0 0 0 1 0 0 0 0 1 2 1 1 1 1 0 1 3 2 2 4 3 6 5 10 10 10 9 6 15 16 17 21 23 23 42 36 29 47 48 73 79 93 117 125 130 168 181 215 241 285 348 374 486 543 654 692 800 930 1062 1243 1339 1547 1757 1988 2265 2409 2681 2883 3089 3288 3560 3679 3820 3849 3823 3917 3771 3633 3465 3216 2956 2722 2387 2091 1897 1592 1400 1264 1039 855 751 615 493 419 366 307 270 199 167 156 110 108 79 72 77 44 31 32 20 25 21 12 16 9 5 7 8 2 6 3 1 5 4 2 1 0 1 2 0 0 0 0 1 0 0 0 0 0 0 0 0 0 0 0 0 
1 0 0 2 1 0 1 2 1 0 1 2 1 0 3 1 4 2 3 1 2 7 11 5 9 7 18 15 15 20 18 28 31 28 36 31 56 52 79 86 81 124 139 145 163 219 258 287 317 418 485 527 593 717 746 864 1040 1292 1363 1549 1696 1968 2236 2520 2605 2797 3084 3416 3431 3681 3819 3937 3868 3824 3845 3606 3521 3240 2988 2618 2416 2199 1822 1670 1374 1216 1048 828 733 618 478 458 379 326 248 214 165 150 119 125 86 66 64 45 34 49 28 20 12 17 6 14 6 10 6 2 5 6 3 4 2 1 1 3 1 1 1 0 0 0 0 1 0 1 0 0 0 0 0 1 0 0 0 0 0 0 0 0 0 
1 0 0 0 0 
1 0 0 1 0 1 1 0 0 1 0 2 1 1 1 1 2 6 2 3 4 6 6 5 9 7 10 24 18 18 17 26 19 35 42 45 46 75 76 88 89 111 118 168 174 203 254 247 314 346 429 516 563 644 724 895 966 1090 1284 1417 1634 1854 2050 2248 2466 2731 2937 3150 3528 3593 3758 3840 3924 3889 3841 3785 3633 3324 3168 2822 2602 2220 2034 1775 1576 1312 1152 1031 816 631 519 492 390 331 275 220 195 149 127 112 76 74 58 42 39 36 27 19 18 15 14 7 13 7 6 3 2 7 4 5 3 2 0 2 3 0 1 2 0 0 0 0 0 0 1 1 0 0 0 0 0 0 1 0 0 0 0 0 0 0 0 1 0 0 0 0 0 0 0 0 
1 0 0 0 0 0 0 1 0 2 1 2 2 0 1 1 5 3 3 5 0 3 6 8 9 9 10 11 15 21 20 24 33 20 36 59 46 63 60 81 89 113 133 141 170 185 237 280 328 347 418 479 579 645 787 846 960 1061 1296 1404 1648 1836 2058 2336 2445 2712 3009 3182 3385 3584 3743 3885 3893 3869 3780 3724 3487 3366 3113 2896 2513 2233 2138 1788 1555 1312 1122 936 799 681 545 502 425 368 270 247 197 158 142 85 84 92 68 68 33 32 29 35 31 18 18 12 13 5 7 8 2 2 3 3 3 2 5 0 0 0 0 3 2 1 0 1 1 0 0 1 1 0 1 0 0 0 0 0 0 1 0 0 0 0 0 0 0 0 0 0 0 0 1 0 0 0 0 0 0 
1 0 0 0 0 0 1 1 0 0 0 0 0 0 0 1 1 1 3 4 1 4 1 2 1 5 5 4 7 10 12 11 10 9 22 19 23 20 28 41 32 36 48 65 74 87 67 94 118 120 164 166 203 236 272 316 408 421 525 607 721 777 953 1057 1247 1358 1521 1802 2051 2152 2476 2689 2936 3044 3414 3607 3744 3749 3904 3941 3917 3863 3627 3539 3061 2845 2682 2323 2183 1878 1580 1403 1224 926 874 762 668 542 409 369 282 258 216 167 121 121 103 75 67 61 56 45 31 26 18 21 17 16 8 5 11 4 3 3 1 6 2 0 1 4 0 3 0 1 1 0 0 0 0 1 0 0 0 0 0 1 0 0 0 0 0 0 0 
1 0 0 0 0 0 0 0 0 1 1 0 0 0 1 1 1 0 2 3 0 2 2 6 4 4 4 11 4 6 10 9 5 18 24 19 19 23 30 36 44 59 59 53 72 80 100 114 138 140 194 192 219 274 321 356 448 496 551 645 751 850 1026 1159 1275 1437 1605 1825 1974 2313 2510 2761 2964 3237 3524 3614 3700 3947 3933 3812 3842 3819 3556 3325 3054 2767 2535 2286 2025 1713 1505 1325 1150 983 850 723 533 461 422 327 270 234 182 158 138 121 91 79 55 52 43 28 36 28 21 16 13 11 16 11 8 9 3 6 6 4 1 3 2 0 2 0 3 0 1 0 1 1 0 0 0 1 1 0 0 0 0 0 0 0 0 
1 0 0 0 0 0 0 0 
1 0 0 0 0 0 0 0 0 0 
1 0 0 1 1 0 0 2 0 0 0 0 1 1 0 2 1 2 2 3 2 4 5 4 4 2 3 10 9 12 16 12 17 21 29 24 33 38 47 51 91 82 78 87 116 135 148 203 187 227 299 311 379 429 506 563 671 812 902 1039 1178 1335 1537 1673 1867 2017 2336 2688 2852 3131 3328 3431 3620 3802 3955 4037 3793 3760 3725 3420 3167 2977 2706 2507 2160 1900 1707 1537 1236 1039 939 748 624 586 461 405 308 272 244 170 156 135 108 99 74 77 59 36 33 23 19 20 23 7 13 6 9 3 5 4 8 5 0 2 2 0 1 0 0 2 3 1 1 1 1 0 0 0 0 0 0 0 0 0 0 0 0 0 
1 0 0 0 0 0 0 1 1 0 0 0 0 2 0 0 1 3 2 2 1 4 4 7 4 5 5 15 12 9 17 22 20 24 22 24 28 35 49 62 59 60 75 98 105 113 143 172 192 199 285 288 347 398 431 502 575 684 788 881 1064 1202 1385 1514 1693 1933 2161 2387 2606 2811 3182 3278 3422 3715 3709 3860 3900 3848 3761 3603 3395 3262 2987 2667 2425 2173 1906 1675 1442 1191 1119 948 799 692 547 467 391 335 267 220 204 153 134 109 95 63 58 55 50 37 31 21 17 15 15 9 2 14 4 7 8 2 1 1 1 3 0 0 2 1 0 0 0 0 0 0 0 0 0 0 0 0 
1 0 0 0 0 0 0 0 0 1 2 2 3 1 1 3 1 2 0 13 3 7 2 8 15 5 11 16 18 23 22 22 33 37 47 59 46 81 88 89 90 129 157 165 201 238 259 307 404 435 482 597 666 787 865 957 1115 1281 1465 1610 1834 2038 2407 2512 2747 3043 3212 3415 3540 3725 3859 3989 3849 3752 3607 3466 3362 3131 2833 2487 2216 1971 1788 1516 1391 1122 929 814 621 631 518 433 352 296 239 191 178 124 111 87 79 58 57 47 42 35 24 24 20 6 13 7 7 5 5 6 3 4 2 1 2 2 1 0 1 1 0 1 1 1 0 0 0 2 0 0 0 0 0 0 1 0 0 0 0 0 0 0 0 0 
1 0 0 1 0 0 1 1 0 0 1 3 1 1 0 3 10 4 2 4 7 5 7 15 13 22 13 20 25 26 41 51 46 56 59 67 82 101 118 142 155 175 230 273 307 303 378 481 534 653 735 821 948 1097 1175 1377 1584 1786 1969 2239 2479 2659 2887 3259 3403 3570 3715 3751 3925 3922 3862 3664 3504 3473 3215 2908 2620 2315 2104 1799 1595 1343 1276 998 859 698 610 534 446 368 279 244 192 158 162 118 105 72 78 48 49 41 34 25 27 23 20 14 14 7 6 4 4 3 5 6 3 3 2 0 1 1 1 1 0 1 0 0 0 0 0 0 0 0 0 0 
1 0 0 0 0 0 0 0 0 0 0 1 0 0 0 0 0 0 0 1 2 1 0 0 2 1 5 3 2 5 3 5 6 2 10 4 8 8 13 16 19 8 24 20 22 43 34 42 42 64 60 63 98 95 114 136 144 203 200 277 243 321 418 479 538 617 670 786 933 1015 1147 1421 1497 1785 1843 2131 2414 2638 2709 3046 3170 3408 3637 3834 3939 3824 3884 3802 3734 3565 3307 2922 2697 2509 2150 1828 1645 1476 1278 1074 885 806 649 528 465 372 334 254 262 201 158 111 102 88 82 57 52 36 37 27 22 17 16 15 9 6 9 7 3 3 5 2 1 4 1 1 0 3 0 0 1 0 0 0 0 0 0 0 0 0 
1 0 0 0 0 0 0 0 0 2 1 2 0 2 3 3 2 1 5 5 3 7 7 7 12 14 15 20 28 26 26 26 45 51 47 70 63 79 88 121 121 143 184 216 233 277 315 385 394 470 556 651 751 909 924 1142 1285 1386 1580 1817 1978 2236 2401 2736 2916 3261 3491 3565 3594 3789 3817 3854 3853 3715 3669 3331 3061 2842 2558 2383 2049 1722 1652 1310 1109 963 848 722 575 509 395 360 280 260 215 148 132 128 78 81 61 50 51 39 37 19 15 27 14 13 10 11 7 8 3 3 1 1 2 1 0 1 0 1 1 0 0 1 0 0 0 0 0 0 0 
1 0 0 1 0 0 2 0 2 0 1 2 1 0 1 3 4 6 6 4 2 3 7 5 10 9 17 18 17 18 22 27 41 28 37 49 56 56 74 94 104 117 152 180 183 233 289 303 354 378 482 542 671 710 798 931 1066 1274 1361 1589 1850 1941 2161 2516 2621 2909 3207 3419 3596 3624 3893 3894 3885 3820 3835 3637 3425 3105 2793 2751 2362 2050 1783 1598 1314 1172 976 877 738 580 528 388 371 255 247 210 180 150 122 105 104 80 57 42 29 42 26 21 23 17 13 13 15 9 5 8 3 3 3 2 1 2 1 2 2 2 1 0 1 0 1 1 0 0 0 0 1 0 0 0 0 0 0 0 0 0 0 0 
1 0 0 0 0 0 1 0 0 0 0 0 0 0 0 0 0 0 0 0 1 0 0 0 0 0 
1 1 0 2 0 2 1 4 1 6 2 2 2 4 10 7 11 11 16 19 16 23 25 24 38 33 41 45 67 53 68 103 94 116 154 154 175 224 249 288 347 395 454 526 627 768 827 953 1040 1224 1334 1552 1858 1891 2203 2434 2617 2871 3053 3323 3549 3810 3743 3969 3899 3781 3679 3681 3514 3203 2837 2650 2396 2131 1824 1627 1352 1209 1014 915 772 628 524 446 380 302 243 230 195 174 128 78 94 76 59 56 29 32 17 30 20 9 11 12 7 5 4 4 1 1 4 5 3 0 0 0 3 0 1 1 0 0 0 0 0 0 0 0 0 0 0 1 0 0 0 0 1 0 0 0 0 0 0 
1 0 0 0 0 
1 0 0 0 0 1 0 0 0 0 0 1 1 0 0 1 1 0 1 0 0 2 1 0 1 0 3 5 1 1 1 4 4 4 8 4 8 9 14 18 14 16 15 35 33 38 45 44 61 62 80 84 134 122 140 162 184 241 247 291 298 390 451 560 616 652 784 889 1031 1258 1388 1543 1727 1921 2122 2345 2591 2865 3067 3223 3518 3716 3730 3852 3822 3892 3835 3762 3551 3286 3004 2656 2463 2126 1882 1602 1447 1266 1006 818 720 642 537 428 381 344 232 234 177 145 143 116 86 81 58 43 41 26 33 20 18 18 19 9 8 2 8 6 5 10 1 1 3 1 2 1 0 3 1 0 0 0 0 0 0 1 0 0 0 
1 0 0 0 0 0 2 0 0 1 2 1 0 0 2 1 3 4 3 4 5 10 9 4 12 13 10 15 13 20 17 30 33 35 39 49 44 61 80 105 97 122 129 148 177 197 240 284 342 362 449 501 563 682 821 907 1042 1161 1311 1513 1727 2029 2083 2438 2661 2855 3115 3279 3531 3598 3744 3853 3895 3913 3823 3660 3436 3287 2904 2686 2440 2172 1936 1707 1420 1197 1033 930 758 595 521 401 402 299 290 244 194 166 125 117 93 83 58 66 43 45 25 30 20 22 12 16 10 11 8 7 5 5 10 4 7 3 4 2 1 1 0 0 1 2 1 2 0 0 0 0 0 0 0 0 0 0 0 0 
1 0 0 0 1 0 0 0 1 1 1 0 3 1 2 1 2 2 4 11 10 5 5 18 8 11 11 28 20 22 23 26 36 43 69 49 68 94 75 104 139 154 158 199 244 270 295 352 390 493 575 619 735 812 947 1004 1159 1428 1592 1764 1918 2170 2467 2685 2831 3135 3294 3565 3675 3892 3910 3757 3860 3878 3593 3410 3234 2905 2574 2349 2031 1829 1631 1412 1227 1097 902 736 622 521 461 374 292 250 223 200 151 115 110 104 70 55 57 37 28 32 28 20 19 16 12 9 8 6 9 4 7 3 3 2 2 1 1 0 0 0 1 1 0 0 0 1 0 0 0 0 1 0 0 0 1 0 0 0 0 0 0 0 0 0 0 
1 0 0 0 0 0 0 1 0 0 0 0 0 0 1 0 0 0 1 1 0 0 0 0 0 2 0 0 0 4 2 1 1 5 2 3 3 4 4 2 6 7 5 13 11 17 17 26 30 23 24 33 56 37 69 74 85 79 113 123 118 151 206 228 263 288 347 426 442 553 606 723 789 929 1053 1229 1360 1647 1734 1938 2178 2520 2663 2849 3145 3366 3478 3610 3668 3862 3929 3808 3759 3616 3474 3118 2919 2628 2420 2088 1891 1589 1394 1228 1047 846 780 624 549 431 383 299 269 241 191 152 125 95 85 76 68 60 42 28 29 22 22 11 20 18 9 7 5 10 3 8 2 2 5 3 2 3 3 1 0 1 1 3 0 2 0 0 0 0 0 0 1 0 0 0 0 0 0 0 0 0 
1 0 0 0 0 0 0 0 1 1 0 0 0 0 0 1 2 1 1 2 1 3 0 3 1 5 3 1 3 3 2 6 9 12 15 15 23 14 15 24 28 50 32 47 70 53 77 87 117 116 133 190 193 182 259 312 344 367 458 487 564 685 812 932 1080 1198 1357 1549 1654 1866 2186 2430 2572 2797 3223 3277 3506 3800 3791 3886 3881 3862 3692 3667 3500 3227 2900 2647 2357 2123 1893 1685 1434 1274 1114 910 765 629 540 465 375 310 229 209 191 158 148 111 78 73 60 51 41 33 33 27 28 22 19 17 6 10 10 7 5 5 1 2 6 4 1 3 1 2 2 1 1 0 0 0 1 2 0 0 0 1 0 0 0 0 0 0 0 
1 0 0 0 0 0 0 0 0 0 0 
1 0 0 0 0 1 1 0 0 1 0 1 2 2 2 3 2 1 1 4 2 5 8 5 9 16 19 14 20 14 19 24 37 38 34 52 54 55 61 82 102 113 162 141 171 203 246 253 318 342 419 465 557 671 783 853 948 1088 1285 1410 1719 1844 1979 2184 2522 2780 2897 3133 3402 3664 3726 3719 3910 3892 3731 3774 3621 3381 3088 2784 2581 2352 2034 1793 1602 1326 1172 967 775 674 587 490 433 343 330 247 212 171 128 131 121 78 68 60 48 37 35 27 21 23 20 14 11 9 14 8 10 4 4 1 1 2 2 1 0 2 1 0 0 0 0 0 0 0 0 0 0 0 0 
1 0 0 0 0 0 0 1 1 0 0 0 0 0 0 0 0 1 1 2 0 1 4 0 6 1 1 1 6 6 7 3 9 11 6 20 21 13 22 37 29 24 37 52 61 63 68 104 98 112 109 178 176 222 264 267 332 388 424 501 615 701 796 925 1024 1178 1388 1493 1783 1946 2166 2413 2629 2925 3065 3417 3584 3755 3775 3963 3837 3789 3820 3681 3349 3180 2940 2736 2452 2106 1845 1549 1393 1178 1082 871 728 676 547 449 395 304 266 238 181 168 131 106 95 86 66 61 46 24 38 28 21 23 21 11 13 12 15 4 5 2 5 7 2 4 1 1 2 2 4 0 1 1 1 0 1 0 0 0 0 0 1 0 0 0 0 0 0 0 0 0 0 0 
1 0 0 0 0 0 0 1 1 0 1 3 1 3 0 3 2 2 2 2 6 3 5 17 5 12 8 6 14 8 17 22 19 31 33 32 38 53 53 68 74 87 89 104 153 132 161 227 248 270 309 351 434 497 583 657 747 916 1001 1092 1279 1494 1700 1860 2007 2348 2514 2916 3061 3362 3455 3634 3801 4007 3959 3878 3957 3682 3485 3269 2991 2822 2455 2221 1923 1748 1419 1252 1058 926 774 648 569 421 370 305 275 234 161 165 133 120 89 99 50 54 44 30 35 29 26 14 16 14 11 11 7 6 8 3 2 7 4 4 0 2 1 1 1 0 0 0 1 1 1 0 0 0 0 0 0 0 0 0 0 0 0 0 0 
1 0 0 0 0 0 1 1 0 1 0 0 0 2 2 2 3 2 2 2 5 6 8 4 5 13 13 5 14 12 20 36 28 26 33 48 50 61 65 56 73 121 135 150 195 200 235 303 331 388 459 509 553 739 791 907 1060 1176 1304 1549 1680 1956 2172 2480 2604 2828 3109 3484 3508 3709 3891 3701 3903 3757 3800 3744 3483 3207 2982 2733 2392 2169 1789 1633 1424 1254 1040 929 729 635 534 483 348 309 271 233 188 131 119 87 101 78 62 52 40 34 20 26 18 15 22 9 9 7 4 5 4 4 2 3 2 1 1 0 2 4 0 0 1 1 0 0 0 0 0 0 0 0 0 0 0 0 
1 0 0 0 0 0 0 3 0 0 1 0 2 1 0 2 2 2 2 4 3 1 2 4 2 3 3 8 5 6 7 5 10 11 7 12 15 20 23 24 16 34 50 50 53 57 72 69 100 122 127 157 172 207 260 271 334 371 445 507 560 675 760 883 994 1192 1319 1468 1689 1933 2118 2327 2490 2857 2966 3150 3493 3674 3706 3966 3925 3853 3859 3744 3491 3294 2921 2783 2499 2243 1889 1726 1441 1230 1115 912 789 679 586 494 402 329 282 240 187 177 135 132 95 73 50 56 50 30 37 32 19 20 14 11 10 10 13 11 3 6 2 3 1 6 3 1 1 0 0 0 1 0 0 0 0 0 0 0 
1 0 0 0 1 0 0 0 0 0 0 2 0 3 0 6 3 3 4 3 8 3 8 5 7 5 7 13 22 11 30 19 32 28 47 50 49 56 64 98 97 131 137 159 187 223 243 300 331 394 480 455 635 712 777 902 1023 1100 1290 1517 1757 1851 2129 2376 2546 2922 3042 3186 3544 3639 3793 3823 3944 3840 3863 3693 3511 3210 3043 2588 2484 2154 1933 1626 1555 1202 1063 941 756 642 549 453 384 322 295 248 209 148 135 107 98 69 61 55 35 41 28 16 13 22 14 13 10 6 4 7 6 4 4 1 1 1 0 0 3 0 0 0 1 0 0 0 1 0 0 0 0 0 0 0 
1 0 0 0 0 0 0 0 0 1 0 1 1 1 0 0 1 1 0 2 1 2 1 2 2 4 2 4 3 6 4 12 9 4 12 9 21 22 18 24 28 22 30 30 48 63 66 89 65 87 117 142 148 184 207 248 269 323 378 466 513 619 696 790 895 1076 1101 1372 1470 1694 1956 2124 2358 2558 2842 3048 3395 3352 3614 3890 3708 3973 3790 3761 3652 3447 3254 3054 2762 2449 2138 1965 1712 1445 1205 1097 926 759 665 556 508 374 370 238 226 183 164 122 130 101 79 53 67 36 42 28 25 22 17 13 15 11 7 5 3 5 4 0 3 3 1 0 5 2 1 3 0 1 1 0 1 1 1 0 1 1 0 0 0 0 0 0 0 0 0 0 
1 0 0 0 0 0 0 1 1 0 5 1 0 2 2 0 0 0 2 4 3 4 11 6 3 9 12 12 16 9 16 26 27 25 31 47 46 58 84 78 83 100 117 144 164 195 213 270 270 294 354 423 495 574 682 739 827 1026 1203 1346 1447 1667 1874 2036 2367 2545 2729 3092 3194 3512 3600 3818 3914 3792 3830 3764 3702 3473 3264 3091 2744 2491 2309 2033 1710 1461 1312 1148 936 822 662 567 475 381 365 287 228 170 159 141 109 85 78 57 55 37 36 29 24 19 8 7 7 8 6 6 6 4 7 2 1 1 2 2 0 1 2 0 1 0 1 0 0 0 0 0 0 0 0 0 0 0 
1 0 0 0 0 0 1 2 0 0 1 0 0 0 3 3 0 3 1 2 1 4 4 4 3 9 7 5 7 13 10 14 20 19 20 32 31 37 38 52 51 57 70 96 101 123 148 158 207 216 298 319 333 404 464 566 656 731 893 942 1089 1252 1456 1635 1798 1932 2169 2427 2680 2972 3215 3297 3636 3817 3827 3879 4009 3808 3814 3529 3424 3235 2886 2530 2431 2020 1766 1521 1322 1133 1031 791 683 588 511 459 339 269 254 218 163 130 92 79 86 49 51 41 31 26 40 27 13 14 11 7 5 3 5 2 6 2 5 1 2 4 0 0 1 1 1 0 0 0 1 1 0 0 1 0 1 0 0 0 0 0 0 0 
1 0 0 0 0 1 0 0 0 0 0 0 0 2 0 0 1 0 1 0 0 2 1 3 1 1 0 2 2 4 3 3 7 4 13 4 11 12 13 18 14 26 27 33 34 40 51 46 70 85 84 107 130 128 173 198 229 245 300 318 426 483 576 641 668 866 977 1055 1243 1306 1561 1868 2022 2246 2436 2599 2838 3117 3457 3458 3691 3869 3959 3890 3905 3666 3585 3372 3179 2901 2697 2354 2050 1805 1579 1405 1201 1000 877 736 637 505 390 329 296 250 178 181 141 117 99 98 65 40 51 33 25 21 24 20 18 15 16 9 6 2 1 4 5 1 1 3 0 3 1 0 1 0 0 0 1 0 0 1 0 0 0 0 0 0 0 0 0 0 
1 0 0 0 0 0 2 1 0 0 1 0 2 1 1 1 4 1 1 0 3 3 3 4 5 7 6 5 5 5 15 12 18 5 14 19 26 39 29 40 55 54 61 90 99 111 124 117 158 184 218 272 329 333 410 484 565 642 733 881 987 1093 1290 1435 1673 1825 1998 2253 2527 2697 2960 3250 3436 3594 3698 3914 3867 3811 3824 3795 3486 3383 3184 2922 2488 2302 2084 1754 1574 1326 1122 968 778 686 593 468 400 347 293 232 196 188 155 114 88 77 68 48 53 35 22 31 21 18 18 9 9 12 5 6 4 1 2 2 7 1 2 4 1 1 1 1 0 0 1 0 0 1 1 0 0 0 0 0 0 0 0 0 0 1 0 0 0 0 0 0 
1 0 0 0 0 0 1 2 2 3 1 0 0 1 3 2 0 3 1 1 7 6 2 4 9 7 6 6 14 21 15 21 15 35 34 25 32 37 55 64 84 84 87 112 123 156 184 198 246 260 303 358 422 466 534 635 770 836 983 1088 1271 1505 1635 1805 1992 2215 2531 2791 3015 3267 3434 3518 3723 3756 3806 3848 3807 3739 3534 3224 3127 2853 2510 2276 2036 1754 1523 1326 1128 998 855 684 603 500 435 358 292 257 207 184 132 118 112 87 73 62 48 34 37 27 23 15 16 11 12 5 8 8 0 4 5 5 2 1 2 1 0 0 1 2 1 0 1 0 0 0 0 0 0 1 0 0 0 0 0 0 0 1 0 0 0 0 0 0 0 0 0 0 0 
1 0 0 0 0 1 0 0 0 0 0 0 2 0 1 1 1 2 4 4 2 1 4 4 7 7 7 6 11 11 9 16 16 19 26 27 33 36 51 43 63 46 68 100 112 127 151 160 194 211 265 271 325 412 420 511 567 678 783 909 976 1080 1343 1425 1592 1911 2040 2310 2515 2748 3126 3270 3428 3635 3721 3799 3944 3970 3793 3587 3560 3294 2949 2727 2543 2241 2049 1743 1423 1312 1131 943 790 700 571 461 402 308 274 240 224 162 166 109 95 76 62 55 48 29 35 23 19 15 9 9 5 6 10 7 4 0 1 1 0 1 1 0 0 1 0 0 0 0 0 0 0 0 0 0 
1 0 0 0 0 0 0 0 0 1 1 1 1 3 4 3 5 9 3 9 8 13 8 19 25 30 21 27 44 60 50 59 65 68 79 105 138 116 143 148 207 237 284 290 363 425 500 542 655 776 791 944 1166 1232 1428 1606 1744 2033 2200 2448 2689 2954 3126 3407 3554 3668 3791 3824 3879 3862 3600 3617 3296 3141 2850 2612 2264 2022 1843 1632 1371 1183 1002 832 711 549 504 407 354 284 243 236 178 167 123 108 79 68 63 51 37 33 16 32 12 21 13 7 3 9 6 9 7 3 4 0 1 2 0 0 3 2 1 1 0 1 0 1 1 0 0 0 0 0 0 0 0 0 0 0 0 
1 0 0 0 1 0 2 0 0 0 1 1 1 2 1 2 2 1 1 0 2 2 1 4 7 9 6 8 10 18 11 17 15 19 28 32 32 49 49 47 53 51 79 108 125 109 157 171 194 270 269 333 359 433 472 569 694 779 826 938 1196 1286 1458 1692 1807 2103 2284 2591 2830 3129 3229 3474 3586 3854 3858 3988 3813 3753 3631 3535 3385 3023 2769 2487 2183 1994 1649 1484 1286 1144 1021 837 650 568 472 415 330 266 257 184 179 133 120 85 75 64 54 47 42 22 25 27 19 18 15 9 10 7 11 4 3 0 2 1 2 1 2 3 0 1 0 1 0 0 0 0 0 0 0 0 0 0 0 0 0 
1 0 0 0 0 0 1 0 0 2 1 0 1 1 1 4 1 2 7 3 3 3 0 6 6 7 8 11 13 12 19 19 23 21 37 30 33 45 46 60 57 80 76 110 111 135 159 172 241 255 321 315 383 463 480 629 666 818 973 1063 1210 1344 1589 1754 1938 2215 2437 2636 2851 3109 3383 3525 3701 3882 3962 3920 3896 3797 3537 3402 3205 2967 2668 2405 2134 1716 1674 1409 1156 1008 916 750 656 527 434 330 320 252 222 170 143 114 116 87 63 59 45 44 37 31 27 11 15 17 10 16 5 3 8 4 4 0 2 2 0 0 0 0 0 0 1 0 0 0 0 0 0 0 0 
1 0 0 0 1 0 0 0 1 0 2 1 1 2 1 0 2 1 1 2 4 3 4 3 6 4 7 6 12 6 8 13 8 15 28 18 21 37 22 28 45 43 57 76 69 96 114 109 153 163 183 227 277 293 348 386 423 545 635 704 835 892 1090 1227 1390 1566 1777 2052 2181 2503 2684 2944 3114 3354 3627 3741 3898 3923 3820 3932 3666 3697 3367 3256 2871 2703 2351 2090 1859 1596 1361 1149 991 816 716 580 514 448 365 268 252 226 165 138 118 86 88 81 51 46 38 25 20 19 15 12 14 9 7 7 8 6 4 2 2 2 1 3 2 1 1 0 0 0 1 0 1 0 0 0 0 0 0 0 0 
1 0 0 0 0 1 1 0 1 0 3 2 3 2 7 0 3 2 8 13 9 12 11 12 17 26 34 28 26 33 49 49 52 90 93 93 113 129 152 162 211 235 281 330 384 398 496 584 653 757 849 981 1145 1269 1399 1630 1936 2032 2326 2590 2844 3081 3261 3447 3538 3668 3814 3887 3875 3847 3839 3525 3354 3036 2772 2573 2308 2037 1658 1465 1269 1120 949 763 694 613 490 403 337 272 224 201 163 133 106 100 63 78 59 38 41 36 19 25 17 14 10 10 14 4 7 5 3 8 5 3 0 2 1 0 0 0 1 1 0 1 0 0 0 0 0 0 0 0 0 0 0 
1 0 0 0 0 2 0 0 0 2 0 1 0 1 5 0 1 3 3 2 4 7 5 7 17 12 8 21 21 24 24 35 29 36 39 49 71 72 88 84 104 145 143 174 205 230 282 312 363 407 498 608 664 757 899 975 1162 1290 1543 1674 1935 2034 2305 2500 2760 2937 3269 3533 3646 3818 3845 4018 3879 3797 3740 3530 3267 3061 2754 2506 2255 2010 1790 1467 1310 1062 884 827 606 553 481 381 300 248 236 176 159 143 113 98 66 64 51 33 36 34 30 18 20 19 5 8 12 7 7 6 4 4 2 1 0 2 3 4 1 0 0 0 0 0 0 0 0 0 0 
1 0 0 0 0 2 1 2 1 1 1 2 0 2 0 3 4 2 1 4 6 5 5 8 9 7 11 13 13 12 13 29 24 29 26 44 41 52 68 77 82 108 116 134 150 180 216 246 316 319 393 457 529 606 692 771 863 1053 1192 1389 1461 1727 1904 2064 2279 2533 2738 2968 3253 3396 3677 3807 3801 3794 3870 3782 3585 3487 3282 3092 2800 2464 2272 1938 1742 1469 1282 1072 948 748 609 549 489 364 350 289 253 206 168 114 119 96 69 53 57 49 42 28 19 27 15 23 7 8 14 7 5 6 8 5 6 5 0 4 3 1 0 4 2 2 4 0 1 0 0 0 0 1 0 1 0 0 0 0 0 0 0 0 
1 0 0 0 0 0 1 1 1 1 1 0 1 2 0 1 1 3 5 4 2 3 4 7 7 5 7 17 11 13 13 20 30 31 35 40 44 43 59 71 106 91 101 98 162 167 197 216 259 286 345 366 454 523 580 697 790 940 1083 1139 1395 1565 1716 1872 2217 2495 2633 2932 3005 3323 3477 3688 3845 3848 3990 3872 3736 3725 3367 3196 2981 2600 2445 2144 1810 1629 1444 1265 1066 856 727 633 512 415 385 317 268 206 180 138 101 107 79 76 68 40 47 34 26 24 17 17 19 11 10 10 6 4 2 3 3 2 1 1 0 2 1 0 0 1 0 0 0 0 0 0 0 0 0 0 
1 0 0 0 0 2 0 0 0 0 0 0 0 1 1 1 0 0 1 0 0 1 1 0 1 1 0 1 0 2 1 1 2 1 2 2 3 2 0 3 2 1 4 10 12 12 6 17 10 22 18 30 28 32 41 51 46 65 90 84 97 108 139 140 164 212 270 284 341 362 403 518 568 640 783 902 1137 1195 1320 1487 1710 1870 2145 2324 2539 2957 2991 3238 3467 3697 3767 3899 3863 3812 3690 3587 3432 3352 3033 2707 2437 2186 1939 1687 1459 1259 1068 911 844 667 564 449 382 306 295 258 201 155 147 109 103 79 84 52 44 35 34 32 33 25 16 9 8 13 11 6 6 2 1 2 3 4 3 0 1 3 1 2 1 1 0 1 0 0 0 0 0 0 0 0 0 0 
1 0 0 0 0 1 1 0 2 5 2 0 0 1 5 5 3 1 2 3 5 13 8 6 18 14 13 17 26 19 18 21 49 42 56 63 69 88 94 108 120 151 186 216 231 269 320 366 438 518 547 686 734 864 1004 1142 1352 1438 1633 1936 2084 2338 2613 2745 3002 3145 3459 3697 3672 3817 3963 3826 3864 3608 3490 3302 3085 2796 2583 2289 2105 1756 1485 1288 1109 940 800 703 565 474 358 307 279 220 205 188 117 110 84 69 56 46 40 38 40 33 26 24 18 13 10 5 12 6 2 3 6 2 1 2 3 1 4 0 1 0 0 0 0 0 1 0 0 0 0 0 0 0 
1 0 0 0 0 0 0 0 0 0 0 0 0 3 1 0 0 0 6 1 1 1 2 4 6 9 7 7 7 8 13 17 14 25 23 16 19 44 47 38 53 56 53 78 91 98 132 172 158 186 240 235 263 346 418 433 528 649 698 880 896 1086 1184 1383 1566 1758 1979 2148 2424 2695 2813 3136 3272 3620 3538 3732 3842 3947 3690 3780 3565 3421 3273 2983 2628 2462 2109 1848 1641 1347 1319 980 892 775 629 545 447 367 305 261 225 146 158 118 108 92 64 53 51 43 44 32 17 15 21 12 8 6 7 5 5 1 1 5 2 1 1 0 2 2 0 1 0 2 0 1 0 0 0 1 0 0 1 1 0 0 0 2 0 1 0 0 0 0 0 0 0 0 0 0 0 0 
1 0 0 1 1 3 0 0 1 1 1 2 1 3 4 5 2 3 8 6 12 12 6 13 14 12 18 28 27 23 25 46 34 62 64 82 77 108 113 111 143 184 222 242 278 297 383 460 518 643 639 737 885 1050 1178 1301 1492 1758 1882 2077 2313 2631 2716 3137 3267 3473 3703 3819 3838 3872 3762 3764 3639 3520 3257 2950 2811 2504 2185 1864 1791 1459 1232 1086 955 780 644 589 464 344 316 300 214 199 145 125 106 98 70 68 51 54 34 37 25 20 13 22 16 11 9 3 7 4 5 3 0 4 2 1 2 2 2 0 0 0 0 0 0 0 0 1 0 0 0 0 0 0 0 0 
1 0 0 0 2 1 0 1 0 0 0 7 2 1 4 2 3 3 6 3 7 9 8 8 9 7 9 14 14 16 23 30 35 30 37 45 59 65 66 91 85 100 140 160 176 225 241 287 330 350 424 516 585 691 819 886 1062 1218 1278 1501 1643 1841 2087 2476 2544 2784 2956 3303 3542 3762 3816 3783 3913 3848 3735 3559 3342 3314 2992 2754 2432 2197 1982 1790 1434 1242 1116 937 737 685 522 489 411 328 287 258 210 146 142 113 98 76 71 51 49 28 34 29 17 22 14 10 6 9 6 4 2 2 2 2 3 0 1 2 1 0 1 0 0 0 0 0 0 0 0 0 0 0 0 
1 0 0 0 0 0 0 1 1 0 0 3 0 0 2 3 3 7 2 4 8 6 8 6 10 7 11 23 15 21 15 20 34 41 43 65 73 54 62 80 91 125 156 146 203 230 256 298 335 384 450 524 572 688 766 885 997 1161 1350 1468 1700 1934 2072 2310 2564 2708 3107 3284 3411 3612 3658 3809 4032 3921 3686 3772 3462 3220 3045 2748 2404 2256 1939 1698 1446 1347 1123 919 760 624 546 494 343 328 286 231 199 154 145 110 85 83 55 52 50 43 26 27 23 18 20 9 11 11 9 5 5 7 1 2 3 0 0 2 1 1 0 0 1 0 0 1 0 0 1 0 0 0 0 0 0 0 0 0 0 0 
1 0 0 0 0 0 1 1 0 0 1 2 1 1 1 2 2 4 4 1 4 3 3 4 1 7 8 10 11 14 10 18 16 20 32 27 32 43 51 58 79 86 97 111 126 155 170 214 234 262 300 386 466 528 566 639 764 952 951 1179 1327 1481 1734 1938 2136 2329 2509 2747 3147 3262 3504 3580 3775 3904 3955 3905 3800 3629 3526 3304 3142 2632 2409 2175 1950 1741 1452 1262 1084 956 764 648 555 457 406 348 256 221 198 157 123 121 98 81 63 59 49 40 29 23 22 19 15 16 11 9 13 7 7 5 2 1 5 2 2 2 4 1 2 1 0 1 0 0 0 1 0 1 1 0 0 0 1 0 0 0 0 0 0 0 0 1 0 0 0 
1 0 0 2 0 2 0 1 0 0 1 0 1 2 3 2 2 1 6 2 0 2 8 3 15 10 10 14 11 19 10 22 24 33 37 41 42 53 56 79 101 122 113 123 146 170 204 268 249 328 379 446 481 602 687 720 872 962 1147 1277 1457 1626 1884 2124 2273 2605 2784 2907 3342 3404 3515 3804 3895 3873 3837 3859 3638 3535 3323 3172 2801 2487 2259 2000 1766 1463 1263 1077 983 767 702 579 504 391 324 269 237 201 172 150 121 116 79 66 55 58 35 29 28 27 23 13 8 7 9 8 5 5 4 3 0 2 1 1 1 1 0 0 0 0 0 0 0 0 0 0 0 
1 0 0 0 0 1 0 0 0 0 0 0 0 0 0 0 
1 0 0 1 0 1 1 0 2 1 2 2 1 1 2 3 3 9 5 6 9 2 5 13 14 14 20 25 35 23 32 31 49 48 52 57 74 92 113 128 132 188 183 178 223 319 378 378 448 509 601 634 843 923 1005 1165 1280 1486 1623 1911 2205 2360 2573 2892 3035 3240 3392 3664 3750 3769 3940 3878 3894 3632 3479 3294 3008 2729 2415 2284 1933 1695 1414 1272 1039 960 770 635 541 483 392 306 257 238 184 139 154 92 85 64 75 59 33 28 37 25 17 21 17 9 12 8 7 5 5 0 3 4 2 2 4 2 2 1 1 2 1 1 0 0 0 0 0 0 0 0 0 
1 0 0 0 0 0 0 0 0 1 1 0 0 0 1 2 1 0 0 0 1 2 1 0 3 2 5 5 6 6 5 11 5 8 7 15 15 19 23 21 17 26 38 44 60 61 55 81 91 125 121 163 172 193 231 273 308 395 390 505 603 700 768 981 1030 1210 1343 1538 1731 1892 2142 2328 2511 2794 3056 3399 3486 3635 3812 3885 3905 3934 3728 3598 3528 3288 2930 2649 2511 2177 1932 1702 1440 1240 1059 923 773 669 557 491 404 329 276 220 175 120 138 109 98 78 68 50 34 39 37 25 18 15 17 12 21 5 6 4 6 4 1 8 2 2 3 1 0 1 0 0 1 1 1 1 0 0 0 0 0 0 0 0 0 0 0 0 0 0 
1 0 0 0 0 0 1 0 2 0 0 0 0 2 4 3 0 0 1 5 8 4 2 9 5 14 12 20 9 18 21 19 37 40 41 34 55 60 81 70 82 105 105 143 177 187 191 236 272 352 341 422 489 571 727 764 895 1068 1135 1249 1500 1694 1839 2181 2278 2537 2740 3048 3318 3523 3644 3766 3768 3871 3905 3744 3847 3508 3255 3007 2730 2468 2144 1932 1678 1491 1265 1104 936 798 660 534 445 370 337 268 232 186 148 143 101 92 77 58 55 53 28 26 21 21 19 14 9 11 11 7 5 3 3 1 4 4 0 2 1 1 1 1 0 0 0 1 1 1 0 0 0 0 0 0 0 0 0 0 0 0 0 0 0 0 
1 0 0 0 0 2 0 0 0 0 0 0 1 2 6 0 2 0 1 4 5 4 7 7 9 9 7 18 9 12 27 23 27 31 38 51 58 62 73 89 85 122 125 161 186 210 246 265 322 376 481 521 606 666 736 855 1038 1137 1346 1570 1684 1845 2068 2355 2530 2799 2974 3272 3449 3703 3688 3738 3894 3922 3754 3729 3532 3290 3092 2689 2538 2218 2001 1690 1489 1274 1095 943 787 656 510 520 426 344 270 226 174 179 139 116 97 84 67 59 34 35 31 30 16 22 6 17 11 6 6 6 4 6 5 2 1 3 1 2 0 1 1 0 0 1 0 1 0 0 0 0 0 0 0 0 0 
1 0 0 2 1 1 0 0 1 4 0 3 1 4 5 5 9 5 10 5 7 10 9 17 15 20 16 21 28 20 43 33 48 63 66 74 72 100 123 150 151 157 216 253 285 310 356 456 461 593 655 716 768 990 1122 1251 1404 1552 1824 2042 2161 2533 2596 3028 3214 3353 3581 3715 3768 3919 3985 3781 3640 3590 3407 3157 2793 2537 2330 2002 1801 1622 1373 1089 951 845 698 597 470 406 362 309 254 189 182 153 104 94 88 70 55 42 33 27 27 19 15 15 8 9 6 7 7 4 7 1 2 3 1 0 1 1 1 1 1 3 0 0 1 0 0 0 2 0 0 0 1 0 0 0 0 0 0 0 0 0 0 
1 0 0 0 0 0 2 0 1 0 2 0 3 3 0 1 1 0 3 1 2 2 2 2 6 4 5 8 7 13 10 11 15 19 31 18 22 40 33 43 42 54 68 90 81 102 141 148 172 198 200 297 308 328 421 463 526 607 694 803 896 1061 1222 1395 1599 1709 1996 2263 2463 2634 2961 3143 3322 3457 3631 3694 3948 3748 3823 3603 3578 3346 3216 2894 2624 2421 2126 1834 1630 1491 1219 1019 907 805 608 499 423 384 320 261 219 201 134 119 125 106 77 71 54 35 38 27 15 19 15 10 13 14 11 11 8 3 5 6 4 0 1 3 1 0 1 3 1 0 0 0 0 0 0 0 1 0 0 1 0 0 0 0 0 0 0 0 0 0 0 0 
1 0 0 0 0 0 0 1 0 0 0 0 0 0 0 1 2 1 0 2 6 2 3 5 3 8 6 14 7 15 8 18 16 19 33 27 33 47 58 55 64 66 79 90 116 134 139 181 214 228 288 363 388 410 540 647 725 749 934 1061 1158 1457 1547 1762 1981 2218 2529 2715 2936 3163 3264 3634 3726 4074 3877 3935 3906 3573 3624 3546 3105 2933 2648 2347 2061 1814 1608 1352 1155 1006 880 683 598 546 391 335 310 261 223 155 148 121 109 93 96 64 49 49 39 34 23 17 14 14 11 8 6 7 4 6 3 3 2 1 1 0 1 1 1 0 1 0 0 0 0 0 0 0 0 0 0 0 0 
1 0 0 0 0 2 1 0 0 0 0 2 1 2 2 3 1 2 2 4 7 7 9 7 9 5 6 11 11 25 21 24 19 35 34 47 46 74 62 79 94 112 120 141 145 173 229 238 294 311 364 453 564 598 728 842 917 1033 1213 1429 1674 1716 1987 2004 2504 2595 2825 3058 3332 3528 3642 3751 3867 3981 3836 3700 3583 3454 3197 2971 2637 2437 2101 1884 1642 1488 1189 1036 865 752 638 561 444 347 336 237 205 217 143 127 121 89 68 50 46 43 33 26 28 33 18 18 16 9 8 10 4 8 3 6 3 1 0 3 2 1 1 1 1 1 1 0 0 0 0 0 0 1 0 0 0 0 0 0 0 0 0 0 0 
1 0 0 0 1 1 0 1 1 1 0 2 2 5 0 0 1 0 2 5 5 4 7 3 11 10 16 21 12 25 17 27 30 35 32 58 63 55 65 84 97 95 121 145 175 180 235 316 330 346 397 493 573 608 700 814 989 1094 1259 1408 1543 1806 1985 2282 2417 2705 2985 3067 3512 3366 3723 3805 3955 3892 3723 3797 3707 3422 3077 2873 2630 2294 2081 1728 1559 1364 1174 951 898 708 634 503 419 357 287 247 209 180 137 124 85 72 75 51 48 54 39 19 20 22 20 13 9 12 8 10 2 7 2 0 1 1 1 1 2 0 0 0 2 1 0 0 0 0 0 0 0 0 0 0 0 0 
1 0 0 0 0 0 1 1 1 1 1 1 1 0 0 0 5 1 3 2 2 7 8 4 8 11 9 17 11 20 10 16 24 34 19 39 45 51 58 80 102 87 107 94 165 167 205 248 274 331 352 441 480 538 652 788 858 1040 1106 1239 1458 1605 1792 1943 2245 2550 2725 2964 3043 3411 3480 3695 3729 3932 4018 3933 3701 3463 3429 3171 2838 2575 2323 1996 1812 1529 1409 1111 972 827 736 552 511 399 366 327 217 200 173 131 98 98 82 64 77 40 27 31 32 17 17 15 11 12 8 10 4 6 3 2 2 0 1 2 0 2 0 0 0 0 0 1 0 0 0 0 0 0 0 0 
1 0 2 0 2 0 0 3 1 1 2 1 0 2 0 2 2 2 0 2 5 4 1 2 6 9 7 11 6 14 13 17 18 20 25 37 39 48 47 52 78 78 81 98 119 134 168 204 226 223 279 314 404 468 544 568 664 797 896 997 1178 1414 1499 1674 1956 2059 2406 2611 2716 3155 3270 3511 3619 3694 3840 4004 3836 3771 3672 3570 3214 3040 2680 2444 2219 1974 1613 1472 1243 1077 895 763 618 522 454 381 330 270 205 187 133 147 120 92 62 59 59 52 31 25 24 18 25 15 11 9 7 10 3 5 4 4 1 5 3 4 2 0 4 0 0 0 1 0 0 0 0 0 0 1 0 0 0 0 1 0 0 0 0 0 
1 0 0 0 0 0 0 0 0 0 1 2 2 1 1 2 3 2 2 3 0 5 1 4 4 2 5 10 11 9 6 9 11 19 30 31 29 23 35 41 53 66 59 65 86 105 117 151 156 201 234 282 278 353 429 500 569 596 768 832 1000 1136 1263 1392 1673 1786 2032 2288 2606 2773 2890 3233 3406 3694 3755 3871 3909 4046 3770 3762 3579 3418 2971 2839 2484 2192 2104 1796 1573 1296 1111 981 771 668 606 466 400 341 280 217 178 149 133 114 95 85 52 57 32 35 27 29 18 18 18 11 9 7 6 3 5 5 5 4 4 2 0 1 2 1 0 0 3 0 0 2 0 2 0 0 0 0 0 0 0 0 0 0 0 0 
1 0 0 0 0 1 1 0 0 0 0 0 0 0 1 0 3 0 0 0 3 1 2 3 3 0 4 7 2 9 8 15 11 10 20 23 21 27 27 30 43 52 47 58 80 78 105 118 127 129 159 202 232 280 307 381 415 469 546 646 765 920 936 1121 1318 1405 1625 1815 2083 2293 2511 2680 3030 3355 3382 3642 3723 3814 3849 3948 3781 3690 3668 3325 3070 2785 2584 2317 2003 1732 1561 1308 1135 975 809 700 574 543 393 373 281 257 201 161 132 118 79 56 62 63 38 34 39 23 20 18 11 17 13 12 7 8 6 5 4 0 3 3 0 0 1 1 0 1 2 0 0 1 1 0 0 0 0 0 0 0 0 
1 0 0 0 0 0 0 0 2 0 1 0 1 1 2 0 0 2 2 2 4 3 3 4 4 5 7 8 8 5 9 11 11 14 16 19 17 29 29 37 47 51 44 55 52 85 113 123 152 152 189 225 231 290 347 341 453 518 591 706 829 864 979 1184 1321 1539 1777 1962 2127 2390 2568 2837 3061 3257 3389 3554 3882 3909 3865 3870 3879 3573 3518 3266 3052 2828 2433 2124 1910 1783 1435 1202 1093 909 787 626 548 436 393 319 261 197 176 153 117 112 77 63 61 42 46 29 34 32 19 11 15 15 12 5 10 6 8 3 3 3 4 1 3 0 1 3 1 1 1 0 2 0 0 1 0 0 2 0 0 0 1 0 0 0 0 0 0 0 
1 0 0 0 0 0 0 0 1 0 0 1 2 0 1 0 1 1 4 0 1 1 0 0 1 4 1 3 4 1 3 5 4 7 9 6 15 18 12 17 21 15 25 27 39 40 54 63 56 57 76 78 107 123 142 171 207 220 246 313 357 411 448 565 649 660 843 993 1033 1266 1350 1608 1815 1969 2225 2426 2700 2952 3185 3384 3618 3683 3794 3783 3851 3837 3743 3521 3427 3083 2940 2639 2320 2066 1869 1592 1376 1170 996 908 727 605 540 420 345 263 274 213 183 127 127 96 106 71 60 47 42 34 47 27 13 15 8 19 8 9 11 6 2 2 1 1 1 3 2 2 0 0 1 0 0 0 1 0 0 0 0 0 1 0 0 1 1 0 0 0 0 0 0 0 0 
1 0 0 1 1 0 1 3 2 0 1 0 4 2 2 4 6 6 3 9 11 9 15 8 17 18 24 30 26 33 49 54 50 63 94 88 99 116 150 183 184 210 240 306 375 403 453 508 590 701 794 931 1022 1170 1330 1475 1785 1976 2174 2380 2571 2798 3061 3211 3554 3717 3764 3851 3881 3832 3738 3595 3523 3268 2906 2790 2425 2146 1918 1665 1426 1219 1042 915 742 631 517 448 383 329 264 202 199 158 149 120 93 66 66 45 35 23 25 23 28 15 18 14 14 6 10 3 5 5 5 1 2 2 3 1 1 2 2 1 0 0 0 0 0 1 0 0 0 0 1 0 0 0 0 0 1 0 0 0 0 0 0 0 0 0 0 
1 0 1 0 0 1 1 1 2 0 0 0 1 4 3 2 2 0 2 2 1 7 4 2 7 6 5 11 20 23 25 31 19 27 50 49 47 55 72 90 94 125 139 157 181 235 246 303 370 376 477 556 633 776 805 899 1068 1184 1368 1591 1777 1960 2180 2396 2585 2914 3172 3270 3572 3654 3811 3901 3925 3919 3682 3615 3382 3151 2948 2670 2394 2160 1873 1697 1397 1166 1002 816 772 596 516 446 355 319 250 203 170 152 122 110 93 62 46 48 35 28 34 28 20 11 13 12 12 7 10 5 4 4 3 4 3 1 1 3 1 0 1 0 0 1 0 1 0 0 0 0 0 0 0 0 0 0 0 
1 0 0 0 0 0 0 0 0 1 1 2 0 0 0 1 0 1 0 0 4 2 1 0 4 4 2 5 3 12 6 5 9 8 5 21 9 14 24 19 24 32 32 40 40 57 60 76 84 108 97 127 130 171 179 233 241 289 329 400 514 560 603 663 810 966 1041 1230 1379 1520 1792 1860 2079 2425 2695 2808 3084 3271 3607 3753 3771 3777 3921 3907 3752 3578 3412 3200 2880 2660 2345 2144 1883 1633 1424 1171 1051 878 717 680 533 453 376 317 285 205 185 148 145 117 83 78 54 41 45 40 33 23 14 17 22 12 16 11 5 3 3 4 0 2 1 0 2 0 0 0 0 1 1 1 0 0 1 0 0 0 2 0 0 0 0 0 0 0 0 0 0 0 0 
1 0 0 0 0 0 0 0 1 1 0 2 0 1 0 0 0 1 1 2 0 1 2 2 1 0 3 6 3 9 5 4 8 13 4 11 12 14 11 22 23 19 27 30 21 48 60 70 77 97 106 102 144 171 183 189 260 268 327 385 454 511 602 693 738 889 995 1177 1313 1466 1732 1985 2174 2343 2594 2840 3165 3373 3640 3594 3914 3888 3914 3784 3840 3609 3542 3140 2929 2682 2364 2199 1928 1654 1451 1230 1049 922 709 637 576 473 399 338 288 221 180 143 122 109 99 93 60 44 48 27 27 13 25 18 21 8 11 5 4 6 10 3 3 0 2 4 0 1 0 0 0 1 0 0 0 0 0 1 0 0 0 0 0 0 0 0 0 0 
1 0 0 0 0 0 1 2 2 1 0 3 1 1 4 3 6 5 0 5 5 12 11 9 11 14 17 20 19 21 33 27 39 45 42 71 68 74 81 95 138 160 165 174 218 219 300 336 365 433 537 606 670 776 892 1056 1099 1346 1516 1777 1946 2074 2391 2602 2944 3074 3286 3581 3650 3726 3788 3813 4044 3729 3675 3481 3231 3028 2644 2516 2183 1949 1649 1408 1212 1080 870 716 616 522 416 362 314 274 206 176 151 131 106 83 79 68 60 54 34 27 21 14 15 19 11 7 9 8 5 4 3 1 4 1 2 2 4 3 0 1 1 1 0 1 0 1 0 0 0 1 0 0 0 0 0 0 0 0 0 1 0 1 0 0 0 0 0 0 0 0 
1 0 0 3 0 1 0 1 2 1 3 1 1 0 0 3 0 3 3 4 3 5 4 2 5 5 13 10 22 13 5 24 14 30 40 40 46 47 61 85 103 103 105 114 136 173 223 237 257 331 367 395 501 614 689 755 872 945 1139 1224 1378 1643 1792 2037 2305 2489 2716 2920 3105 3421 3523 3786 3863 3845 3813 3864 3786 3506 3383 3125 2862 2531 2327 2045 1744 1552 1327 1178 987 797 706 610 503 424 342 270 230 211 173 131 119 101 72 60 45 45 39 26 29 22 16 18 20 8 8 9 3 4 4 2 2 2 3 0 2 0 1 1 0 0 1 0 1 0 0 0 0 0 0 
1 0 0 0 2 1 0 1 2 0 0 0 0 2 1 2 0 4 0 2 4 1 6 4 2 6 10 7 11 9 9 11 16 18 28 16 33 42 42 54 47 66 83 89 109 133 144 178 170 206 263 302 354 390 457 530 613 754 789 882 1073 1182 1354 1584 1710 1925 2181 2479 2609 2844 3109 3426 3521 3718 3812 3823 3970 3853 3591 3742 3377 3236 2875 2719 2421 2106 1870 1632 1371 1198 1019 840 782 587 582 434 388 298 254 239 179 149 125 117 82 87 63 46 50 37 32 25 18 15 14 5 14 19 5 5 9 5 3 3 4 2 3 4 1 1 1 0 1 0 1 0 0 1 0 0 0 0 0 0 0 0 0 0 0 0 0 0 
1 0 0 1 1 2 1 3 5 4 1 2 0 2 5 4 9 4 9 8 7 6 8 19 22 17 20 28 30 34 42 37 69 73 70 78 94 124 128 158 198 202 254 265 353 402 417 540 571 653 774 846 1004 1104 1307 1501 1660 1828 2073 2266 2506 2721 3017 3174 3426 3598 3681 3808 4034 3816 3809 3704 3463 3334 3079 2811 2584 2301 1976 1775 1481 1258 1142 930 830 683 581 489 409 362 271 213 206 142 146 132 92 86 66 56 40 45 20 27 13 19 12 7 13 12 7 2 3 3 3 2 1 1 2 1 0 0 1 1 0 2 0 0 0 0 0 0 0 0 0 
1 1 1 0 0 1 1 1 0 3 2 1 3 0 2 3 1 0 3 6 4 4 7 11 6 10 11 11 11 15 19 30 28 26 44 40 66 63 90 94 112 120 138 176 178 222 279 295 337 432 458 549 614 733 819 929 1092 1231 1362 1512 1762 1968 2149 2439 2644 2919 3133 3410 3613 3699 3764 3790 3883 3848 3726 3532 3481 3175 2976 2534 2379 2080 1845 1587 1489 1282 1038 843 747 634 504 418 381 303 248 223 169 147 124 102 92 68 63 38 55 27 27 19 16 15 16 17 6 7 8 5 4 1 7 1 1 3 1 1 1 1 1 0 0 0 0 0 0 0 0 0 0 
1 0 0 0 0 0 0 0 0 1 2 0 0 0 4 2 1 1 4 6 8 6 10 8 7 15 9 6 17 22 33 26 25 49 40 42 61 73 88 94 114 147 138 182 208 240 290 353 381 428 502 533 650 757 849 1000 1158 1307 1527 1678 1768 2005 2257 2544 2717 3096 3233 3256 3565 3712 3774 3824 3890 3869 3636 3468 3353 3103 2780 2493 2304 2061 1771 1542 1339 1175 922 846 687 565 434 447 358 312 282 215 170 128 113 112 88 62 58 57 34 42 32 22 21 12 12 11 12 6 10 5 2 5 6 1 3 2 1 0 2 3 2 2 1 0 1 0 0 0 0 0 0 0 0 0 0 0 
1 0 0 0 0 0 0 1 0 0 0 0 0 0 3 0 0 0 0 0 2 0 1 2 0 0 2 1 0 2 1 4 10 3 3 6 7 12 11 12 12 22 20 21 27 33 23 41 54 60 61 78 90 113 117 147 150 185 226 254 290 375 388 455 520 670 757 848 978 1088 1272 1449 1618 1864 2013 2255 2500 2699 2971 3194 3444 3620 3686 3792 3945 3845 3885 3697 3479 3475 3098 2724 2702 2412 2024 1760 1569 1346 1114 1023 848 723 610 515 434 346 266 228 208 163 154 114 103 73 72 55 42 35 32 36 18 13 11 18 6 9 1 2 4 1 1 2 1 3 3 0 3 0 1 3 2 0 0 0 0 1 0 0 0 0 0 0 0 0 
1 0 0 0 0 0 1 0 2 1 0 2 0 3 2 3 2 2 5 2 2 8 6 9 18 9 10 12 9 9 24 23 44 28 50 51 54 68 67 69 91 118 131 153 173 206 227 271 297 366 423 520 559 632 791 912 990 1064 1278 1475 1651 1828 2091 2275 2563 2788 2973 3198 3374 3503 3774 3773 3945 3940 3811 3799 3603 3257 3171 2715 2525 2249 2020 1779 1562 1184 1130 942 784 676 578 479 425 310 279 220 190 181 137 107 105 69 60 57 53 33 37 20 18 15 11 9 12 12 5 3 4 5 1 1 1 1 1 1 0 0 0 0 0 0 0 0 0 0 0 
1 0 0 0 0 0 0 0 1 0 0 0 0 0 1 0 4 2 2 0 3 1 1 5 4 4 5 6 4 9 3 15 9 18 10 17 25 30 30 25 40 61 51 51 62 81 101 90 138 142 184 183 237 271 333 354 440 491 547 608 767 822 1015 1192 1211 1532 1601 1774 2113 2308 2515 2722 2952 3190 3463 3617 3721 3853 3896 3877 3873 3710 3518 3324 3110 2782 2539 2334 2026 1741 1485 1314 1125 929 840 704 591 480 411 337 288 239 190 161 128 96 95 81 75 70 53 40 31 29 15 18 19 19 4 10 5 8 5 1 3 1 2 0 3 0 2 1 0 0 0 1 0 0 0 0 0 0 0 0 0 0 
1 0 0 2 0 0 0 0 0 0 4 0 1 1 0 3 1 2 4 4 3 1 5 4 5 18 7 9 9 22 25 16 15 34 28 30 45 67 74 74 91 107 114 139 144 169 200 239 257 340 382 435 502 589 644 807 895 945 1124 1272 1499 1658 1818 2108 2242 2576 2711 2960 3176 3480 3621 3870 3735 3843 3951 3843 3732 3482 3401 3071 2768 2529 2227 2029 1785 1518 1303 1102 951 794 708 558 486 404 342 264 227 196 163 171 124 110 75 65 53 43 53 37 24 28 24 16 12 9 12 6 9 6 2 2 4 1 1 0 1 0 2 0 1 0 0 0 0 1 0 0 0 0 0 0 0 0 0 0 
1 0 0 0 0 0 0 0 1 2 1 0 0 0 2 1 2 2 1 2 3 5 5 7 6 15 10 8 8 12 21 13 20 26 27 36 36 57 68 65 74 82 101 121 145 181 188 215 222 286 340 356 457 532 591 710 825 909 1005 1182 1349 1569 1664 1919 2177 2390 2603 2861 3055 3210 3431 3580 3782 3804 3882 3786 3800 3720 3544 3257 3050 2679 2384 2287 1936 1665 1448 1248 1086 906 784 655 573 405 405 321 268 256 183 147 132 121 90 80 61 53 41 42 30 22 18 12 16 14 8 5 6 4 4 3 3 6 2 2 0 0 4 1 0 0 0 0 0 0 0 0 0 0 0 0 
1 0 0 0 0 
1 0 0 0 0 0 0 0 1 0 0 0 1 0 0 0 0 0 1 1 2 0 5 2 1 1 0 2 2 11 4 3 6 7 11 12 14 24 22 25 27 19 37 47 51 66 78 68 102 103 145 148 154 176 232 245 307 348 405 466 545 591 664 790 893 1057 1215 1370 1432 1678 1917 2085 2472 2630 3010 3006 3273 3407 3650 3809 3832 3979 3865 3845 3760 3464 3228 2911 2715 2513 2178 1794 1702 1436 1281 992 921 770 702 559 434 374 302 262 219 174 157 101 119 73 57 61 60 35 40 30 20 23 20 10 10 7 10 8 1 1 6 5 1 5 1 0 2 0 0 0 0 0 1 0 0 0 0 0 0 0 0 0 
1 0 0 0 0 0 0 0 1 2 0 0 0 0 2 1 2 6 2 0 7 6 4 4 4 8 3 11 18 8 11 21 17 26 30 32 48 43 63 56 83 74 99 96 137 134 190 203 244 286 324 373 412 504 536 686 759 846 1006 1104 1244 1393 1606 1793 2047 2323 2489 2676 2978 3272 3382 3616 3864 3684 3813 3855 3841 3754 3421 3299 3085 2792 2586 2226 2010 1788 1547 1340 1103 1007 876 711 615 509 378 370 303 258 175 165 153 108 101 89 71 53 55 30 41 25 19 26 12 14 13 8 9 4 7 6 5 1 1 3 2 3 1 0 2 1 0 0 0 1 0 0 0 0 0 1 0 0 0 
1 0 0 0 0 0 0 0 0 1 1 0 0 0 0 0 1 5 1 1 1 3 3 3 1 4 5 12 6 14 7 8 12 15 14 18 30 31 29 28 44 41 61 57 73 98 97 116 122 132 176 223 198 249 328 378 457 455 558 640 716 865 966 1108 1265 1435 1644 1862 1990 2252 2474 2667 2896 3198 3346 3621 3784 3785 3846 3831 3833 3682 3541 3419 3139 2805 2498 2329 2127 1741 1574 1358 1165 982 803 643 616 445 423 321 289 253 203 175 143 108 91 80 67 56 50 41 18 31 24 17 14 11 8 7 4 4 0 1 3 5 2 0 0 1 2 0 0 0 1 2 0 0 0 1 0 0 0 0 0 0 1 0 0 0 1 0 0 0 0 0 0 0 0 0 0 0 0 
1 0 0 0 0 0 0 0 0 0 1 0 3 0 0 0 1 0 1 3 1 0 1 0 0 4 1 2 3 2 6 3 7 7 6 9 8 7 12 22 27 21 18 20 26 45 53 48 61 69 83 82 109 114 139 162 178 212 267 305 319 428 473 504 620 662 786 872 964 1134 1331 1505 1714 1875 2113 2349 2599 2799 3021 3197 3457 3612 3772 3953 3833 3883 3826 3677 3553 3237 2955 2705 2502 2162 1853 1683 1435 1264 1100 890 757 641 532 506 356 323 300 219 177 151 142 98 96 76 70 60 44 37 41 18 16 14 16 16 9 11 5 5 6 3 1 0 0 3 1 0 2 0 2 0 1 0 0 0 0 0 0 0 1 0 0 0 0 0 0 0 0 0 0 0 0 0 
1 0 0 0 1 2 0 0 0 0 0 1 1 1 7 1 3 4 10 5 9 6 10 7 8 18 18 24 26 29 18 43 34 46 43 65 75 91 84 129 146 152 171 215 260 334 320 369 458 553 620 670 773 877 1070 1188 1290 1460 1653 1894 2029 2388 2577 2732 2987 3213 3451 3630 3661 3865 3939 3769 3860 3672 3365 3279 2966 2772 2510 2238 2071 1670 1471 1383 1085 941 853 657 571 481 383 320 291 237 225 156 119 113 66 80 69 54 44 36 25 21 24 23 10 15 4 4 9 9 4 6 2 2 1 3 1 1 1 0 0 0 1 0 0 0 0 0 0 0 0 
1 0 0 0 0 0 1 1 1 0 0 0 0 2 0 4 3 0 3 2 1 3 2 3 7 6 8 10 2 6 10 11 18 18 22 20 38 35 34 45 67 51 62 109 101 124 164 163 178 199 255 297 341 396 453 553 596 716 760 882 1024 1170 1302 1566 1589 1879 2079 2326 2587 2791 2946 3104 3526 3612 3689 3859 4002 3926 3846 3460 3408 3258 2995 2814 2416 2160 1944 1772 1484 1259 1064 912 817 667 564 453 430 348 273 247 216 175 154 96 109 88 63 62 60 38 26 36 28 17 16 13 13 9 9 4 6 7 5 4 3 1 1 1 4 1 3 1 1 2 0 2 1 3 0 1 2 0 0 1 1 0 0 0 1 0 0 0 0 0 0 0 0 0 0 0 
1 0 0 0 1 0 0 2 3 1 1 0 1 0 2 3 4 2 4 1 4 1 5 3 5 10 12 7 12 14 15 16 23 28 29 36 43 43 63 54 86 85 101 107 163 167 200 240 284 273 331 419 452 522 584 751 812 935 1025 1351 1395 1575 1777 2033 2233 2410 2746 2820 3156 3369 3486 3744 3830 3806 3899 3791 3631 3582 3372 3170 2931 2630 2419 2101 1789 1575 1394 1250 1058 895 772 599 525 407 355 315 211 207 152 151 125 98 83 70 68 54 39 35 26 23 24 18 12 7 12 12 4 4 3 5 1 5 1 0 2 2 0 0 0 0 0 1 0 1 0 0 0 0 0 0 0 0 0 0 0 0 0 0 
1 0 0 0 0 0 0 1 2 0 3 3 1 1 3 3 2 9 9 6 5 9 11 12 8 12 28 36 24 36 30 53 58 52 87 72 99 93 99 117 159 197 201 230 258 276 389 400 489 528 652 790 834 986 1119 1240 1401 1613 1763 2000 2245 2503 2653 3035 3071 3258 3587 3805 3744 3787 3958 3739 3656 3468 3383 3188 2872 2582 2298 2018 1845 1618 1419 1197 994 869 704 623 518 441 368 312 244 195 181 138 128 108 92 57 67 43 44 49 20 18 21 12 13 10 7 10 2 7 2 5 6 1 3 0 0 1 0 1 0 1 1 1 0 0 0 1 0 0 0 0 0 0 0 0 0 0 0 0 
1 0 0 0 0 1 0 0 1 1 0 0 1 0 0 1 2 0 0 2 0 3 1 1 1 0 4 1 3 1 3 6 4 6 4 9 9 12 10 15 20 14 12 28 25 41 39 35 61 63 83 103 90 130 154 165 185 218 244 320 346 391 496 577 621 687 850 978 1120 1295 1347 1483 1761 2021 2214 2418 2676 3044 3291 3338 3637 3662 3773 3882 3874 3908 3710 3607 3306 3058 2952 2631 2331 2113 1894 1627 1343 1124 994 830 725 585 520 430 359 266 228 181 167 146 119 103 93 52 63 44 34 35 39 27 17 13 16 15 10 10 5 0 4 5 6 2 1 0 1 1 0 1 0 0 1 0 2 0 0 0 0 0 0 0 0 0 0 0 
1 0 0 0 0 1 1 0 1 0 1 2 0 0 2 0 4 2 0 2 5 4 4 9 4 7 5 6 15 12 13 19 14 22 30 29 33 43 61 63 57 66 66 85 101 130 182 199 211 248 270 359 395 422 519 641 684 795 891 996 1178 1306 1503 1701 1972 2035 2265 2488 2764 3107 3232 3455 3615 3818 3800 3911 3878 3747 3734 3482 3283 3041 2821 2426 2203 1963 1690 1507 1223 1028 924 758 682 565 450 380 328 291 234 201 171 118 118 86 81 60 51 39 40 29 26 14 15 20 16 15 14 5 7 3 5 1 2 2 0 2 1 0 1 0 0 0 0 0 0 0 0 0 0 
1 0 0 0 0 0 0 0 0 
1 0 0 0 1 1 0 1 0 2 5 1 4 4 9 3 2 13 7 10 12 15 19 12 27 28 34 35 38 44 62 72 59 93 112 139 161 172 185 221 284 308 368 462 529 548 646 727 887 1000 1062 1272 1459 1610 1773 2082 2343 2497 2714 3017 3113 3434 3620 3737 3814 3830 3902 3791 3659 3602 3410 3113 2826 2562 2223 1963 1760 1583 1301 1102 967 847 723 604 523 452 363 293 256 204 167 145 145 105 82 68 57 40 36 46 22 23 19 15 12 8 8 10 7 4 6 4 1 3 2 1 1 0 0 4 1 1 0 1 0 0 0 0 1 1 0 0 0 0 0 0 0 0 0 0 0 0 0 
1 0 0 0 0 0 0 0 
1 0 0 0 0 0 0 0 0 0 
1 0 0 0 0 1 1 0 0 2 0 0 0 1 0 0 1 1 2 1 1 2 0 0 3 0 3 3 5 5 6 2 3 8 5 9 10 12 15 22 17 19 25 28 27 39 45 55 60 75 86 95 108 136 164 193 222 245 281 355 398 434 485 570 692 780 893 997 1180 1272 1432 1657 1933 2118 2285 2462 2680 2983 3261 3417 3656 3746 3776 3889 3945 3742 3610 3581 3340 3067 2942 2462 2224 1953 1748 1460 1354 1070 900 793 665 566 476 401 349 281 237 201 160 150 124 89 75 66 53 47 41 34 31 22 17 22 18 10 9 6 2 6 3 3 2 1 5 2 0 2 2 1 0 0 0 0 0 1 0 0 0 1 0 0 0 0 0 0 0 0 0 
1 0 0 0 0 0 1 0 1 0 1 0 1 1 1 3 4 0 2 3 2 3 1 7 3 8 14 15 12 20 14 17 19 24 37 41 37 58 57 68 69 90 98 121 164 172 194 219 247 290 342 393 447 526 619 651 825 919 1063 1155 1378 1441 1528 1910 2091 2317 2548 2739 3064 3275 3380 3664 3758 3785 3841 3788 3852 3684 3540 3184 3024 2813 2471 2195 1929 1771 1483 1281 1111 909 811 652 563 451 370 349 285 210 215 153 149 100 99 83 77 56 44 49 36 24 15 15 18 10 11 8 7 8 9 2 3 2 1 3 0 3 1 2 0 0 1 1 0 0 1 0 0 0 0 0 0 0 0 0 0 0 0 
1 0 1 2 0 0 0 2 1 0 2 0 1 1 0 3 1 1 2 6 6 8 6 4 4 9 6 11 15 16 14 16 22 20 39 57 38 64 66 62 79 115 118 131 158 188 211 227 310 351 397 463 495 553 682 777 910 1032 1215 1308 1417 1725 1923 2097 2329 2628 2793 2974 3110 3444 3591 3795 3790 3798 3838 3676 3623 3649 3213 2983 2754 2474 2230 1929 1763 1481 1318 1067 949 798 663 574 489 442 335 271 236 195 169 146 136 98 89 70 65 58 50 37 27 24 15 14 24 13 8 8 10 5 5 2 2 5 0 3 3 3 1 1 0 0 0 1 0 0 0 0 0 1 0 2 0 0 0 0 0 0 0 0 
