1 1 1 1 1 2 2 2 1 1 1 1 1 1 1 3 4 6 6 7 7 7 10 14 20 25 24 25 32 35 45 52 53 67 76 83 94 108 130 148 172 203 245 288 336 402 460 538 625 730 837 969 1130 1259 1460 1711 1982 2287 2647 3000 3467 4005 4612 5287 6099 6982 8038 9225 10494 11840 13324 14928 16787 18658 20470 22358 24308 26000 27843 29335 30656 31560 32320 32629 32567 32198 31299 30130 28656 26990 25123 23138 21128 19067 17049 15046 13228 11489 10013 8659 7392 6331 5363 4517 3813 3233 2741 2315 1938 1611 1340 1086 907 756 653 560 471 395 317 252 200 174 148 121 100 84 76 62 54 42 38 36 34 30 28 22 19 17 17 16 14 14 13 12 11 11 10 7 7 6 4 3 3 1 1 1 1 1 1 1 1 1 1 1 1 0 
1 1 1 1 1 1 1 1 2 5 5 4 4 5 8 14 19 19 20 22 30 35 45 45 56 70 74 87 98 119 151 167 197 237 273 306 354 400 447 506 598 713 848 948 1101 1263 1475 1744 2020 2354 2725 3141 3616 4223 4797 5513 6419 7387 8459 9643 10897 12310 13824 15546 17322 19240 21194 23026 24936 26642 28388 29897 31186 32036 32458 32654 32398 31805 31010 29721 28136 26294 24363 22356 20444 18416 16409 14461 12795 11109 9581 8223 7018 5961 5056 4302 3603 3033 2573 2154 1769 1477 1224 1019 835 694 583 488 415 349 276 245 213 194 160 133 113 90 77 63 46 38 34 31 25 21 18 16 13 11 11 9 8 4 5 5 3 3 3 2 1 1 1 1 1 0 
1 1 1 0 
1 1 1 1 1 2 1 1 2 3 4 4 4 5 6 5 7 7 6 6 7 9 11 17 17 17 19 25 28 39 47 50 56 73 91 109 128 156 182 215 243 277 328 386 447 527 604 705 839 979 1116 1295 1511 1758 2036 2382 2775 3244 3707 4293 4908 5573 6358 7283 8291 9436 10720 12140 13598 15204 16966 18892 20860 22659 24531 26462 28255 29705 30964 31826 32379 32672 32619 31872 30978 29939 28349 26639 24658 22651 20537 18406 16398 14533 12901 11244 9769 8423 7226 6143 5199 4426 3753 3165 2661 2229 1880 1573 1319 1115 927 770 639 522 445 385 318 272 221 170 132 117 89 70 60 54 49 42 31 29 22 16 13 12 12 10 8 6 5 3 2 2 1 1 1 1 1 1 1 1 0 
1 1 1 4 4 5 8 7 9 10 11 13 13 14 16 19 20 24 25 29 33 34 53 64 75 82 96 117 131 164 186 216 250 283 329 359 413 474 541 625 749 852 958 1124 1298 1517 1793 2064 2395 2775 3198 3705 4266 4883 5606 6431 7403 8459 9623 10881 12222 13707 15405 17215 19039 20969 22903 24886 26723 28396 29859 31071 32056 32680 32840 32537 32040 31101 29851 28236 26312 24376 22361 20292 18089 16049 14249 12562 10950 9423 8070 6924 5918 5026 4257 3607 3028 2543 2128 1797 1495 1223 1013 838 707 569 469 388 322 281 241 194 171 139 127 106 94 82 74 65 47 42 38 32 26 20 15 16 15 12 8 8 9 7 6 4 3 3 1 1 0 
1 1 1 1 2 2 2 2 3 3 5 6 6 7 10 13 16 19 23 25 31 39 48 57 69 84 100 124 140 166 182 210 259 300 347 405 488 578 664 749 867 1010 1172 1352 1565 1830 2090 2430 2817 3262 3758 4283 4953 5708 6540 7524 8616 9811 11128 12615 14124 15771 17453 19368 21213 23098 24946 26616 28227 29813 31112 31961 32516 32620 32376 31751 30707 29468 27886 26159 24334 22248 20212 18192 16227 14397 12640 11065 9563 8252 7087 6069 5092 4270 3593 2960 2463 2031 1698 1408 1163 977 827 699 594 529 435 355 291 248 213 174 146 118 100 83 67 61 47 36 28 27 25 22 18 15 10 8 4 4 4 3 2 2 1 1 1 1 0 
1 1 1 1 1 1 1 1 1 0 
1 1 1 1 1 1 1 1 2 2 1 1 1 1 1 0 
1 1 1 1 2 2 3 3 3 6 7 11 11 11 15 17 19 20 26 34 38 40 55 59 78 94 109 131 158 179 208 242 271 301 353 425 489 568 652 743 873 1013 1173 1382 1575 1822 2104 2440 2816 3265 3775 4343 4940 5696 6519 7467 8603 9820 11072 12498 14092 15770 17640 19414 21295 23137 25149 26995 28687 30200 31354 32138 32706 32885 32617 31928 30918 29606 28016 26091 24279 22162 20051 17956 15930 14041 12249 10612 9203 7926 6765 5789 4976 4188 3512 2942 2488 2080 1702 1429 1215 1011 841 700 572 473 390 325 270 235 196 151 121 105 94 74 67 52 41 32 22 20 16 16 11 11 10 9 7 5 3 2 1 1 1 1 1 0 
1 1 1 2 2 3 4 5 5 5 5 5 6 8 9 12 14 17 16 18 20 22 30 33 37 40 50 58 72 80 100 120 145 157 180 204 254 297 333 391 480 572 658 786 904 1039 1206 1408 1634 1911 2244 2546 2919 3384 3951 4532 5348 6183 7067 8049 9225 10414 11703 13237 14809 16499 18314 20078 22083 23945 25631 27478 29042 30345 31386 32053 32481 32439 31907 31120 30056 28686 26981 25164 23216 21177 19211 17188 15252 13469 11886 10343 8868 7601 6485 5544 4729 3988 3349 2805 2385 2045 1725 1430 1180 1006 835 689 588 498 405 350 299 255 208 176 145 128 111 85 68 60 48 36 25 20 16 10 8 7 8 7 4 4 4 3 1 2 2 1 1 1 1 1 1 1 1 0 
1 1 2 3 3 3 3 3 3 3 3 3 4 6 6 4 5 5 4 5 6 6 7 7 9 8 11 15 14 16 23 28 32 39 41 46 60 70 81 97 112 127 136 157 189 222 259 305 345 391 466 561 654 747 893 1036 1210 1401 1633 1899 2244 2617 2996 3474 3998 4548 5271 6014 6875 7858 8994 10210 11539 12941 14568 16339 18076 19944 21790 23658 25595 27300 29176 30489 31345 32147 32642 32650 32338 31567 30350 28897 27228 25305 23303 21349 19360 17358 15438 13607 11969 10441 8977 7639 6610 5578 4791 4012 3370 2818 2339 1946 1639 1371 1180 1009 827 687 561 464 397 315 262 212 179 160 137 112 89 67 59 55 44 32 27 19 17 16 10 7 5 3 3 3 2 2 2 2 1 1 1 1 1 1 0 
1 1 1 1 1 2 3 5 5 5 4 4 4 4 5 2 3 5 6 7 8 12 12 13 17 21 26 32 38 41 52 57 66 76 81 92 107 123 133 152 179 223 277 313 369 437 504 580 670 771 882 1034 1198 1396 1679 1940 2243 2577 2957 3447 3959 4554 5261 6042 6967 7953 9076 10318 11650 13052 14566 16322 18075 20041 21916 23745 25619 27246 28722 30082 31246 32035 32413 32394 31954 31329 30130 28753 27237 25391 23489 21437 19393 17322 15341 13515 11850 10307 8972 7725 6630 5621 4769 4036 3389 2876 2412 1986 1627 1385 1147 936 791 666 556 473 398 326 270 226 194 152 130 112 88 76 61 50 39 32 25 23 18 18 15 10 7 7 6 5 5 4 2 1 1 1 1 1 0 
1 1 1 1 1 2 1 1 1 1 2 4 4 4 5 4 6 7 8 8 10 10 10 10 14 14 13 18 20 21 21 24 31 32 38 41 44 56 73 79 95 117 140 164 197 225 256 305 349 393 450 500 590 702 803 927 1062 1230 1419 1666 1917 2273 2674 3082 3550 4154 4773 5531 6383 7431 8529 9708 11025 12519 14056 15768 17656 19507 21371 23269 25057 26804 28462 30047 31388 32322 32754 32778 32569 31947 30969 29598 27931 26206 24288 22368 20271 18203 16127 14180 12519 10877 9371 8099 6884 5839 4911 4172 3485 2941 2486 2068 1758 1470 1224 1015 831 704 587 486 408 340 286 246 197 162 136 117 90 70 59 55 43 36 27 23 18 14 12 9 9 7 6 6 6 5 5 3 1 1 0 
1 1 1 1 1 1 1 1 1 1 1 1 1 2 1 1 1 1 1 1 2 2 1 1 2 3 5 7 7 7 8 10 13 15 20 20 21 21 30 35 40 49 65 73 84 94 111 131 156 188 216 265 306 337 396 465 554 624 710 818 937 1107 1255 1444 1676 1951 2251 2615 3007 3470 4030 4638 5359 6123 6968 7979 9107 10361 11763 13238 14822 16602 18436 20273 22112 24134 26119 28015 29687 30937 31912 32625 32845 32783 32190 31438 30325 28839 26949 25019 23209 21141 19057 16964 15028 13193 11570 10126 8779 7486 6316 5347 4503 3786 3196 2611 2206 1830 1479 1240 1061 898 733 614 511 431 349 300 237 196 167 139 112 89 81 64 56 45 40 33 31 23 18 15 13 13 11 11 9 9 7 6 5 3 3 3 3 1 0 
1 1 1 1 3 3 3 3 3 4 4 6 8 9 11 14 16 15 16 19 22 25 33 42 41 47 56 66 72 82 98 112 121 145 159 187 221 266 321 369 436 511 584 677 763 872 1015 1173 1380 1610 1852 2159 2500 2953 3398 3969 4592 5272 6053 6939 7892 8945 10175 11537 13099 14689 16356 18251 20136 21969 23804 25732 27635 29100 30436 31618 32320 32626 32649 32240 31485 30421 28969 27338 25446 23405 21331 19209 17062 15150 13292 11614 10237 8852 7645 6527 5531 4769 4029 3408 2858 2420 2021 1692 1437 1200 996 846 715 614 531 456 394 324 263 223 196 163 131 100 83 67 57 43 36 36 30 25 16 12 9 8 7 7 7 5 4 3 1 0 
1 1 1 1 1 1 1 2 2 3 3 8 8 8 8 9 13 17 24 29 33 38 45 46 48 57 73 91 97 107 121 153 189 220 259 299 346 402 466 530 621 716 865 985 1149 1348 1559 1763 2061 2417 2790 3236 3737 4289 4968 5703 6582 7623 8745 9821 11098 12570 14112 15773 17509 19363 21216 23222 25090 26854 28546 30010 31159 32104 32579 32776 32585 31863 30822 29662 27939 26140 24234 22166 20125 18051 16012 14095 12362 10638 9181 7913 6807 5777 4951 4188 3471 2873 2437 2065 1762 1504 1244 1026 861 719 594 497 435 369 299 243 195 162 132 108 89 77 62 56 47 42 32 28 22 20 16 16 10 9 6 5 5 5 2 1 1 1 0 
1 1 2 2 3 3 5 7 7 7 10 12 15 15 15 16 15 24 29 32 39 44 50 60 72 86 93 115 133 156 187 236 266 296 337 398 459 550 634 715 804 914 1106 1290 1482 1706 1989 2298 2661 3092 3611 4168 4756 5493 6328 7275 8367 9517 10947 12443 13983 15575 17456 19337 21221 23154 25164 26960 28632 30122 31348 32249 32935 32943 32627 32026 31089 29775 28192 26471 24450 22364 20209 18136 16089 14183 12434 10849 9463 8138 6971 5926 5005 4239 3574 3017 2517 2131 1759 1485 1255 1025 843 690 572 467 395 334 271 208 159 133 113 88 79 57 52 37 32 26 23 17 17 15 12 9 7 8 8 8 7 7 4 4 3 3 3 3 2 2 2 2 1 1 1 1 0 
1 1 1 1 1 1 1 1 1 1 1 2 2 2 1 1 1 1 1 2 2 2 2 2 3 4 5 6 6 7 6 7 9 11 13 17 19 23 26 35 43 49 55 60 73 88 98 112 119 140 172 193 213 241 275 331 387 452 549 640 727 844 967 1121 1276 1473 1740 2007 2361 2769 3237 3721 4261 4901 5643 6510 7436 8481 9660 10972 12478 14069 15707 17478 19294 21139 23031 24848 26651 28287 29686 31012 31875 32485 32775 32594 32029 31187 29847 28326 26506 24454 22470 20465 18354 16322 14395 12644 11004 9528 8213 6969 5860 4963 4200 3547 2997 2501 2111 1770 1508 1253 1053 866 714 594 488 401 316 264 211 164 142 125 101 89 76 62 57 46 37 29 27 21 20 19 13 8 7 5 5 2 2 2 2 1 1 1 1 1 0 
1 1 1 3 3 3 4 6 7 6 7 8 9 9 11 12 14 16 17 16 18 25 35 37 44 50 65 75 85 101 115 131 154 166 197 215 262 298 355 418 469 558 662 768 894 1048 1249 1463 1692 1982 2345 2733 3138 3644 4141 4749 5475 6412 7349 8371 9515 10870 12355 13962 15577 17245 19095 21088 22916 24845 26654 28370 29809 30914 31964 32463 32688 32538 31981 31049 29828 28418 26555 24599 22490 20400 18437 16421 14452 12654 11079 9550 8231 7079 6007 5084 4282 3610 3031 2570 2157 1796 1480 1245 1045 871 713 601 487 407 331 286 232 187 166 135 112 94 82 70 54 49 40 33 31 27 21 17 16 13 8 6 5 5 5 4 3 3 3 4 2 2 2 2 2 2 1 1 0 
1 1 1 1 0 
1 1 1 2 2 2 3 2 2 3 3 5 6 7 7 8 9 15 17 18 21 27 30 35 42 48 56 74 87 100 112 130 139 168 198 229 258 314 373 436 498 583 675 796 906 1050 1232 1411 1636 1873 2175 2554 2963 3419 3926 4573 5226 5988 6852 7812 8890 10107 11491 12924 14458 16153 17885 19688 21764 23737 25589 27324 28976 30421 31458 32281 32754 32799 32522 31711 30638 29144 27564 25742 23790 21702 19753 17720 15714 13810 12060 10415 9004 7710 6546 5512 4671 3913 3263 2706 2209 1863 1552 1262 1047 880 706 591 497 403 339 274 234 191 159 134 109 89 74 65 59 49 41 33 30 27 21 18 15 13 11 9 6 4 5 6 4 4 4 3 2 2 2 1 1 1 1 1 1 1 1 1 1 1 1 1 1 1 1 0 
1 1 1 1 1 1 1 2 2 4 5 7 8 8 9 9 13 15 17 21 20 22 28 34 42 49 55 61 75 89 100 117 143 154 178 225 260 307 349 407 476 562 656 761 883 1013 1186 1377 1627 1851 2145 2496 2914 3376 3951 4543 5207 5918 6805 7756 8864 10113 11531 13072 14552 16200 18012 19823 21775 23677 25536 27378 28965 30339 31409 32195 32561 32619 32179 31609 30518 29035 27482 25626 23603 21522 19478 17417 15417 13623 11933 10306 8948 7739 6622 5658 4765 4051 3414 2831 2332 1976 1635 1396 1172 975 810 689 579 480 407 329 277 238 197 155 127 99 78 65 53 44 44 38 32 26 19 18 18 15 14 13 11 8 7 7 7 7 6 4 3 2 2 2 2 3 2 1 1 1 1 1 1 1 1 1 1 1 1 1 1 1 1 1 0 
1 1 1 1 1 1 2 3 3 3 2 2 2 2 2 3 4 5 8 11 11 14 15 15 16 20 24 28 33 40 50 56 62 70 87 100 114 129 152 182 200 224 255 310 363 429 471 527 605 693 816 933 1081 1247 1432 1660 1952 2255 2659 3099 3624 4165 4860 5637 6483 7401 8412 9644 11054 12441 14016 15750 17554 19327 21316 23266 25121 26858 28487 29953 31174 32126 32731 32962 32560 31859 30944 29583 28162 26314 24352 22326 20310 18131 16154 14319 12704 11002 9464 8161 6957 5930 5052 4281 3578 3065 2592 2124 1774 1461 1195 1007 850 709 585 494 401 330 265 207 172 141 114 91 73 60 53 47 41 32 27 25 21 17 14 12 10 10 8 7 4 2 2 2 1 2 1 1 1 1 1 1 0 
1 1 1 1 1 1 1 1 1 2 3 3 3 3 4 5 6 6 8 10 9 11 12 17 20 24 27 34 38 39 44 52 57 71 87 99 114 131 154 180 210 254 299 339 381 448 518 594 689 787 931 1056 1218 1431 1649 1890 2216 2565 2967 3393 3930 4519 5249 6041 6943 7904 8988 10196 11457 12946 14533 16264 18042 19973 21937 23877 25682 27572 29113 30439 31466 32392 32799 32793 32291 31450 30398 29063 27289 25261 23357 21302 19388 17420 15513 13713 12005 10420 8968 7692 6558 5562 4766 4003 3372 2836 2363 1990 1656 1396 1142 938 788 675 561 464 384 314 265 221 184 158 132 117 97 83 70 61 50 38 31 27 25 18 14 11 11 10 6 5 5 6 6 6 6 4 3 3 1 1 0 
1 1 1 1 1 1 1 0 
1 1 1 1 1 1 1 1 1 0 
1 1 1 2 2 2 2 4 4 4 4 3 4 5 4 6 6 7 9 11 13 16 21 22 26 28 28 38 45 50 61 69 84 103 123 140 163 193 224 264 345 402 448 510 593 693 792 946 1063 1228 1450 1669 1940 2233 2591 3007 3485 4097 4714 5454 6277 7193 8255 9387 10609 11898 13420 15172 16894 18758 20567 22460 24392 26152 27982 29634 30839 31780 32488 32702 32506 32015 31147 29917 28342 26691 24853 22932 20861 18887 16876 14938 13064 11437 9955 8558 7341 6244 5373 4548 3827 3181 2681 2287 1937 1647 1368 1109 914 750 637 532 443 356 306 256 205 156 125 105 90 78 67 60 51 40 31 23 17 19 14 12 11 10 10 10 8 7 7 6 4 4 4 3 2 1 1 0 
1 1 1 1 1 1 1 2 3 3 3 3 3 4 4 4 5 8 9 10 11 15 19 26 29 34 38 48 56 62 77 95 108 127 137 149 172 195 232 280 321 356 402 478 543 603 714 847 980 1120 1330 1519 1759 2039 2356 2700 3114 3604 4146 4751 5491 6341 7314 8304 9461 10745 12162 13712 15354 17053 18966 20792 22646 24470 26179 27864 29410 30671 31542 32166 32400 32298 31891 30958 29720 28204 26561 24691 22744 20664 18682 16765 14890 13193 11550 10002 8589 7425 6327 5405 4527 3806 3223 2719 2295 1902 1593 1329 1109 919 764 622 514 427 349 289 234 199 167 147 124 102 81 69 51 45 34 30 22 18 14 9 6 5 5 5 4 3 2 1 1 0 
1 1 1 1 1 1 1 1 1 2 4 6 9 10 11 13 13 15 15 23 26 33 34 39 53 55 61 74 86 104 120 133 155 182 219 265 300 364 436 500 551 636 751 872 1028 1194 1369 1593 1892 2205 2544 2990 3445 4022 4647 5296 6040 6908 7889 8990 10196 11520 13127 14703 16411 18274 20042 21946 23856 25644 27407 29087 30376 31344 31998 32393 32519 32168 31493 30341 28942 27138 25371 23327 21393 19377 17337 15324 13454 11812 10363 8984 7720 6628 5678 4812 4081 3383 2854 2386 1996 1639 1341 1139 944 793 643 523 438 357 303 245 207 163 137 119 88 75 65 52 42 36 30 24 21 15 11 10 6 6 6 4 4 6 5 4 4 4 3 3 4 3 3 1 1 1 1 1 1 0 
1 1 1 2 2 2 3 3 3 3 4 7 8 9 8 10 19 23 22 26 32 35 39 50 60 77 89 103 123 144 177 214 254 294 327 376 440 516 596 705 827 941 1111 1311 1520 1732 2006 2365 2758 3217 3755 4335 4998 5779 6549 7499 8615 9830 11111 12538 14119 15811 17568 19469 21405 23304 25148 26845 28587 30098 31243 32089 32518 32754 32454 31850 30786 29427 27778 26040 24104 22108 20077 18121 16189 14270 12472 10809 9391 8074 6889 5848 4929 4156 3458 2903 2435 2025 1684 1392 1171 982 810 669 582 498 406 351 302 252 200 169 143 115 94 90 72 58 48 39 30 25 22 17 16 15 11 9 5 4 3 3 3 2 1 0 
1 1 1 1 1 1 1 1 1 1 1 2 2 2 2 1 1 1 1 2 4 5 5 5 7 8 13 15 15 20 21 25 29 29 37 38 42 47 54 65 78 82 102 115 132 164 184 212 242 291 330 368 439 510 590 684 798 960 1090 1305 1472 1688 1982 2314 2725 3172 3625 4198 4859 5553 6360 7326 8321 9543 10748 12155 13704 15277 16847 18643 20409 22228 24116 26032 27788 29320 30530 31600 32379 32770 32838 32265 31285 30024 28452 26772 24843 22803 20801 18829 16708 14852 13019 11355 9882 8556 7364 6230 5363 4537 3858 3274 2730 2280 1866 1518 1278 1060 878 721 617 497 422 337 274 232 200 174 138 109 88 71 55 41 35 30 22 21 15 14 9 6 4 4 3 3 3 2 1 0 
1 1 1 1 1 1 1 1 1 3 4 6 6 8 11 13 12 13 18 22 24 30 35 39 50 61 72 84 108 124 141 159 196 240 267 323 370 431 490 584 658 766 898 1057 1226 1435 1652 1914 2186 2530 2930 3391 3918 4560 5169 5949 6829 7746 8827 9996 11319 12740 14255 15929 17686 19630 21652 23609 25336 27070 28637 29943 31112 31875 32419 32458 32161 31358 30348 29082 27517 25723 23909 21777 19658 17667 15741 13939 12181 10631 9165 7921 6689 5724 4850 4060 3384 2831 2343 1979 1680 1417 1175 970 788 648 525 459 375 318 265 224 182 155 118 97 74 62 46 40 33 29 21 15 13 11 8 5 3 2 2 1 1 1 0 
1 1 1 2 2 2 4 4 5 5 6 7 7 6 7 10 14 19 23 26 25 28 31 35 40 48 64 76 91 103 120 141 172 186 212 249 292 325 379 451 534 623 732 870 998 1173 1387 1602 1849 2106 2441 2811 3277 3764 4344 4974 5712 6639 7573 8633 9883 11140 12511 14191 15781 17502 19457 21427 23391 25233 26994 28655 30073 31235 32245 32765 32914 32625 31729 30840 29437 27733 25957 23979 21921 19819 17891 15962 14066 12274 10679 9202 7962 6802 5788 4949 4168 3508 2924 2482 2109 1779 1501 1255 1051 879 734 614 514 429 352 294 247 201 165 138 114 102 83 69 59 47 41 38 27 25 20 19 18 15 13 11 8 6 5 5 4 4 3 2 2 2 2 2 1 1 1 0 
1 1 1 1 1 1 2 2 2 1 1 1 1 1 1 1 1 1 1 1 1 1 1 1 1 0 
1 2 2 4 4 6 7 10 11 17 18 19 21 25 33 39 47 55 69 84 92 109 128 142 171 196 225 257 311 342 389 461 525 611 718 827 944 1102 1285 1502 1751 2032 2367 2727 3172 3749 4330 4981 5679 6549 7443 8450 9719 10991 12438 13957 15573 17326 19057 20897 22916 24902 26709 28404 29838 30968 31817 32475 32818 32567 31892 30890 29686 28047 26256 24425 22342 20329 18278 16297 14459 12695 11077 9592 8272 7075 5995 5098 4309 3640 3057 2547 2164 1833 1525 1267 1033 853 708 613 494 405 333 281 224 180 145 115 88 67 53 51 43 34 26 21 22 18 14 12 12 9 8 7 6 3 1 1 1 1 1 1 1 1 1 1 2 1 1 1 1 1 0 
1 1 1 1 0 
1 1 1 1 1 1 1 1 1 1 1 2 3 3 3 4 4 4 4 4 4 6 7 6 6 6 9 14 13 11 11 15 19 22 29 32 39 43 56 71 82 92 99 129 154 181 215 245 287 332 396 457 559 634 733 839 976 1156 1324 1515 1719 1996 2318 2719 3145 3596 4122 4742 5480 6375 7306 8360 9523 10813 12177 13708 15336 17091 18891 20742 22624 24565 26348 28006 29435 30751 31739 32453 32730 32678 32284 31319 30130 28550 26774 24724 22746 20639 18596 16475 14552 12777 11121 9606 8195 7068 5971 5084 4331 3691 3121 2616 2180 1799 1526 1274 1079 905 734 595 481 406 340 283 228 199 159 136 118 96 77 61 53 41 36 32 26 25 22 16 15 12 12 8 5 4 3 1 0 
1 1 1 1 1 1 3 3 3 4 6 6 6 6 8 8 11 14 16 18 22 31 38 42 53 58 65 74 81 94 106 127 156 185 210 246 280 316 379 457 522 607 700 806 928 1061 1226 1424 1681 1940 2253 2613 3023 3511 4093 4742 5471 6277 7166 8190 9361 10744 12114 13699 15426 17203 19032 20868 22791 24608 26363 28022 29479 30856 31801 32489 32667 32595 31948 31112 29897 28361 26711 24861 22697 20662 18627 16606 14733 12867 11234 9672 8350 7110 6101 5178 4359 3747 3181 2676 2277 1902 1588 1324 1125 955 795 653 533 461 380 328 281 239 204 180 145 127 107 89 76 63 54 49 42 38 27 21 18 18 15 15 10 9 9 7 6 4 4 4 2 2 1 0 
1 1 1 1 2 2 2 2 3 3 4 4 7 7 9 9 11 12 15 25 34 38 38 55 61 68 72 93 106 121 136 156 178 212 269 293 348 420 477 554 648 757 871 1010 1194 1388 1584 1837 2108 2462 2875 3307 3834 4392 5036 5724 6503 7468 8555 9709 10927 12321 13920 15609 17342 19186 20982 23017 24904 26776 28408 29704 30853 31935 32457 32612 32476 31850 30844 29508 27875 26079 24239 22316 20247 18261 16325 14448 12652 11002 9550 8312 7140 6066 5136 4342 3642 3075 2588 2173 1845 1551 1293 1049 855 728 627 524 449 370 307 264 218 182 160 130 113 96 79 65 57 48 38 30 25 19 14 11 5 5 4 5 5 4 4 3 4 4 3 2 2 2 2 1 1 1 1 1 1 1 0 
1 1 1 1 1 1 1 2 2 2 2 1 1 1 2 1 1 1 2 2 2 2 2 2 2 4 4 4 4 7 9 10 10 15 16 17 19 22 24 24 27 33 37 47 57 71 85 106 130 147 163 185 227 249 297 350 412 468 553 633 716 817 964 1123 1292 1507 1763 2069 2384 2787 3215 3723 4294 4945 5651 6528 7429 8577 9735 11007 12420 14003 15672 17405 19261 21128 22953 24715 26400 28102 29596 30777 31601 32264 32452 32198 31686 30733 29501 27962 26243 24282 22227 20277 18332 16394 14487 12722 11086 9624 8329 7089 6029 5114 4372 3713 3119 2639 2244 1868 1563 1312 1077 893 756 637 528 434 372 311 263 208 175 151 127 113 99 78 64 56 50 49 37 32 26 23 18 17 17 17 12 12 9 9 8 6 4 4 2 2 2 1 1 1 1 0 
1 1 1 1 1 1 1 1 2 2 2 2 2 2 2 3 5 6 6 8 8 11 10 13 14 19 20 20 20 21 22 28 36 44 56 66 85 95 105 123 145 181 204 242 301 339 391 443 537 619 714 863 990 1103 1293 1536 1768 2013 2330 2679 3086 3578 4141 4804 5555 6388 7304 8368 9485 10710 12159 13686 15261 17005 18980 20770 22739 24788 26491 28215 29724 30929 31828 32436 32653 32490 31903 30982 29740 28189 26467 24570 22619 20540 18526 16540 14699 12919 11323 9790 8415 7220 6152 5216 4387 3692 3126 2649 2200 1863 1571 1284 1093 913 771 626 533 458 380 319 270 233 199 161 142 127 100 87 72 67 53 48 41 32 32 24 20 17 14 13 13 12 10 10 8 7 6 4 3 3 2 1 0 
1 1 1 1 1 1 1 1 1 1 0 
1 1 1 1 1 2 3 2 2 3 3 4 6 8 8 10 12 13 14 16 18 22 29 34 41 51 67 76 91 100 115 131 164 190 212 245 284 322 361 422 499 576 697 789 904 1050 1228 1396 1621 1858 2162 2473 2880 3343 3889 4486 5172 5913 6822 7770 8948 10206 11473 12817 14428 16156 17858 19714 21607 23645 25480 27144 28722 30187 31222 32031 32507 32576 32208 31437 30321 29047 27483 25701 23731 21743 19668 17701 15665 13758 12095 10572 9142 7776 6719 5781 4905 4145 3505 2980 2513 2111 1789 1479 1228 1039 848 719 597 504 422 345 294 244 210 188 161 135 120 100 80 64 53 43 34 25 18 13 9 8 7 3 3 1 1 1 1 1 0 
1 1 1 1 1 1 1 2 3 3 2 2 2 2 2 2 2 3 4 6 5 6 9 9 14 14 15 14 20 26 32 35 40 49 53 66 82 93 106 137 159 171 199 234 282 324 366 442 511 598 677 803 916 1088 1294 1493 1710 1981 2279 2659 3101 3597 4152 4778 5519 6356 7309 8281 9513 10860 12271 13819 15465 17271 19070 21036 23003 24945 26746 28430 29786 30973 31899 32517 32607 32423 31993 31097 29861 28247 26444 24409 22394 20339 18297 16299 14401 12648 11003 9585 8278 7124 6121 5200 4450 3757 3152 2657 2264 1902 1593 1326 1119 926 786 664 557 459 394 347 284 243 208 175 149 129 107 91 73 59 49 44 40 36 34 27 24 20 18 16 16 11 10 7 4 3 3 1 1 1 1 1 1 1 1 1 1 0 
1 1 1 1 1 1 1 2 2 2 3 5 6 9 9 12 14 14 15 16 20 22 27 42 43 52 58 60 67 70 83 101 114 135 162 180 205 244 283 336 383 448 510 576 687 780 892 1050 1241 1425 1644 1903 2202 2557 2977 3461 3961 4624 5339 6077 6959 7994 9123 10404 11681 13239 14876 16732 18574 20524 22410 24279 26159 28097 29645 30966 32057 32743 33062 32887 32384 31631 30336 28881 27065 25204 23029 20931 18857 16832 14881 13124 11438 9923 8533 7287 6167 5295 4483 3803 3186 2670 2242 1913 1596 1322 1126 951 778 651 556 453 374 317 270 227 188 154 129 111 91 82 68 67 52 40 37 31 27 22 18 13 11 11 7 4 4 3 3 3 3 3 3 2 1 1 1 1 0 
1 1 1 1 1 1 2 3 3 3 3 3 3 5 7 9 11 13 15 16 21 26 31 33 38 49 59 59 72 79 94 127 141 162 182 219 251 305 354 388 435 539 637 749 903 1037 1206 1434 1672 1954 2295 2655 3039 3593 4150 4771 5527 6334 7225 8297 9422 10746 12195 13793 15467 17167 19033 21104 23028 24934 26764 28224 29677 30820 31755 32390 32718 32629 32097 31111 29783 28277 26426 24605 22580 20564 18521 16549 14620 12841 11230 9760 8364 7157 6159 5202 4414 3635 3050 2566 2176 1854 1527 1246 1015 851 706 596 500 428 362 300 238 203 171 130 107 91 80 68 58 47 34 25 23 22 20 16 14 12 11 10 9 6 5 4 3 2 1 1 1 0 
1 1 1 1 1 1 1 4 3 3 4 4 6 6 6 7 8 10 12 16 17 15 16 20 22 22 24 32 34 36 41 45 54 60 64 74 83 92 109 127 137 158 202 245 278 320 374 411 478 570 663 776 903 1056 1246 1448 1698 1959 2272 2632 3017 3502 4039 4653 5340 6130 7042 8048 9193 10506 11897 13421 14966 16719 18413 20176 22090 24112 25946 27748 29367 30664 31728 32490 32751 32746 32094 31255 30136 28614 26891 25020 22933 20829 18920 16904 15128 13337 11689 10161 8775 7602 6508 5467 4634 3926 3341 2834 2350 1956 1612 1325 1116 947 791 663 542 456 386 313 257 206 186 164 131 114 91 81 67 58 48 42 32 24 18 14 14 11 9 7 6 4 2 0 
1 1 1 1 2 2 2 2 1 1 1 3 2 5 5 10 12 15 19 21 29 30 32 37 42 42 49 59 75 86 110 124 151 174 211 250 277 308 359 436 509 616 712 833 959 1128 1293 1508 1760 2034 2382 2687 3152 3644 4163 4809 5518 6274 7135 8170 9341 10559 11974 13518 15106 16928 18724 20514 22528 24414 26246 27859 29415 30666 31667 32352 32624 32508 32060 31156 29983 28477 26686 24840 22901 20762 18659 16648 14785 13012 11328 9870 8544 7301 6220 5361 4567 3882 3241 2714 2285 1913 1619 1338 1084 897 749 617 504 427 357 304 244 211 173 146 126 104 87 68 57 47 34 29 19 16 14 11 10 7 7 5 4 4 3 3 3 3 1 0 
1 1 1 1 1 1 1 1 1 2 2 3 3 4 4 3 4 5 5 6 6 8 9 11 11 15 16 17 19 24 28 34 41 44 53 56 72 88 102 123 140 153 169 182 213 261 310 382 423 484 576 680 788 921 1069 1243 1445 1677 1941 2261 2639 3097 3579 4129 4752 5525 6242 7182 8167 9324 10624 12014 13497 15079 16843 18726 20741 22538 24383 26312 27786 29353 30558 31543 32124 32466 32390 31982 31215 30086 28533 26880 24947 22910 20805 18817 16831 14910 13145 11439 9966 8601 7418 6346 5392 4592 3868 3235 2763 2330 1942 1633 1375 1140 956 777 635 531 454 365 308 262 209 166 132 111 89 68 56 53 45 34 30 24 22 22 21 21 19 19 15 14 12 9 9 8 6 6 4 4 4 4 3 2 2 0 
1 1 1 1 1 1 1 2 3 3 7 8 8 10 11 11 10 9 10 14 16 18 27 33 35 43 52 59 73 80 91 107 125 147 171 210 242 281 348 403 457 525 608 711 834 970 1115 1307 1484 1690 1943 2232 2582 2977 3454 3961 4550 5297 6137 7045 7999 9126 10442 11765 13275 14820 16491 18374 20193 22197 24052 25872 27765 29246 30537 31538 32240 32466 32448 32091 31188 30079 28698 27096 25212 23221 21289 19270 17271 15320 13453 11803 10224 8868 7648 6560 5530 4666 3900 3282 2793 2316 1937 1578 1314 1060 903 745 631 521 408 329 273 220 178 140 109 96 81 64 49 44 42 32 29 22 19 17 14 12 11 8 5 4 3 3 2 1 1 1 1 0 
1 1 1 1 1 1 2 4 4 3 4 4 4 4 7 8 8 10 11 11 12 15 18 22 24 30 36 39 45 54 60 71 85 104 116 139 163 186 212 253 287 323 373 448 521 609 722 838 984 1148 1379 1594 1834 2112 2453 2861 3345 3878 4510 5150 5905 6771 7752 8875 10064 11260 12611 14166 15868 17715 19647 21471 23443 25411 27181 28837 30354 31470 32413 32792 32920 32651 31898 30740 29510 27747 25941 23885 21805 19660 17723 15714 13842 12074 10537 9137 7868 6711 5770 4870 4081 3423 2854 2394 2005 1643 1337 1107 933 773 628 512 407 348 297 251 204 161 130 109 90 77 71 58 45 36 26 23 19 17 15 14 13 9 9 8 5 4 5 5 6 6 5 4 3 2 1 0 
1 1 1 1 1 2 2 1 1 1 1 1 1 3 3 3 3 3 3 3 3 5 6 7 8 8 8 10 12 15 18 20 25 29 39 39 47 54 65 79 87 108 127 150 174 205 245 275 330 395 455 532 628 718 839 990 1147 1323 1541 1755 2064 2414 2840 3295 3765 4384 5035 5777 6656 7542 8599 9878 11183 12651 14240 15870 17503 19344 21386 23135 24913 26864 28571 29907 31136 31928 32369 32544 32342 31741 30893 29513 27890 26044 24140 22075 20084 18058 15997 14123 12429 10836 9367 8046 6877 5829 4925 4160 3488 2915 2444 2053 1704 1392 1156 959 803 655 553 475 398 330 283 229 194 155 132 106 82 68 47 46 39 33 23 17 15 13 10 7 4 4 3 3 3 3 3 3 2 2 2 1 1 0 
1 1 1 1 1 1 3 3 3 3 4 4 6 7 8 8 11 11 11 9 12 15 15 19 22 28 30 32 35 40 52 60 72 73 84 96 116 144 165 194 234 276 326 392 464 552 639 727 839 963 1117 1325 1566 1799 2097 2429 2821 3275 3792 4422 5141 5897 6814 7767 8952 10140 11462 12887 14548 16221 17940 19841 21815 23731 25493 27402 28981 30306 31358 32295 32560 32679 32432 31756 30633 29282 27646 25765 23787 21677 19525 17555 15640 13716 12011 10396 8982 7710 6600 5558 4730 4019 3416 2913 2443 2028 1684 1387 1169 964 804 672 553 472 403 321 267 218 176 146 117 101 82 69 59 53 48 43 36 29 21 16 16 13 13 9 6 6 5 5 3 2 2 2 2 2 2 1 1 1 1 1 1 1 1 0 
1 1 1 1 1 1 2 4 6 8 8 7 7 8 10 12 11 13 13 12 19 25 24 27 33 36 39 42 54 70 78 94 102 130 155 168 183 209 248 300 359 415 479 562 649 767 887 1034 1220 1405 1622 1873 2170 2522 2899 3352 3909 4479 5162 5909 6791 7857 8950 10180 11468 12887 14492 16199 18017 19914 21868 23666 25485 27133 28619 29913 31036 31942 32373 32296 32059 31518 30388 29012 27330 25447 23461 21445 19431 17465 15562 13760 12121 10556 9149 7877 6709 5750 4848 4100 3422 2902 2480 2074 1757 1492 1229 1024 863 736 603 485 407 342 287 223 185 154 118 93 73 66 57 45 37 31 26 26 22 21 17 10 10 7 4 2 2 1 1 2 1 1 1 1 1 1 1 2 2 2 2 1 1 1 1 1 1 1 0 
1 1 1 1 1 2 1 1 1 1 1 1 3 3 4 5 5 7 11 14 16 16 20 22 29 33 38 43 50 59 66 78 90 104 119 138 163 189 229 258 300 335 379 453 538 634 742 852 989 1121 1317 1504 1726 2011 2306 2669 3063 3537 4088 4720 5392 6149 7061 7980 9035 10305 11592 13074 14683 16432 18306 20239 22141 24096 25873 27592 29202 30695 31678 32148 32565 32503 32078 31221 30126 28724 27051 25117 23013 21141 19167 17210 15236 13452 11762 10218 8837 7578 6427 5466 4696 3964 3398 2877 2434 2018 1680 1395 1172 978 802 652 547 446 365 299 234 180 149 114 85 73 61 52 40 32 27 22 13 10 8 7 5 4 2 2 2 1 1 0 
1 1 1 1 1 1 1 1 1 2 3 4 5 8 11 14 17 25 28 36 43 54 62 79 98 123 135 153 188 233 267 309 364 407 465 544 634 704 808 895 1036 1210 1412 1626 1876 2179 2518 2905 3380 3951 4489 5150 5963 6782 7750 8795 9919 11266 12675 14238 15915 17718 19534 21482 23362 25116 26869 28471 29894 31103 31763 32300 32289 31984 31248 30376 28989 27355 25595 23864 21855 19849 17822 15936 14099 12321 10770 9325 8020 6798 5786 4902 4150 3501 2956 2495 2119 1795 1509 1262 1036 849 713 593 492 410 339 274 228 185 159 141 115 95 82 65 50 38 33 24 22 19 18 14 12 13 10 8 6 5 4 4 3 2 2 2 1 1 1 1 0 
1 1 1 1 2 2 4 4 4 4 4 5 6 8 8 9 11 11 11 10 12 14 14 17 22 29 33 40 50 65 69 82 91 104 127 149 178 221 252 281 317 347 400 489 583 644 754 873 1014 1221 1406 1659 1939 2246 2554 2963 3465 4005 4572 5205 6026 6916 7907 9048 10255 11651 13120 14825 16626 18522 20411 22347 24230 26163 27901 29512 30747 31610 32247 32521 32594 32209 31386 30233 28652 26992 25144 23187 21122 19091 17175 15304 13445 11818 10265 8858 7601 6457 5554 4647 3950 3298 2801 2366 1982 1660 1396 1157 969 779 655 531 459 376 305 245 200 173 149 127 110 94 76 65 58 42 34 27 23 20 17 13 9 8 8 5 5 3 3 3 3 3 2 1 0 
1 1 1 1 1 1 2 2 2 4 4 4 5 5 6 10 11 12 19 21 23 24 23 27 32 37 41 49 58 68 80 97 115 130 159 177 203 233 266 306 333 394 447 531 604 696 818 942 1110 1280 1534 1737 1996 2339 2679 3139 3592 4168 4871 5592 6423 7338 8430 9606 10930 12393 13952 15612 17304 19176 21133 23025 24981 26800 28516 29929 31235 32193 32708 32787 32646 32095 31134 29745 28113 26196 24262 22204 20075 18092 16225 14356 12706 11066 9580 8181 7063 6012 5115 4326 3636 3038 2526 2122 1786 1502 1242 1053 865 727 613 493 420 343 288 242 203 162 141 106 89 61 50 43 39 31 24 17 12 8 9 6 5 2 2 1 1 1 0 
1 1 1 1 2 2 2 2 2 2 4 5 5 6 7 6 8 9 10 10 13 15 19 22 25 27 32 34 43 44 49 58 62 76 102 111 126 156 173 191 226 255 295 354 391 467 544 617 732 852 981 1139 1336 1551 1788 2061 2362 2765 3199 3696 4312 4921 5671 6512 7447 8484 9686 11086 12517 14114 15756 17556 19445 21334 23316 25287 27045 28784 30136 31382 32134 32801 32833 32614 31958 31028 29574 28112 26347 24360 22323 20159 18094 16049 14130 12383 10710 9249 7961 6820 5795 4936 4156 3484 2923 2435 2055 1752 1458 1231 1000 828 701 577 463 385 317 254 208 178 149 122 102 83 65 54 48 42 42 30 22 17 16 15 13 11 8 6 3 3 2 1 1 1 0 
1 1 1 1 1 2 3 2 3 3 5 7 10 12 17 17 20 21 29 41 47 56 65 72 86 107 137 157 171 195 233 263 298 372 436 503 585 683 785 901 1051 1218 1419 1654 1940 2211 2562 2971 3443 3964 4561 5223 6039 6908 7849 8931 10262 11558 13125 14743 16491 18426 20288 22175 24078 25865 27587 29073 30412 31555 32347 32662 32733 32274 31477 30438 29063 27392 25503 23407 21358 19271 17187 15195 13405 11760 10227 8844 7561 6452 5495 4715 3987 3361 2808 2375 1956 1631 1372 1144 962 795 637 531 446 361 296 249 214 170 143 117 99 86 72 63 51 40 33 27 24 19 14 8 6 7 5 4 4 4 3 2 1 1 1 1 0 
1 1 1 1 1 3 3 3 3 5 5 6 6 6 10 10 11 12 14 16 19 25 28 34 45 56 63 79 94 112 129 154 177 202 232 262 308 354 422 479 553 653 753 889 1040 1200 1418 1643 1901 2172 2532 2975 3417 3957 4587 5265 6068 6955 8035 9165 10442 11781 13277 14812 16532 18267 20167 22134 24125 25951 27651 29423 30788 31732 32458 32773 32766 32398 31515 30418 29008 27287 25473 23427 21365 19301 17218 15224 13294 11595 10020 8653 7348 6306 5361 4538 3858 3236 2697 2237 1881 1562 1304 1078 918 733 619 532 456 387 323 259 220 178 134 119 105 93 79 61 44 38 32 25 24 20 15 13 12 11 6 5 2 1 0 
1 1 1 1 1 3 4 6 7 6 7 9 8 9 9 11 15 16 16 18 23 27 32 37 44 47 55 65 74 81 91 114 132 150 168 199 229 272 325 379 425 506 590 692 800 934 1094 1245 1485 1709 2013 2339 2723 3132 3630 4182 4802 5519 6338 7294 8266 9433 10667 11968 13411 15040 16698 18388 20256 22089 24045 25924 27603 28970 30307 31265 31846 32281 32311 31949 31197 29968 28628 26913 25131 23090 20997 19004 16997 15104 13263 11590 10023 8634 7423 6343 5392 4560 3863 3216 2741 2295 1925 1620 1349 1150 951 784 664 569 466 397 327 263 236 189 164 131 111 97 88 72 63 59 49 41 34 32 24 24 25 23 22 18 13 10 8 8 7 7 7 6 6 5 3 2 1 0 
1 1 1 1 1 1 2 3 4 4 5 5 6 8 8 9 9 11 15 19 20 22 25 30 35 37 41 56 62 72 82 94 120 144 173 201 232 259 301 352 436 494 562 618 733 845 976 1120 1316 1518 1773 2025 2332 2704 3105 3618 4160 4812 5572 6367 7334 8412 9525 10765 12274 13883 15580 17381 19124 21034 22869 24784 26580 28192 29794 31066 31946 32521 32702 32452 32060 30980 29807 28170 26350 24445 22460 20418 18377 16360 14472 12700 11045 9531 8232 7063 6033 5092 4325 3605 3052 2569 2147 1778 1484 1225 1024 857 718 583 479 409 352 299 245 201 158 138 114 96 74 58 50 33 32 24 22 15 14 11 9 6 4 4 4 4 2 1 1 0 
1 1 1 1 1 3 3 3 3 2 2 2 2 3 4 4 4 4 4 4 4 4 5 5 6 6 5 6 6 6 7 8 9 10 12 13 14 15 13 15 17 17 20 29 40 48 51 64 68 84 95 120 141 164 194 229 259 312 376 436 503 587 687 792 911 1071 1283 1484 1728 1957 2235 2601 3000 3456 4005 4647 5475 6304 7235 8235 9394 10627 12018 13476 15052 16890 18711 20545 22451 24336 26114 27848 29281 30434 31403 32114 32375 32336 31903 31105 29949 28409 26803 24931 22940 20839 18879 16800 14991 13190 11518 9929 8554 7331 6299 5438 4617 3871 3282 2749 2351 1974 1666 1380 1169 965 809 684 586 488 418 345 290 249 211 169 139 111 90 75 69 60 50 38 35 33 28 22 20 17 14 12 9 8 7 3 2 2 2 2 1 0 
1 1 1 1 1 2 3 3 5 8 10 10 10 10 15 18 20 20 18 20 24 35 41 47 62 72 83 93 111 119 132 145 187 215 256 305 358 422 483 562 651 757 892 1058 1217 1416 1644 1907 2223 2597 2973 3461 3973 4566 5276 6072 7005 7981 9071 10401 11751 13255 14932 16649 18392 20178 22126 24159 25871 27595 29249 30443 31544 32179 32511 32517 32225 31420 30369 28944 27394 25497 23607 21524 19345 17388 15315 13511 11802 10290 8831 7541 6401 5476 4594 3909 3231 2680 2231 1841 1541 1280 1075 887 746 639 534 451 393 331 274 227 180 147 122 99 96 78 64 51 47 40 33 24 18 17 17 15 12 7 6 4 4 1 1 1 1 0 
1 1 1 1 1 1 1 1 1 1 1 1 1 4 5 5 5 5 11 11 11 10 12 16 21 29 32 37 42 47 58 71 84 102 114 122 138 171 207 228 261 298 331 383 447 514 609 747 855 985 1164 1325 1504 1735 2034 2338 2718 3200 3698 4324 4934 5698 6525 7463 8520 9676 10979 12334 13891 15637 17318 19156 21026 23016 24852 26508 28061 29618 30658 31628 32279 32515 32429 31768 30841 29553 28035 26216 24380 22360 20361 18279 16325 14493 12675 11089 9561 8269 7081 6073 5132 4332 3689 3073 2582 2162 1790 1488 1250 1039 869 730 608 489 416 347 295 237 201 159 139 108 89 77 61 47 41 30 24 16 13 9 8 9 7 7 5 4 4 5 5 4 5 5 5 5 4 4 4 5 5 5 4 3 3 3 3 3 2 1 1 0 
1 1 1 2 3 5 5 5 6 7 8 10 10 13 17 22 23 23 29 34 43 53 54 63 74 84 95 118 136 149 166 202 225 277 320 376 426 509 591 670 764 897 1063 1235 1442 1650 1929 2263 2632 3092 3507 4035 4663 5417 6246 7138 8169 9380 10620 11918 13381 15069 16720 18646 20531 22435 24424 26283 27980 29489 30595 31551 32238 32588 32379 31926 31152 29980 28480 26714 24884 22869 20858 18829 16794 14955 13165 11557 10002 8592 7374 6343 5370 4579 3856 3241 2694 2278 1897 1572 1317 1109 937 762 637 526 441 386 333 266 220 190 161 131 109 91 73 64 49 39 30 23 21 19 17 12 11 9 6 4 3 3 1 1 1 1 1 1 1 0 
1 1 1 1 3 4 4 5 4 4 4 11 11 12 15 16 18 20 22 25 31 36 40 45 51 55 61 72 81 92 107 130 160 182 211 240 281 322 367 436 495 568 679 791 902 1076 1260 1469 1700 1946 2274 2653 3074 3595 4132 4759 5479 6318 7171 8227 9326 10503 11832 13467 15056 16774 18472 20403 22417 24392 26290 27857 29358 30683 31606 32123 32315 32313 31794 30997 29826 28448 26774 24982 22977 20950 18886 16883 15004 13248 11478 9960 8671 7474 6317 5384 4621 3906 3302 2826 2385 2015 1682 1412 1193 966 807 663 556 474 397 333 252 209 170 142 113 96 79 62 52 41 31 27 24 21 21 16 11 7 5 4 3 2 1 1 1 1 0 
1 1 1 1 1 1 1 2 3 3 3 6 5 5 7 10 13 19 20 23 30 35 41 45 51 56 60 80 91 105 113 129 157 185 221 273 324 357 393 441 507 602 718 808 965 1126 1313 1530 1764 2029 2331 2709 3107 3583 4110 4726 5415 6210 7124 8112 9253 10553 11889 13356 14980 16599 18508 20396 22317 24193 25923 27524 29224 30558 31441 32213 32533 32420 32039 31166 29998 28564 26803 24994 23018 21113 18935 16897 14989 13134 11461 9942 8560 7354 6268 5387 4570 3854 3283 2754 2279 1929 1623 1341 1135 953 796 667 558 455 382 333 272 227 192 160 135 110 95 75 64 54 48 36 29 22 15 13 11 9 7 6 4 4 3 2 2 2 1 1 1 1 1 1 1 0 
1 1 1 1 1 1 2 3 2 2 3 5 5 6 7 8 9 13 17 18 20 22 24 27 28 34 40 43 51 61 68 84 96 110 132 154 175 205 247 293 346 414 478 568 652 771 901 1048 1216 1399 1619 1897 2239 2621 3018 3447 3984 4678 5369 6198 7120 8101 9281 10572 12027 13498 15068 16791 18715 20547 22548 24330 26062 27878 29419 30708 31717 32388 32697 32665 32251 31288 30003 28558 26929 24939 22938 20868 18933 16939 14964 13196 11533 9980 8664 7437 6330 5379 4525 3799 3170 2665 2248 1884 1575 1321 1116 934 777 641 540 455 384 327 273 225 202 164 142 124 104 86 74 54 43 40 35 32 29 23 19 18 15 12 11 11 9 9 8 6 5 5 4 4 4 3 3 3 3 2 2 2 1 1 0 
1 1 1 3 3 5 5 6 5 5 6 6 7 9 11 11 13 13 16 17 15 17 25 28 42 49 54 64 72 84 89 107 124 147 177 204 237 276 319 372 456 538 617 700 804 924 1071 1267 1422 1674 1934 2237 2578 3015 3497 3980 4577 5257 6053 6927 7930 9044 10302 11657 13128 14796 16520 18232 20216 22092 23862 25823 27562 29108 30362 31479 32189 32630 32655 32308 31532 30436 29000 27281 25441 23475 21389 19285 17177 15173 13326 11651 10169 8823 7541 6415 5465 4665 3973 3357 2824 2417 2031 1693 1456 1204 1027 868 723 603 499 410 336 287 236 198 160 129 99 76 60 49 44 34 27 21 19 16 15 8 8 3 3 3 2 2 0 
1 1 1 1 1 2 1 1 1 1 1 1 1 1 1 0 
1 1 1 2 2 3 4 4 5 6 7 9 9 8 10 13 16 23 27 29 37 36 38 50 63 72 90 110 134 146 174 194 230 259 297 331 386 450 538 625 725 867 987 1092 1263 1496 1764 2031 2333 2682 3121 3534 4128 4813 5499 6279 7124 8137 9172 10503 11981 13484 15088 16896 18688 20607 22392 24341 26071 27666 29229 30507 31569 32288 32591 32585 32045 31254 30124 28787 26991 25122 23010 20918 18898 16813 14843 13124 11403 9934 8545 7319 6210 5303 4498 3763 3142 2604 2194 1838 1537 1319 1076 906 749 609 484 422 338 284 230 195 163 142 123 102 88 75 66 55 46 40 34 30 25 22 17 15 12 10 8 6 3 2 2 1 0 
1 1 1 1 1 1 1 1 1 2 3 2 2 2 3 5 6 5 5 4 5 7 8 8 10 10 15 19 25 30 33 40 42 47 50 62 72 89 104 119 125 145 171 207 255 303 346 403 469 568 647 781 899 1048 1209 1406 1639 1928 2213 2577 3012 3520 4062 4782 5498 6357 7301 8334 9507 10781 12128 13618 15145 16828 18663 20697 22560 24366 26251 27962 29522 30888 31771 32330 32681 32638 32038 31103 29857 28378 26701 24736 22684 20697 18677 16724 14816 13064 11424 9857 8532 7337 6265 5324 4555 3839 3230 2714 2283 1898 1574 1319 1085 891 721 607 519 439 376 310 277 222 194 154 128 107 85 79 64 55 53 38 31 30 25 21 14 12 9 9 7 6 5 4 3 3 3 3 1 1 1 1 1 0 
1 1 1 1 1 1 2 2 3 3 3 3 3 5 8 10 10 10 10 15 22 24 26 35 40 48 56 73 79 94 109 116 147 180 208 231 271 316 378 417 473 552 610 705 837 971 1083 1263 1448 1688 1919 2217 2567 2976 3514 4031 4667 5423 6195 7029 8085 9207 10448 11878 13335 14932 16616 18446 20374 22403 24283 26079 27652 29142 30529 31569 32417 32683 32567 32143 31318 30166 28690 27027 25079 23055 20957 18934 16907 15004 13137 11450 9871 8557 7293 6282 5328 4503 3815 3228 2671 2264 1879 1542 1296 1111 907 744 614 509 425 342 283 234 192 168 145 121 97 79 69 54 39 33 29 27 21 17 15 13 11 11 10 10 6 5 5 4 4 3 3 3 2 1 1 1 1 1 1 0 
1 1 1 1 1 3 3 3 3 2 2 2 3 5 11 11 10 10 11 15 19 23 27 33 40 46 51 63 68 79 101 115 134 159 182 224 268 313 363 435 497 584 671 784 910 1066 1250 1445 1682 1958 2310 2687 3107 3571 4073 4661 5387 6174 7121 8181 9267 10485 11825 13358 14983 16743 18482 20422 22315 24278 25984 27536 29096 30412 31399 32237 32553 32543 32125 31323 30167 28767 27094 25206 23181 21080 19042 17081 15106 13380 11581 10097 8716 7493 6365 5398 4551 3866 3279 2781 2359 1959 1624 1392 1140 936 788 670 552 465 383 336 267 207 167 137 116 102 81 68 53 46 38 31 24 20 17 16 14 14 13 13 10 5 4 2 2 1 1 1 0 
1 1 1 3 4 5 4 4 5 9 9 11 12 15 18 22 30 34 41 43 48 54 62 74 86 101 111 123 138 147 180 200 241 289 337 391 437 512 604 716 815 924 1080 1258 1456 1663 1896 2239 2564 2972 3443 3919 4435 5115 5886 6751 7710 8729 9939 11267 12629 14298 15921 17760 19675 21536 23402 25232 26941 28609 30210 31305 32046 32599 32704 32378 31598 30554 29211 27526 25733 23814 21765 19697 17644 15711 13869 12166 10543 9115 7823 6659 5690 4816 4062 3447 2902 2459 2060 1731 1423 1174 950 803 666 537 453 374 303 255 212 176 145 119 100 80 64 56 44 35 30 25 21 18 14 14 11 10 10 10 9 9 9 8 7 6 4 3 3 3 1 1 1 1 1 1 0 
1 1 1 1 1 1 3 3 4 3 5 5 8 10 9 9 10 10 12 13 12 12 14 16 22 25 27 34 39 51 61 71 79 94 118 130 146 174 193 226 248 286 334 410 468 546 649 755 881 1027 1171 1380 1611 1832 2121 2447 2798 3245 3737 4317 4929 5620 6469 7441 8545 9647 10982 12470 14071 15728 17480 19334 21194 23037 24860 26505 28230 29520 30669 31420 31987 32140 32017 31394 30365 29195 27726 25984 24171 22238 20234 18321 16371 14517 12681 11072 9591 8231 7049 6044 5180 4418 3696 3112 2679 2241 1895 1594 1349 1127 966 805 657 568 455 367 298 256 212 180 155 124 100 90 75 60 53 45 36 26 24 21 17 15 10 8 8 7 5 2 3 2 2 2 2 2 2 2 1 1 1 1 1 1 1 0 
1 1 1 1 1 1 1 2 1 1 1 1 1 1 1 2 4 4 4 6 12 13 15 19 21 28 32 43 49 60 64 77 89 103 129 151 171 208 257 294 336 375 426 484 571 669 775 912 1054 1215 1412 1696 1971 2277 2675 3153 3659 4176 4846 5613 6389 7397 8423 9591 10916 12402 14049 15787 17666 19527 21309 23359 25230 27250 28880 30344 31616 32220 32781 33058 32714 32027 31044 29637 28085 26201 24193 22132 19994 17981 16014 14095 12321 10783 9330 7961 6812 5820 4940 4158 3533 2984 2516 2113 1817 1548 1302 1076 921 769 644 530 442 358 295 245 208 169 136 109 90 71 60 47 41 36 27 24 20 14 12 9 6 5 5 4 2 2 2 2 1 1 0 
1 1 1 1 1 3 4 3 3 3 3 5 6 8 9 10 10 12 13 17 23 29 37 41 50 52 54 60 69 86 101 118 132 159 181 218 251 308 358 408 479 556 642 746 841 963 1123 1287 1473 1684 1949 2272 2683 3109 3636 4272 4907 5611 6456 7470 8645 9785 11085 12324 13952 15579 17255 19026 20861 22821 24617 26406 28130 29736 30985 31791 32193 32481 32282 31717 30714 29613 28139 26429 24521 22566 20484 18501 16482 14532 12789 11182 9657 8268 7094 5991 5091 4355 3712 3132 2581 2197 1832 1541 1286 1081 899 741 638 551 469 396 331 280 235 196 159 136 119 101 84 60 48 42 36 34 27 22 20 19 13 11 7 5 4 4 2 3 2 2 1 1 1 1 1 1 1 1 0 
1 1 1 1 2 3 3 4 4 5 5 7 9 12 12 12 12 11 13 17 22 25 31 33 40 49 61 75 83 105 118 137 158 181 199 239 292 328 375 429 502 564 640 742 867 999 1166 1416 1660 1899 2188 2514 2930 3335 3813 4387 5093 5818 6694 7656 8698 9924 11253 12717 14184 15868 17756 19541 21565 23229 25099 26890 28572 29906 31077 31986 32621 32735 32377 31712 30732 29404 27755 25839 23872 21767 19730 17697 15786 13881 12219 10674 9163 7905 6736 5745 4918 4163 3532 2987 2471 2059 1706 1436 1214 1029 865 724 575 492 411 336 291 259 215 177 144 115 100 76 58 48 38 29 23 14 12 9 10 9 7 7 7 6 5 3 1 1 1 1 1 0 
1 1 1 1 1 1 2 3 4 4 5 5 6 5 5 5 10 10 13 13 14 20 26 28 36 44 51 66 74 89 95 105 120 150 159 183 214 253 297 361 430 491 562 626 746 867 1017 1207 1406 1659 1893 2186 2522 2881 3352 3915 4553 5308 6061 6890 7894 8935 10156 11408 12808 14448 16161 17959 19626 21524 23349 25265 26943 28593 30084 31342 32077 32457 32566 32309 31603 30582 29231 27655 25886 23847 21879 19737 17694 15746 13878 12130 10580 9189 7789 6692 5652 4787 4064 3460 2880 2403 2001 1682 1406 1161 957 799 666 561 446 364 299 247 207 185 153 131 109 93 73 61 47 36 21 19 17 15 11 10 8 9 6 4 3 2 1 1 1 0 
1 1 3 3 4 4 4 7 6 7 8 8 6 8 7 9 10 12 11 13 18 22 19 19 23 31 37 45 48 58 67 81 94 107 128 158 184 220 252 285 344 395 456 523 612 712 841 984 1143 1281 1480 1700 1992 2330 2717 3113 3581 4130 4771 5464 6283 7270 8271 9396 10693 12009 13575 15248 16888 18766 20654 22522 24362 26143 27872 29474 30673 31640 32353 32762 32472 32011 30994 29731 28280 26746 24812 22917 20826 18772 16827 14872 13038 11396 9910 8522 7269 6169 5254 4436 3674 3128 2603 2179 1792 1502 1299 1082 897 742 605 509 438 361 305 268 229 192 155 130 102 84 65 59 53 48 37 30 29 23 20 14 9 6 5 5 3 2 2 3 3 1 1 1 2 2 2 2 2 0 
1 1 1 1 1 1 1 1 1 1 2 4 6 6 7 9 12 14 15 16 13 15 16 19 21 23 26 34 42 50 55 57 67 84 112 134 145 161 191 218 262 308 348 396 447 523 612 727 831 979 1148 1346 1557 1811 2119 2474 2879 3295 3858 4459 5191 5977 6820 7762 8912 10075 11387 12883 14582 16311 17985 19840 21766 23765 25635 27410 29115 30623 31727 32525 32897 32937 32394 31724 30581 28941 27477 25716 23723 21650 19538 17430 15504 13650 11943 10309 8916 7660 6529 5516 4619 3883 3256 2736 2256 1892 1621 1357 1120 914 744 638 519 434 361 291 245 210 179 144 113 91 76 65 53 45 42 32 29 26 19 15 16 14 10 9 9 8 7 6 6 5 4 3 3 3 2 1 1 0 
1 1 1 1 1 2 3 2 2 2 2 2 2 2 3 3 6 5 4 4 7 7 9 12 13 13 16 23 24 32 38 51 60 67 83 103 114 134 151 170 205 237 270 311 373 425 504 586 669 754 859 1008 1184 1404 1607 1884 2160 2488 2891 3360 3891 4551 5202 5982 6894 7836 8910 10153 11526 12998 14584 16223 18067 20113 22009 23928 25762 27461 28956 30409 31456 32270 32809 32779 32335 31578 30471 29107 27408 25611 23589 21547 19433 17406 15431 13629 12016 10462 9034 7854 6737 5745 4907 4133 3432 2893 2381 1939 1625 1376 1146 927 741 629 529 440 360 294 242 209 180 156 131 109 93 74 64 54 46 37 30 23 19 16 12 9 8 7 7 6 5 4 2 1 1 1 0 
1 1 1 1 1 1 1 1 2 2 3 3 4 5 7 6 6 8 10 10 14 17 19 23 24 28 34 41 47 50 55 61 66 74 84 96 108 124 145 174 209 247 273 311 342 399 487 577 700 801 938 1111 1270 1493 1743 1980 2297 2680 3103 3601 4198 4780 5416 6250 7158 8184 9386 10674 12071 13653 15237 16971 18785 20622 22415 24240 26195 27948 29489 30764 31888 32449 32680 32627 32173 31298 30048 28533 26772 25018 22983 20782 18745 16787 14883 13048 11407 9805 8475 7305 6180 5279 4454 3779 3135 2620 2148 1783 1504 1257 1052 862 716 607 493 424 350 312 251 210 179 152 125 106 86 72 62 54 46 37 30 28 26 19 18 14 11 9 8 7 7 7 9 7 5 4 5 5 4 2 1 1 1 0 
1 1 1 1 1 1 1 1 2 2 2 2 4 4 4 4 5 6 9 8 9 9 8 8 8 10 11 14 18 17 20 24 27 33 38 40 52 67 72 85 103 112 130 148 179 206 249 293 331 363 419 472 544 630 719 849 996 1167 1341 1569 1838 2124 2449 2852 3296 3778 4368 5072 5788 6650 7557 8667 9877 11173 12651 14172 15879 17627 19503 21408 23384 25119 26888 28427 29838 30977 31918 32341 32503 32224 31494 30571 29312 27767 25983 24045 22022 19966 17928 16041 14182 12457 10913 9453 8042 6817 5838 4954 4228 3497 2922 2418 2039 1698 1446 1232 1029 868 760 634 533 447 373 324 270 217 181 154 122 100 78 61 50 38 32 22 22 18 16 13 10 6 6 6 6 5 4 3 3 3 3 3 2 1 1 1 1 1 1 1 0 
1 1 1 2 3 3 4 7 8 7 8 8 11 12 13 16 21 26 28 33 42 49 60 63 77 89 110 131 147 173 215 249 288 334 409 472 546 627 740 865 993 1155 1324 1548 1808 2087 2386 2759 3181 3655 4221 4875 5571 6358 7278 8271 9448 10781 12258 13774 15339 17006 18809 20630 22601 24482 26283 28065 29605 30762 31610 32223 32513 32466 31823 30944 29778 28350 26687 24827 22737 20701 18595 16582 14730 12894 11228 9726 8426 7216 6150 5188 4428 3742 3191 2696 2238 1858 1583 1311 1091 907 734 603 507 417 343 289 252 202 179 147 126 106 89 76 60 45 41 30 25 22 21 18 15 12 8 7 6 6 5 4 4 4 4 3 3 2 1 1 2 1 1 1 1 1 1 1 1 1 0 
1 1 2 2 2 3 4 4 6 6 6 5 6 10 13 12 14 12 13 14 14 20 23 24 29 34 36 46 66 85 106 131 140 161 202 242 277 313 371 434 503 598 703 817 953 1132 1306 1528 1802 2063 2388 2794 3247 3816 4368 4992 5759 6560 7506 8601 9756 11041 12492 14021 15535 17343 19302 21094 22997 24829 26658 28346 29788 31084 31798 32403 32601 32317 31830 30844 29545 28108 26330 24488 22449 20334 18219 16144 14332 12559 10972 9452 8145 6944 5945 4986 4187 3549 3003 2523 2160 1795 1469 1209 1025 841 686 584 497 407 349 294 256 199 165 144 116 100 81 68 59 50 43 36 28 24 18 16 14 13 12 10 9 8 6 3 2 2 2 2 2 1 0 
1 1 1 1 1 1 1 1 1 2 3 5 4 4 4 4 4 5 5 5 9 10 9 9 12 14 15 19 21 33 34 36 44 49 53 68 74 76 91 107 126 150 173 204 226 268 309 366 422 502 569 663 758 887 999 1159 1335 1537 1765 2066 2433 2824 3235 3685 4257 4932 5640 6493 7438 8450 9647 10836 12191 13783 15485 17147 18962 20878 22901 24762 26574 28183 29683 30915 31883 32322 32480 32322 31770 30692 29306 27750 26063 24291 22334 20258 18221 16254 14456 12817 11203 9747 8404 7149 6101 5194 4399 3726 3158 2665 2206 1884 1553 1285 1068 887 739 625 528 453 387 327 273 231 190 163 125 99 83 67 51 40 33 25 19 17 13 12 8 6 5 5 5 4 4 4 4 3 3 3 3 3 1 1 1 1 1 1 0 
1 1 1 1 1 1 1 1 2 3 3 4 4 4 4 4 4 5 5 7 7 8 10 11 11 10 13 18 21 27 30 31 38 47 48 58 65 75 82 95 111 124 141 163 173 211 254 312 374 446 524 592 693 819 955 1088 1280 1467 1697 1961 2266 2640 3057 3552 4083 4683 5352 6194 7101 8086 9256 10588 12030 13557 15216 16999 18961 20904 22991 24796 26643 28363 29864 31016 32029 32606 32896 32797 32077 31082 29775 28278 26548 24622 22724 20654 18611 16617 14622 12841 11242 9782 8472 7304 6216 5352 4535 3788 3202 2680 2273 1915 1596 1326 1089 890 749 621 512 425 359 288 238 195 165 131 114 88 78 62 54 44 36 28 21 21 18 14 6 4 4 3 3 3 3 2 1 1 1 1 1 1 1 0 
1 1 1 1 1 1 2 4 6 6 6 9 10 11 14 16 20 24 23 27 32 41 46 53 60 70 85 102 116 129 150 171 199 236 256 307 356 408 458 533 632 745 870 990 1126 1284 1492 1722 1982 2288 2679 3114 3563 4095 4716 5470 6230 7200 8253 9435 10718 12091 13629 15253 17090 18890 20766 22780 24579 26335 27950 29426 30856 31783 32412 32708 32522 32007 31077 29868 28443 26732 24821 22864 20764 18722 16562 14641 12782 11094 9585 8279 7075 6059 5149 4346 3631 3057 2603 2178 1836 1557 1301 1109 929 764 632 511 428 358 301 245 194 168 143 112 88 75 63 47 34 31 30 29 24 21 18 16 12 10 9 10 10 8 7 6 5 4 3 2 1 1 1 1 1 2 2 3 3 2 2 2 2 2 2 0 
1 1 1 4 3 4 4 5 7 8 9 8 7 7 7 9 9 11 12 15 18 22 24 26 28 33 42 51 72 81 77 98 107 133 165 196 231 262 306 374 454 521 594 676 770 894 1064 1221 1419 1655 1896 2154 2509 2952 3459 3985 4591 5239 6051 6843 7771 8886 10097 11426 12875 14446 16146 17905 19613 21576 23441 25355 27190 28725 30016 31149 32075 32502 32669 32384 31678 30544 29207 27526 25668 23743 21638 19667 17585 15585 13784 12131 10563 9141 7873 6709 5682 4836 4045 3377 2814 2386 2026 1676 1398 1143 958 805 681 565 437 381 323 269 218 190 156 134 104 85 64 47 42 36 29 20 18 16 13 10 10 7 6 4 4 2 2 1 0 
1 1 1 1 3 4 4 5 7 5 4 4 4 6 6 8 8 11 10 11 14 14 19 22 23 28 38 40 49 54 61 67 81 95 113 122 144 176 208 248 280 329 395 461 544 643 741 881 990 1134 1325 1543 1787 2067 2399 2777 3205 3736 4281 4890 5631 6409 7364 8448 9590 10883 12340 13927 15537 17238 19073 21024 23007 24880 26660 28233 29821 30990 31732 32479 32582 32388 31791 30828 29629 28118 26379 24535 22489 20367 18300 16209 14371 12600 11057 9554 8243 7041 6054 5121 4318 3686 3080 2611 2150 1824 1550 1274 1083 919 785 648 535 448 377 306 257 239 191 153 130 116 93 80 64 52 52 43 32 28 23 21 20 18 17 10 7 6 5 4 4 3 1 1 1 1 1 1 1 1 1 0 
1 1 1 2 3 5 6 9 12 16 17 17 16 17 21 23 32 35 40 45 48 52 58 74 92 104 115 132 153 183 215 238 286 338 380 444 519 601 684 805 946 1082 1257 1443 1695 2006 2288 2685 3069 3537 4043 4624 5336 6086 6963 8014 9169 10309 11617 13104 14701 16355 18142 19918 21861 23758 25582 27291 28916 30307 31418 32246 32587 32658 32235 31468 30375 29068 27330 25454 23446 21312 19246 17291 15286 13514 11896 10343 8925 7685 6536 5538 4716 3974 3370 2802 2345 1976 1674 1417 1177 969 795 650 545 431 371 300 251 205 174 138 115 97 83 70 57 45 33 28 22 15 15 12 10 10 9 8 7 5 5 5 4 2 0 
1 2 2 2 2 3 4 5 5 8 10 9 11 11 13 14 13 12 14 19 21 23 28 38 40 47 54 62 69 77 94 119 142 161 193 223 275 318 393 459 535 623 724 848 969 1138 1337 1541 1788 2121 2441 2840 3284 3777 4349 5005 5775 6637 7507 8481 9671 10939 12287 13893 15580 17419 19208 21157 23105 24989 26793 28427 29778 31059 31889 32381 32532 32325 31721 30686 29414 27899 26173 24201 22305 20284 18282 16319 14408 12613 10961 9496 8177 7009 5997 5124 4316 3617 3033 2553 2140 1785 1495 1232 1031 864 735 593 485 418 350 304 236 195 163 139 124 97 80 61 51 40 33 28 24 22 18 11 8 7 7 5 5 4 3 1 0 
1 1 1 1 1 1 1 1 1 2 3 3 3 3 7 9 10 11 15 21 27 32 42 48 50 61 68 66 81 98 121 144 158 196 228 252 296 350 414 483 572 691 781 904 1061 1231 1459 1707 1975 2266 2622 2966 3422 3962 4556 5268 6126 6996 8047 9176 10326 11644 13109 14721 16377 18224 20086 21811 23698 25483 27174 28671 30019 31226 31967 32298 32415 32051 31253 30104 28730 27087 25370 23508 21423 19534 17459 15560 13692 11956 10376 9035 7747 6655 5674 4809 4056 3429 2925 2459 2088 1759 1469 1253 1040 841 718 598 485 432 358 303 259 220 175 146 118 101 82 60 53 42 36 31 28 25 23 21 18 15 14 13 12 8 7 5 2 2 1 1 1 0 
1 1 1 1 1 1 1 1 1 1 1 1 1 1 4 3 3 3 3 3 4 3 4 5 5 4 5 6 4 6 7 11 20 22 25 29 36 45 53 58 66 86 103 120 136 157 172 200 238 279 324 391 454 537 618 734 834 964 1131 1322 1535 1810 2080 2393 2776 3287 3826 4446 5126 5876 6737 7759 8870 10085 11406 12890 14500 16135 17904 19786 21711 23690 25423 27162 28839 30111 31186 32085 32474 32663 32386 31597 30615 29363 27668 25845 24023 21889 19845 17784 15768 14014 12230 10624 9229 7907 6702 5709 4813 4036 3404 2889 2401 2015 1677 1416 1184 981 820 694 579 472 382 322 261 215 168 134 106 85 67 55 45 38 30 24 22 19 19 18 16 14 12 9 7 7 7 5 5 3 2 2 2 0 
1 1 1 1 1 1 2 2 4 5 5 6 6 9 11 13 13 14 19 21 21 27 31 38 54 59 69 78 81 84 99 118 154 174 212 246 288 335 379 424 483 575 659 770 899 1038 1191 1396 1621 1899 2191 2563 2960 3417 3970 4620 5298 6012 6882 7840 8988 10202 11571 13049 14734 16475 18244 20040 21808 23678 25595 27253 28854 30268 31318 32238 32690 32697 32386 31518 30515 29044 27321 25570 23619 21431 19293 17296 15396 13512 11863 10262 8774 7497 6388 5439 4526 3827 3244 2726 2307 1945 1611 1344 1152 954 793 672 542 426 335 269 230 193 167 127 105 87 68 53 44 34 25 23 15 11 10 9 8 6 4 3 2 1 0 
1 1 1 1 1 1 1 1 1 1 1 1 1 1 2 2 6 8 10 9 12 12 12 17 20 23 26 29 33 39 41 52 61 71 77 90 108 130 150 167 196 241 274 307 351 409 483 542 648 749 884 1016 1190 1377 1622 1874 2194 2540 2932 3346 3923 4472 5202 6038 6879 7945 9000 10165 11588 13087 14670 16299 18059 19917 21888 23839 25658 27359 28866 30116 31311 32096 32484 32492 32251 31485 30332 29063 27443 25583 23653 21537 19475 17446 15464 13672 11931 10442 9058 7781 6669 5648 4766 3999 3413 2840 2357 1951 1676 1415 1190 992 824 702 583 491 424 343 275 235 194 163 135 106 82 63 50 37 33 28 24 19 15 9 8 8 6 6 2 2 2 2 1 1 1 0 
1 1 1 3 3 3 3 3 3 2 6 6 6 7 7 9 10 12 14 17 18 19 23 27 31 45 48 55 60 79 102 111 118 147 166 186 224 273 331 386 457 536 607 700 795 908 1050 1220 1396 1644 1933 2247 2602 3020 3471 4035 4668 5284 6074 6954 7966 9100 10264 11653 13063 14718 16380 18112 19972 21882 23876 25842 27444 29009 30392 31489 32237 32580 32751 32328 31511 30330 28861 27217 25401 23389 21291 19199 17263 15354 13496 11870 10297 8952 7709 6556 5576 4736 3983 3426 2904 2416 2015 1721 1417 1205 1012 886 736 617 509 414 343 277 242 204 160 136 108 89 71 59 50 37 32 24 23 18 14 11 7 6 6 6 4 4 4 3 2 2 1 1 1 0 
1 1 1 1 1 1 1 1 2 4 5 4 4 3 5 6 8 10 11 13 14 18 22 27 32 44 52 57 60 67 85 93 105 125 147 176 201 244 299 342 402 455 523 612 709 836 979 1132 1285 1490 1742 1980 2320 2685 3117 3624 4209 4858 5520 6342 7262 8355 9472 10738 12164 13652 15257 17062 18838 20627 22490 24317 26113 27832 29312 30512 31548 32245 32627 32484 32021 31189 29940 28443 26782 24890 22830 20787 18776 16801 14842 13114 11537 9855 8481 7256 6232 5376 4486 3774 3211 2698 2269 1898 1591 1342 1111 916 761 653 528 425 359 304 242 204 173 137 112 98 78 70 52 45 39 33 29 23 15 12 10 9 8 7 7 6 5 4 2 0 
1 1 1 1 0 
1 1 1 1 1 1 1 1 2 2 1 1 2 2 2 2 2 1 2 3 5 5 10 12 12 12 12 13 15 25 26 28 33 39 49 57 69 92 110 126 143 149 179 216 253 301 354 409 485 551 652 766 860 978 1144 1319 1542 1781 2082 2422 2788 3182 3647 4201 4821 5568 6411 7303 8281 9374 10667 12060 13703 15366 17295 19010 20839 22567 24380 26347 28002 29591 30840 31889 32570 32849 32656 32055 31146 29869 28352 26582 24662 22707 20641 18623 16631 14759 13024 11404 9826 8439 7258 6191 5292 4472 3754 3129 2645 2200 1818 1501 1263 1043 856 720 585 492 406 361 300 249 199 172 141 116 105 85 72 61 45 38 29 21 17 13 10 9 9 6 5 4 3 2 1 1 1 0 
1 1 1 1 1 1 1 1 2 4 4 4 4 4 5 6 8 13 15 14 20 24 25 28 30 35 36 46 57 61 69 82 98 121 147 170 201 228 276 317 379 422 498 565 670 759 907 1051 1224 1425 1666 1941 2222 2586 2951 3444 3981 4560 5266 6014 6867 7759 8816 10039 11385 12874 14412 16073 17826 19749 21726 23640 25651 27260 28869 30246 31309 32102 32365 32373 32106 31411 30323 28827 27119 25343 23433 21474 19460 17528 15628 13772 12072 10531 9086 7871 6758 5754 4823 4070 3466 2895 2408 2019 1660 1390 1195 990 833 706 596 507 422 348 293 246 207 165 141 118 98 78 69 61 54 42 34 30 28 25 19 17 13 11 10 6 4 2 2 2 2 1 0 
1 1 1 1 1 1 1 1 1 2 2 2 2 2 2 2 3 8 9 10 10 13 14 17 16 18 22 31 36 48 53 55 63 74 84 97 123 145 165 180 213 248 295 332 384 452 517 591 673 768 900 1055 1188 1356 1597 1887 2224 2514 2899 3337 3862 4481 5133 5901 6763 7721 8847 10076 11392 12857 14426 16079 17817 19707 21575 23539 25507 27161 28687 30047 31124 31953 32253 32476 32213 31533 30506 29127 27608 25701 23809 21781 19648 17671 15724 13759 12015 10479 9063 7774 6670 5727 4806 4086 3451 2888 2415 2028 1706 1419 1163 988 822 661 535 444 376 319 255 213 179 151 117 93 72 64 51 42 30 22 21 16 15 13 11 12 6 6 5 5 5 3 3 2 2 2 2 2 2 2 2 2 2 2 2 2 2 1 1 1 1 1 0 
1 1 1 1 1 1 1 1 1 1 2 2 5 5 4 4 5 3 4 6 7 7 7 6 6 9 10 11 13 15 21 23 29 36 40 48 53 54 62 79 98 113 125 139 155 189 227 263 306 354 413 470 544 622 721 839 964 1108 1303 1528 1766 2073 2409 2752 3190 3646 4198 4780 5433 6194 7098 8099 9251 10499 11900 13387 15048 16779 18603 20410 22350 24171 25990 27851 29279 30562 31565 32236 32598 32477 31933 30960 29911 28451 26741 24782 22801 20721 18741 16727 14838 13090 11470 9893 8537 7313 6290 5315 4492 3789 3221 2734 2282 1903 1599 1328 1122 937 779 653 549 466 392 328 272 231 180 155 123 92 79 64 51 42 32 24 18 14 14 9 8 7 7 5 4 4 3 2 2 1 1 1 1 1 1 1 1 1 1 1 1 0 
1 1 1 1 2 4 3 3 3 3 3 4 5 6 13 12 12 16 26 30 37 41 48 53 61 76 88 107 128 150 155 188 213 246 278 324 380 448 499 592 705 805 922 1085 1269 1517 1749 2001 2321 2732 3165 3631 4152 4745 5502 6343 7197 8188 9248 10483 11810 13348 14988 16659 18446 20232 22134 24053 25848 27556 29194 30441 31530 32145 32351 32326 31876 31035 29832 28458 26874 25033 23094 21113 19192 17163 15246 13482 11784 10251 8787 7481 6413 5484 4675 3999 3352 2780 2303 1904 1605 1326 1108 898 758 637 546 458 372 319 251 201 169 139 115 103 82 60 48 44 36 30 23 20 16 12 12 9 7 6 5 4 2 1 0 
1 1 1 1 1 1 2 3 4 3 3 3 3 5 5 8 11 11 14 13 13 14 16 18 24 29 34 41 41 44 51 61 75 88 105 124 158 186 202 232 288 315 366 459 532 609 729 857 974 1120 1305 1522 1773 2064 2385 2782 3200 3704 4195 4799 5478 6273 7160 8211 9241 10496 11819 13308 14948 16675 18394 20164 22197 24077 25821 27512 29200 30554 31591 31997 32304 32196 31645 30905 29750 28405 26711 25001 22982 20882 18841 16796 14961 13182 11533 10048 8709 7498 6384 5456 4675 3983 3394 2817 2357 2031 1738 1438 1228 1020 834 707 594 494 412 342 293 236 199 161 133 113 99 81 70 55 49 40 38 30 27 22 18 17 15 16 17 18 17 12 14 9 7 7 5 5 4 4 5 4 4 2 2 1 1 1 1 1 1 0 
1 1 1 1 2 2 1 3 6 7 7 7 8 8 10 13 13 15 17 17 18 18 23 24 28 35 45 50 59 64 75 89 109 127 148 177 204 236 291 321 390 442 516 599 725 842 990 1177 1379 1572 1795 2079 2406 2775 3176 3727 4267 4917 5618 6579 7510 8592 9817 11172 12642 14142 15858 17557 19357 21236 23091 25045 26762 28329 29762 30948 31673 32260 32399 32197 31579 30608 29368 27768 25999 24117 22147 20116 18199 16280 14408 12582 11041 9545 8148 6969 5941 5036 4252 3580 3013 2538 2110 1768 1496 1246 1046 892 730 616 510 427 362 297 256 210 171 140 118 102 83 72 57 44 34 27 21 17 13 12 9 8 7 6 5 4 4 3 2 1 1 1 1 1 1 1 1 0 
1 1 1 1 1 1 1 2 4 4 6 9 9 10 13 15 17 25 32 37 40 47 51 59 65 73 95 126 143 171 191 234 280 319 379 415 493 551 614 693 802 943 1074 1232 1417 1601 1877 2167 2513 2892 3357 3899 4483 5149 5935 6771 7728 8823 9945 11283 12726 14353 15930 17774 19536 21401 23280 25247 26991 28548 29956 31036 31821 32238 32349 32046 31471 30472 29018 27475 25768 23855 21945 19857 17868 15848 13966 12275 10673 9258 8037 6870 5906 4974 4223 3556 3031 2538 2146 1759 1489 1235 1043 871 725 590 494 412 334 278 231 198 153 125 100 85 72 56 49 39 34 30 24 15 12 12 11 10 7 5 5 5 5 4 3 3 3 2 2 1 1 1 1 0 
1 1 1 1 1 2 1 1 2 2 2 2 2 2 2 3 5 4 4 5 5 8 8 8 9 9 12 12 14 14 16 20 21 25 27 35 44 51 61 72 86 89 96 116 134 170 197 223 271 324 388 462 530 631 744 863 993 1160 1346 1570 1810 2092 2446 2871 3278 3752 4381 5097 5839 6727 7654 8608 9798 11185 12643 14179 15848 17740 19655 21499 23508 25291 27004 28656 30016 31220 31969 32502 32522 32150 31548 30573 29249 27744 26080 24186 22138 20033 17955 15886 14060 12331 10696 9257 7957 6809 5782 4833 4047 3443 2915 2442 2066 1730 1432 1196 990 844 713 594 489 400 343 288 240 202 169 139 113 98 80 69 54 43 37 30 26 20 16 14 11 8 8 6 5 4 4 3 1 1 1 1 1 0 
1 1 1 1 1 2 3 2 3 3 4 4 4 4 5 5 8 9 9 11 15 19 22 29 32 37 42 45 56 65 73 85 95 114 139 158 183 218 266 306 345 395 433 484 554 647 792 936 1086 1261 1463 1729 1996 2293 2673 3147 3623 4152 4772 5449 6288 7165 8230 9338 10672 11939 13357 14867 16554 18485 20370 22297 24135 26010 27617 29111 30405 31428 32161 32532 32514 32135 31280 30038 28635 26973 25080 23043 21026 18994 16980 15026 13275 11559 9964 8562 7378 6326 5359 4553 3856 3241 2742 2320 1928 1630 1349 1115 934 780 656 536 431 380 315 273 236 191 167 141 125 102 85 66 49 38 31 26 20 12 9 7 7 6 3 3 2 1 0 
1 1 1 1 1 1 1 1 0 
1 1 1 1 2 3 3 3 3 5 10 11 14 18 25 27 29 41 47 52 59 73 90 96 120 139 165 188 208 243 289 338 380 446 527 642 761 886 1014 1172 1389 1621 1875 2218 2602 2968 3411 3901 4519 5226 5954 6806 7801 8870 10040 11455 12993 14581 16240 18078 19870 21770 23702 25570 27315 28853 30199 31244 31983 32434 32556 32223 31529 30445 29049 27401 25516 23674 21561 19469 17480 15577 13765 12114 10554 9129 7799 6721 5797 4915 4157 3515 2986 2506 2107 1760 1485 1227 1021 853 690 594 490 408 326 261 215 179 150 129 111 92 79 71 63 50 42 36 28 29 22 19 13 12 10 9 7 6 5 5 5 3 3 3 2 2 1 1 1 1 1 1 0 
1 1 1 1 1 1 1 0 
1 1 1 1 1 1 1 1 1 0 
1 1 1 1 1 2 3 3 3 4 3 3 3 4 4 3 4 4 5 5 6 7 7 6 9 9 11 14 19 22 25 26 25 29 34 42 49 60 69 86 98 112 124 146 161 188 224 267 309 364 429 491 567 676 788 936 1098 1267 1476 1744 2020 2321 2659 3053 3530 4083 4681 5369 6165 7015 7971 9088 10418 11783 13215 14711 16372 18149 20067 21921 23866 25746 27413 28956 30435 31375 32141 32626 32666 32217 31629 30421 28941 27219 25353 23338 21320 19196 17093 15130 13333 11690 10092 8694 7481 6401 5468 4629 3960 3361 2812 2361 1993 1685 1402 1170 1008 827 683 551 461 395 336 270 223 194 155 129 107 88 76 55 45 36 29 30 23 17 14 13 12 8 6 6 5 5 5 3 2 2 2 2 2 1 1 1 0 
1 1 1 1 1 1 2 2 3 3 3 3 4 5 6 7 10 10 12 13 14 17 18 24 27 34 46 58 66 79 88 99 116 135 162 193 220 262 305 354 400 459 529 625 749 861 987 1143 1327 1531 1773 2049 2362 2725 3165 3631 4204 4847 5582 6384 7293 8231 9235 10498 11784 13294 14869 16526 18366 20216 22101 24030 25838 27548 29109 30289 31365 32153 32501 32392 31929 31173 29980 28561 26756 24967 23076 21119 19053 17025 15011 13233 11525 9990 8679 7417 6318 5460 4646 3910 3295 2766 2331 1974 1679 1434 1207 1013 842 697 574 484 415 353 297 241 194 161 133 113 89 75 61 48 42 35 27 20 17 16 13 11 10 6 4 4 4 3 3 3 3 2 1 1 1 1 0 
1 1 2 3 3 3 3 5 6 5 6 6 7 7 7 8 9 9 9 15 20 28 33 33 36 42 46 52 63 73 81 91 111 126 160 210 234 282 326 370 419 512 599 693 801 939 1091 1248 1485 1741 2039 2367 2689 3055 3561 4110 4727 5445 6341 7222 8138 9305 10566 11916 13399 15053 16776 18518 20171 22033 23947 25859 27501 29007 30243 31156 31837 32291 32181 31650 30910 29873 28580 26909 25102 23061 21037 19030 16972 15095 13258 11637 10071 8822 7579 6521 5563 4707 4033 3444 2887 2421 2051 1722 1450 1247 1059 885 742 632 517 435 378 301 241 206 170 146 124 102 88 76 62 44 40 31 24 23 21 18 13 12 9 7 7 7 7 8 3 5 4 3 3 3 2 2 2 0 
