0 0 0 0 0 0 0 0 1 1 1 1 1 1 1 1 1 1 2 3 3 3 3 3 5 6 9 10 10 10 11 16 20 22 26 37 37 42 50 58 70 80 94 105 128 144 170 204 235 280 334 381 437 521 598 692 809 944 1074 1264 1474 1680 1921 2229 2594 3007 3476 4004 4595 5342 6156 7091 8155 9406 10857 12412 14132 16052 18186 20591 23081 25931 28887 32062 35439 38915 42577 46177 49843 53473 57061 60575 63839 66938 69885 72676 75174 77463 79394 81137 82717 84048 85266 86317 87171 87895 88512 89025 89485 89877 90199 90497 90714 90879 91009 91130 91239 91339 91429 91499 91555 91591 91619 91652 91680 91702 91714 91730 91741 91756 91761 91763 91769 91774 91779 91785 91789 91792 91793 91794 91797 91798 91800 91802 91803 91803 91805 91808 91808 91809 91811 91812 91812 91814 91814 91814 91814 91814 91814 91814 91814 91814 91814 91814 91814 91815 
0 0 0 0 0 0 0 0 0 0 0 1 1 1 1 1 1 2 3 5 7 8 10 14 14 19 28 34 41 45 53 66 76 88 100 115 140 159 199 225 262 302 345 398 455 530 610 699 811 945 1120 1304 1503 1725 2024 2345 2690 3113 3632 4201 4844 5591 6484 7459 8574 9821 11249 12895 14687 16727 18950 21396 24051 27052 30117 33276 36694 40187 43687 47395 51049 54727 58276 61706 64854 67930 70817 73493 75816 78013 79968 81691 83177 84493 85621 86572 87415 88117 88682 89175 89634 89990 90289 90534 90744 90917 91060 91174 91266 91346 91436 91478 91519 91549 91586 91617 91641 91666 91683 91699 91717 91727 91734 91738 91744 91750 91753 91755 91758 91760 91761 91763 91764 91768 91768 91768 91770 91770 91770 91771 91772 91772 91772 91772 91772 91773 
0 0 0 1 
0 0 0 0 0 0 1 1 1 1 1 2 2 2 2 3 3 4 5 6 6 6 6 6 7 9 9 10 12 14 14 19 21 23 26 29 37 48 56 71 87 102 121 146 171 193 232 266 307 360 439 506 586 705 816 928 1088 1266 1502 1743 2022 2387 2738 3132 3603 4185 4861 5603 6430 7415 8503 9713 11122 12757 14514 16460 18696 21098 23707 26573 29633 32871 36195 39824 43404 46993 50667 54225 57882 61299 64635 67775 70670 73288 75581 77810 79768 81475 83005 84345 85487 86446 87271 87986 88602 89122 89547 89921 90223 90472 90711 90897 91050 91181 91279 91352 91428 91482 91539 91593 91635 91657 91690 91711 91725 91733 91741 91749 91760 91764 91773 91779 91782 91784 91784 91786 91788 91791 91792 91794 91795 91795 91796 91796 91796 91796 91796 91796 91796 91796 91797 
0 0 0 0 0 0 0 1 2 3 4 5 6 7 8 9 10 12 14 15 16 19 20 23 29 30 35 41 48 54 69 83 95 110 126 153 178 202 239 275 314 367 434 483 563 638 731 833 967 1123 1311 1532 1786 2076 2370 2739 3169 3653 4217 4902 5673 6562 7480 8602 9862 11312 12871 14706 16691 18987 21369 23979 26793 29907 33170 36614 40084 43704 47357 51050 54815 58331 61791 65055 68235 71125 73686 75989 78120 80098 81800 83245 84492 85569 86505 87302 88017 88602 89122 89518 89881 90190 90439 90640 90803 90954 91075 91169 91250 91310 91358 91415 91446 91486 91502 91525 91542 91558 91569 91581 91602 91607 91614 91621 91627 91634 91639 91640 91641 91645 91649 91649 91649 91651 91652 91654 91655 91655 91657 91657 91658 
0 0 0 0 1 1 1 1 1 1 2 2 2 2 2 3 3 3 6 8 8 9 12 14 16 18 24 27 39 46 61 71 83 96 116 136 156 177 221 268 320 372 444 519 625 716 857 992 1141 1327 1553 1798 2066 2405 2787 3223 3707 4298 4973 5705 6564 7618 8788 10088 11526 13207 14989 17001 19259 21660 24232 27156 30148 33489 36882 40431 44049 47641 51366 54979 58443 61913 65143 68248 71131 73709 76091 78184 80097 81766 83238 84494 85676 86673 87495 88236 88838 89360 89758 90105 90391 90623 90810 90974 91097 91189 91292 91384 91460 91514 91557 91604 91637 91667 91691 91711 91730 91738 91752 91764 91773 91774 91777 91782 91786 91789 91794 91797 91801 91801 91801 91802 91803 91803 91804 91804 91804 91804 91805 
0 0 0 0 0 0 0 0 0 1 
0 0 0 0 0 0 0 0 0 0 1 1 1 1 1 2 
0 0 0 0 0 0 0 0 0 0 1 1 1 3 3 3 3 3 6 6 10 12 13 17 20 23 25 30 37 50 61 78 90 112 133 151 180 213 247 294 351 419 485 559 654 745 873 1004 1169 1360 1561 1804 2082 2398 2800 3219 3752 4323 5010 5786 6594 7569 8650 10027 11535 13289 15049 17043 19237 21640 24343 27257 30352 33613 37007 40551 44258 47952 51649 55390 58919 62351 65577 68642 71523 74110 76484 78608 80437 82092 83559 84790 85821 86785 87599 88285 88833 89313 89762 90091 90350 90593 90795 90969 91119 91237 91338 91420 91490 91532 91575 91622 91654 91673 91687 91712 91724 91742 91753 91762 91772 91776 91782 91783 91788 91790 91791 91792 91794 91796 91798 91799 91800 91800 91800 91800 91800 91801 
0 0 0 0 0 0 0 0 1 1 1 2 2 2 2 2 2 2 6 6 6 9 10 13 14 15 16 19 23 28 31 38 43 53 64 80 90 106 126 147 167 190 224 259 302 367 430 515 614 720 836 986 1126 1312 1540 1809 2083 2414 2850 3303 3850 4501 5219 6058 7028 8119 9285 10684 12159 13870 15894 17939 20246 22886 25550 28501 31604 34903 38412 42029 45620 49276 52974 56507 59977 63296 66363 69375 72103 74585 76756 78820 80664 82267 83670 84854 85868 86763 87545 88213 88725 89154 89541 89884 90182 90391 90593 90770 90896 91012 91125 91190 91253 91306 91365 91401 91439 91462 91482 91513 91536 91545 91557 91569 91580 91585 91589 91595 91597 91598 91598 91599 91602 91602 91602 91603 91605 91605 91605 91606 91606 91606 91606 91606 91606 91606 91606 91607 
0 0 0 0 1 1 1 1 2 2 3 3 3 3 3 5 5 5 6 6 7 7 7 7 8 9 9 9 11 11 12 12 15 16 16 19 23 25 29 34 41 53 65 72 78 87 96 113 132 161 186 216 247 293 343 404 462 547 636 730 854 989 1161 1366 1572 1832 2126 2486 2891 3360 3910 4503 5258 6060 6951 7941 9164 10459 11961 13690 15523 17627 19939 22456 25343 28185 31296 34591 38070 41646 45410 49113 52804 56444 59988 63252 66371 69289 71988 74510 76776 78790 80648 82313 83650 84929 85916 86843 87629 88309 88872 89340 89711 90019 90259 90477 90691 90859 91006 91122 91199 91292 91354 91410 91452 91481 91508 91535 91564 91590 91599 91605 91618 91630 91636 91645 91648 91649 91655 91658 91660 91662 91662 91663 91664 91664 91664 91664 91665 91665 91665 91665 91665 91665 91666 
0 0 0 0 0 0 0 0 1 1 2 2 2 2 2 5 5 5 5 6 6 7 7 7 8 8 9 11 12 13 14 18 22 29 37 42 47 55 63 74 86 92 101 121 143 160 193 230 270 315 364 417 492 549 628 750 891 1043 1222 1408 1639 1896 2185 2542 2953 3421 3919 4538 5222 6031 6975 7991 9226 10591 12149 13889 15835 17908 20190 22678 25386 28343 31505 34834 38320 41794 45449 49016 52556 56182 59613 62968 66167 69209 71991 74519 76786 78790 80587 82166 83529 84756 85807 86712 87485 88114 88670 89174 89607 89909 90204 90443 90615 90767 90895 90994 91081 91168 91232 91286 91329 91373 91398 91422 91447 91461 91479 91491 91505 91512 91520 91524 91530 91531 91534 91539 91543 91543 91544 91545 91545 91546 91548 91549 91549 91549 91549 91549 91550 
0 0 0 0 0 0 1 1 1 1 1 2 2 2 2 3 4 4 4 5 5 6 7 7 7 10 11 11 13 14 16 17 19 21 24 25 27 28 32 37 41 45 55 62 71 81 97 114 133 151 181 212 249 280 329 384 451 517 588 676 803 913 1043 1223 1431 1642 1916 2231 2605 3032 3521 4050 4701 5464 6331 7313 8490 9775 11238 12918 14829 16889 19115 21475 24100 26985 30101 33395 36817 40389 44017 47754 51465 55066 58616 62001 65347 68383 71249 73899 76219 78327 80234 81883 83395 84690 85810 86719 87545 88213 88766 89258 89641 89983 90276 90528 90743 90906 91048 91167 91260 91336 91400 91452 91510 91550 91582 91607 91637 91659 91673 91678 91692 91699 91709 91714 91720 91724 91726 91729 91730 91732 91733 91733 91733 91735 91735 91737 91739 91739 91740 
0 0 0 0 0 0 0 0 0 0 0 0 0 0 1 1 1 1 1 1 1 1 2 2 2 2 3 3 4 4 5 6 6 6 6 8 9 12 13 13 16 16 17 22 26 31 37 44 53 58 67 79 99 130 151 174 201 241 280 341 398 449 532 617 721 821 955 1112 1267 1469 1692 1968 2268 2635 3050 3502 4031 4691 5374 6197 7157 8208 9395 10791 12323 14007 15923 17969 20377 22948 25805 28765 32012 35421 38958 42525 46101 49822 53658 57257 60642 63966 67142 70095 72787 75295 77465 79411 81147 82769 84207 85386 86394 87260 87955 88645 89140 89598 90010 90291 90516 90711 90905 91047 91174 91270 91362 91427 91497 91541 91576 91609 91640 91671 91682 91702 91712 91723 91728 91737 91741 91751 91757 91760 91763 91763 91765 91766 91768 91769 91771 91772 91773 91775 91775 91775 91775 91777 91778 
0 0 0 0 0 1 1 1 1 1 2 2 2 3 4 4 4 6 6 10 11 12 14 14 18 20 21 24 32 37 43 49 61 64 73 84 99 117 129 146 169 189 224 259 308 364 432 496 561 645 733 858 1008 1140 1346 1551 1805 2077 2444 2850 3354 3904 4489 5164 5954 6925 7959 9121 10465 11984 13766 15620 17627 20051 22597 25326 28298 31468 34819 38342 41824 45510 49129 52738 56403 59891 63229 66434 69503 72247 74756 77034 78975 80776 82283 83698 84927 85921 86821 87575 88241 88776 89264 89673 90000 90284 90519 90715 90877 91007 91116 91204 91286 91368 91434 91484 91518 91555 91592 91625 91644 91664 91675 91693 91702 91706 91714 91720 91729 91733 91736 91737 91738 91738 91738 91740 91741 91742 91744 91745 
0 0 0 0 0 1 1 1 1 1 1 1 1 2 2 2 2 2 2 4 5 6 9 16 20 24 25 27 35 43 51 55 63 76 88 110 131 148 172 209 242 279 319 379 447 519 605 713 811 940 1097 1280 1473 1734 2033 2348 2699 3118 3605 4262 4943 5680 6541 7584 8797 10042 11517 13114 14933 16952 19204 21674 24362 27254 30308 33552 36944 40499 44179 47830 51580 55192 58720 62129 65380 68443 71321 73934 76268 78526 80375 82034 83455 84711 85755 86694 87543 88243 88782 89241 89614 89932 90240 90496 90694 90859 91010 91137 91222 91307 91383 91444 91498 91537 91573 91599 91619 91635 91650 91659 91669 91677 91688 91693 91701 91703 91708 91709 91715 91716 91719 91720 91720 91720 91723 91724 91724 91724 91725 
0 0 0 0 0 0 0 0 0 1 1 2 3 5 7 7 9 9 9 12 13 16 21 24 27 31 40 47 59 68 73 80 95 114 138 159 186 214 253 298 352 400 458 527 614 718 817 956 1120 1277 1457 1692 1984 2297 2681 3073 3551 4111 4726 5503 6412 7388 8457 9746 11229 12922 14682 16694 18953 21396 24091 26962 29969 33323 36752 40286 43898 47570 51282 54874 58507 61991 65329 68423 71347 73973 76311 78406 80212 81897 83371 84668 85809 86744 87568 88245 88845 89315 89755 90079 90361 90631 90842 91027 91166 91284 91365 91442 91511 91584 91641 91670 91694 91720 91731 91753 91763 91782 91788 91794 91798 91805 91807 91809 91813 91816 91818 91818 91818 91818 91820 91820 91823 91823 91824 91825 91825 91825 91826 91826 91826 91826 91827 91827 91827 91827 91828 
0 0 0 0 0 0 0 0 0 0 0 0 0 0 1 1 1 1 1 1 1 1 1 1 1 2 2 2 3 3 4 4 5 5 5 5 6 8 10 11 13 17 20 21 23 24 31 38 54 56 66 81 90 109 123 140 163 191 211 245 288 339 397 458 544 632 713 820 952 1087 1273 1481 1741 2031 2351 2727 3140 3642 4220 4896 5655 6473 7516 8628 9901 11344 13012 14874 16891 19104 21528 24119 27027 30050 33225 36622 40143 43707 47434 51046 54763 58407 61791 65060 68210 71097 73775 76141 78274 80169 81850 83401 84780 85876 86806 87615 88275 88879 89348 89761 90100 90399 90630 90849 91021 91166 91293 91392 91493 91554 91612 91666 91696 91715 91745 91760 91774 91793 91802 91815 91825 91833 91836 91844 91845 91846 91852 91857 91859 91861 91861 91864 91864 91864 91864 91865 91865 91865 91865 91865 91866 
0 0 0 0 1 1 1 1 1 2 2 3 3 3 4 4 6 6 8 10 10 10 11 14 16 17 20 25 30 34 38 50 58 74 79 92 101 117 139 162 192 227 262 301 338 403 460 533 621 749 871 1010 1198 1409 1658 1914 2228 2583 3009 3536 4088 4701 5452 6365 7355 8484 9718 11141 12744 14496 16506 18727 21156 23875 26670 29777 33073 36463 40008 43558 47195 50804 54489 58115 61598 64904 67915 70759 73461 75877 77930 79917 81615 83093 84413 85550 86517 87339 88037 88623 89122 89549 89929 90209 90443 90666 90852 90984 91110 91207 91289 91348 91408 91463 91490 91523 91551 91575 91590 91606 91624 91630 91640 91650 91653 91658 91665 91669 91670 91673 91678 91681 91682 91683 91683 91684 91685 91685 91685 91685 91687 91687 91687 91687 91687 91687 91688 91688 91689 
0 0 0 0 1 
0 0 0 0 0 1 1 2 2 2 2 2 2 2 3 3 4 4 4 6 7 7 10 10 12 13 15 21 26 31 36 44 54 60 72 86 103 122 139 164 191 217 243 290 354 413 485 553 642 751 878 1015 1169 1357 1574 1822 2135 2463 2883 3340 3896 4533 5199 6014 6946 7982 9187 10534 11986 13606 15512 17617 19889 22333 25137 28099 31259 34538 37983 41616 45291 49005 52619 56216 59744 63144 66245 69309 72131 74666 76935 79072 80873 82498 83937 85191 86227 87134 87911 88580 89153 89573 89942 90274 90528 90731 90932 91066 91178 91287 91365 91437 91490 91540 91578 91606 91633 91660 91679 91693 91702 91714 91722 91732 91738 91741 91748 91753 91756 91758 91760 91762 91765 91767 91767 91767 91769 91769 91769 91770 91771 91771 91772 91773 91773 91773 91773 91773 91773 91773 91773 91774 91774 91774 91774 91774 91774 91774 91774 91775 
0 0 0 0 0 0 0 0 0 0 0 0 1 1 1 2 3 4 5 6 7 8 8 10 11 13 17 22 23 30 39 46 53 62 74 86 97 113 131 154 174 201 240 276 324 379 443 532 610 733 857 985 1146 1329 1541 1795 2091 2441 2850 3303 3843 4430 5070 5865 6830 7894 9091 10462 11895 13577 15461 17504 19810 22305 25015 27953 31074 34382 37935 41401 45005 48721 52412 56056 59634 63027 66193 69190 71989 74464 76699 78828 80611 82188 83575 84786 85876 86748 87527 88195 88778 89226 89635 89942 90199 90428 90622 90778 90919 91036 91127 91217 91282 91326 91374 91424 91454 91484 91508 91524 91539 91550 91555 91561 91567 91573 91580 91584 91586 91590 91591 91593 91596 91599 91600 91601 91602 91602 91604 91606 91607 91608 91608 91608 91608 91608 91609 91610 91610 91610 91610 91610 91610 91610 91610 91610 91610 91610 91611 91611 91611 91611 91611 91611 91612 
0 0 0 0 0 0 0 0 0 0 1 1 1 1 1 1 1 1 1 2 3 4 4 6 6 7 8 8 10 13 15 20 24 25 30 36 45 50 55 66 80 92 109 119 140 161 186 224 264 296 337 386 441 511 598 686 802 920 1041 1208 1404 1640 1898 2178 2579 3019 3529 4099 4740 5505 6406 7361 8493 9764 11189 12846 14735 16747 19022 21497 24193 27104 30126 33434 36897 40443 44040 47724 51328 55054 58596 62025 65265 68370 71221 73818 76101 78345 80292 81964 83450 84735 85829 86767 87591 88225 88801 89344 89761 90135 90457 90690 90878 91045 91187 91299 91409 91496 91569 91632 91678 91713 91743 91769 91788 91807 91816 91822 91829 91842 91847 91852 91856 91861 91865 91867 91869 91869 91871 91873 91876 91878 91878 91878 91879 91879 91880 91880 91880 91880 91880 91880 91881 
0 0 0 0 0 0 0 0 0 0 0 0 0 0 0 0 0 0 0 1 2 2 3 4 5 5 6 10 10 15 20 21 21 25 33 40 44 50 57 67 81 96 110 123 153 166 196 234 277 319 369 436 493 554 657 772 894 1041 1190 1409 1623 1884 2180 2547 2920 3396 3917 4534 5247 6071 6994 8024 9210 10516 12076 13750 15645 17702 20094 22580 25395 28288 31437 34768 38324 41932 45519 49140 52939 56680 60089 63469 66533 69484 72241 74764 77005 79051 80925 82528 83932 85162 86140 87061 87830 88487 89051 89503 89892 90204 90501 90733 90919 91060 91195 91308 91401 91482 91547 91602 91647 91682 91711 91732 91758 91776 91790 91802 91815 91827 91836 91840 91845 91852 91857 91860 91861 91863 91867 91868 91868 91868 91869 91869 91869 91871 91872 91872 91874 91874 91875 
0 0 0 0 0 0 0 1 
0 0 0 0 0 0 0 0 0 1 
0 0 0 0 1 1 1 1 1 1 1 2 2 2 3 3 4 5 5 6 6 7 7 10 10 10 13 13 15 22 27 31 33 35 44 51 61 69 85 96 106 131 163 188 221 256 305 354 424 486 563 655 763 899 1047 1194 1387 1587 1872 2171 2526 2945 3420 3961 4606 5334 6148 7084 8214 9481 11000 12538 14226 16268 18393 20778 23366 26185 29202 32408 35771 39239 42813 46550 50285 53836 57381 60839 64146 67159 70109 72795 75293 77506 79449 81251 82776 84145 85260 86255 87132 87913 88521 89014 89438 89805 90143 90438 90666 90853 90985 91110 91222 91316 91379 91435 91495 91547 91583 91607 91630 91647 91658 91667 91678 91689 91699 91707 91713 91713 91721 91724 91726 91728 91729 91729 91731 91732 91732 91733 91735 91735 91735 91736 91737 91738 91738 91739 
0 0 0 0 0 0 0 0 0 0 0 0 0 1 1 1 1 1 2 3 3 3 3 3 4 4 5 10 14 17 19 23 30 35 47 59 64 76 88 102 120 145 174 196 236 289 321 360 419 478 553 652 759 877 991 1149 1310 1504 1750 2026 2350 2702 3114 3638 4174 4823 5567 6404 7368 8480 9749 11201 12769 14660 16660 18835 21189 23776 26666 29645 32806 36170 39564 43164 46827 50516 54065 57610 60999 64270 67371 70236 72910 75299 77489 79504 81308 82807 84172 85314 86396 87270 87987 88600 89119 89575 89942 90261 90531 90758 90944 91107 91232 91334 91427 91496 91553 91602 91638 91665 91696 91720 91742 91755 91774 91783 91794 91798 91808 91813 91817 91822 91825 91826 91826 91826 91827 91828 91829 91830 91830 91831 
0 0 0 0 0 0 0 0 0 0 0 0 0 0 0 1 2 2 2 7 7 7 8 11 12 15 20 23 29 34 40 49 60 70 80 93 104 121 137 162 201 245 287 331 376 448 532 615 720 842 985 1136 1347 1557 1797 2105 2476 2889 3373 3882 4510 5224 6024 6960 7999 9179 10623 12134 13764 15701 17797 20106 22666 25450 28403 31474 34710 38192 41700 45339 48954 52729 56284 59844 63169 66307 69276 72103 74594 76867 78834 80646 82262 83650 84839 85896 86805 87627 88267 88822 89291 89706 90061 90310 90547 90733 90907 91051 91156 91243 91310 91375 91420 91469 91500 91524 91558 91575 91587 91601 91613 91621 91628 91634 91638 91645 91649 91651 91656 91657 91657 91659 91659 91659 91660 91661 91661 91661 91662 91662 91662 91663 91663 91665 91665 91665 91665 91665 91665 91666 
0 0 0 0 0 0 0 1 1 1 1 1 1 1 2 3 4 4 7 7 8 10 13 17 20 25 26 32 37 42 50 64 70 86 112 130 148 173 211 244 277 338 398 471 569 660 764 886 1027 1221 1418 1659 1944 2260 2665 3092 3560 4131 4819 5631 6529 7496 8626 9984 11451 13122 14993 17047 19230 21641 24358 27176 30251 33488 37003 40515 44199 47873 51626 55163 58694 62033 65340 68294 71085 73702 76110 78307 80171 81856 83320 84605 85716 86647 87507 88180 88753 89235 89654 89994 90264 90494 90700 90866 90980 91087 91199 91268 91331 91388 91446 91481 91511 91542 91568 91578 91599 91616 91628 91637 91647 91653 91657 91663 91664 91666 91670 91672 91676 91677 91678 91678 91678 91679 91680 91681 
0 0 0 0 0 0 0 0 0 0 0 0 0 0 0 1 1 1 1 1 1 1 1 1 1 1 1 2 4 4 6 7 9 11 13 16 20 23 29 34 40 44 48 55 60 71 85 99 111 126 147 172 199 223 257 299 329 370 440 502 578 683 807 954 1081 1251 1468 1681 1953 2274 2614 3069 3571 4134 4772 5496 6361 7426 8565 9815 11219 12808 14557 16475 18658 20950 23624 26356 29311 32485 35724 39219 42896 46666 50388 53896 57470 60986 64266 67312 70318 72980 75462 77654 79592 81290 82816 84204 85333 86360 87197 87892 88538 89076 89572 89977 90269 90523 90742 90926 91052 91189 91280 91380 91452 91500 91541 91574 91613 91645 91671 91690 91707 91725 91732 91738 91746 91750 91756 91757 91763 91766 91768 91768 91769 91769 91769 91770 91771 91772 
0 0 0 0 0 0 0 0 0 0 0 0 0 0 0 1 4 4 4 5 6 7 9 12 13 16 20 28 32 42 51 59 67 74 94 108 124 142 171 198 245 280 332 389 453 521 619 742 864 990 1146 1336 1560 1827 2142 2504 2909 3378 3877 4525 5180 5995 6881 7943 9102 10419 11888 13496 15363 17418 19668 22216 24900 27852 30977 34269 37627 41272 44840 48489 52103 55619 59085 62527 65755 68709 71483 74007 76340 78399 80260 81864 83376 84601 85690 86628 87436 88117 88683 89128 89488 89801 90094 90338 90557 90716 90854 90947 91045 91115 91178 91230 91279 91314 91354 91378 91402 91415 91433 91440 91447 91452 91460 91467 91470 91472 91475 91479 91481 91482 91482 91483 91483 91483 91484 
0 0 0 0 0 0 0 0 1 1 1 2 3 4 4 4 4 5 7 8 11 11 15 16 21 22 23 29 31 37 42 48 58 72 83 95 108 131 151 173 194 222 265 307 362 420 495 583 690 811 958 1130 1335 1558 1776 2077 2405 2752 3179 3708 4308 4992 5782 6618 7649 8837 10089 11538 13170 14952 17084 19317 21784 24442 27267 30384 33660 37054 40743 44383 48148 51902 55461 59037 62409 65683 68587 71393 74027 76399 78522 80387 81998 83413 84674 85723 86684 87494 88200 88747 89224 89634 89969 90257 90490 90704 90875 91016 91139 91241 91331 91402 91464 91519 91560 91595 91622 91637 91659 91675 91686 91700 91707 91712 91725 91729 91735 91736 91738 91741 91744 91747 91750 91752 91753 91753 91755 91755 91756 91757 91757 91757 91757 91757 91758 91758 91758 91759 
0 0 0 0 0 0 0 0 0 1 1 1 1 1 1 1 1 1 1 1 2 2 2 2 2 3 
0 0 0 0 0 0 0 1 1 1 2 3 3 3 5 6 9 12 14 18 26 32 38 48 57 65 77 90 103 125 146 177 207 237 284 329 387 453 519 590 688 802 921 1087 1269 1460 1706 2008 2350 2704 3144 3689 4278 4897 5653 6568 7569 8687 10009 11492 13022 14846 16782 19056 21521 24172 27002 30025 33196 36650 40162 43814 47414 51184 54799 58257 61692 64914 67979 70875 73485 75877 78019 79950 81650 83149 84472 85599 86583 87426 88137 88725 89202 89609 89976 90290 90553 90765 90927 91052 91191 91289 91372 91436 91500 91549 91588 91622 91650 91672 91690 91697 91708 91717 91725 91730 91732 91736 91741 91744 91744 91747 91748 91749 91750 91753 91755 91755 91755 91755 91755 91756 91756 91756 91756 91756 91756 91757 91757 91757 91757 91757 91758 
0 0 0 0 1 
0 0 0 0 0 1 1 1 1 1 1 1 1 1 1 1 2 2 3 3 3 3 3 4 5 5 5 5 7 10 11 11 11 12 13 14 15 20 21 24 27 33 41 46 54 65 76 90 109 126 142 165 197 244 285 341 388 449 528 628 722 835 964 1123 1313 1514 1772 2041 2334 2697 3154 3643 4207 4838 5596 6410 7373 8483 9750 11122 12758 14533 16480 18674 21067 23643 26490 29538 32812 36150 39548 43169 46821 50527 54185 57837 61262 64635 67684 70623 73266 75683 77876 79819 81611 83082 84411 85532 86462 87247 87960 88581 89103 89565 89896 90191 90427 90627 90831 90990 91122 91215 91300 91366 91429 91460 91508 91537 91560 91592 91612 91629 91640 91653 91660 91665 91671 91675 91679 91685 91686 91689 91689 91693 91696 91698 91699 91701 91702 
0 0 0 0 0 0 0 0 0 0 0 1 1 1 1 2 2 3 4 6 7 8 10 10 11 19 22 28 34 41 46 55 59 65 79 92 102 127 144 171 203 240 276 318 373 437 512 598 683 786 922 1063 1216 1410 1649 1907 2220 2575 2997 3486 4042 4688 5401 6254 7188 8266 9552 10995 12603 14384 16373 18567 21005 23541 26419 29391 32649 36008 39559 43081 46736 50444 54030 57587 61171 64403 67471 70422 73053 75514 77668 79631 81355 82894 84193 85360 86373 87151 87842 88464 88956 89414 89786 90116 90358 90573 90758 90930 91070 91164 91257 91325 91382 91435 91478 91509 91549 91572 91602 91624 91644 91660 91673 91680 91688 91693 91704 91710 91714 91716 91720 91722 91727 91728 91728 91730 91731 91733 91733 91733 91735 91735 91736 91737 
0 0 0 0 0 0 0 0 0 1 1 1 1 2 2 3 3 4 5 6 7 8 13 14 16 20 27 34 41 48 56 62 76 85 97 122 135 157 175 202 247 292 336 396 456 532 631 730 849 988 1150 1337 1545 1799 2102 2418 2798 3261 3766 4376 5076 5852 6720 7716 8814 10105 11603 13133 14921 16941 19219 21680 24391 27187 30258 33513 36883 40414 43994 47679 51343 54968 58439 61774 65070 68153 70991 73604 76022 78193 80106 81718 83182 84506 85659 86653 87504 88186 88783 89302 89700 90049 90364 90645 90867 91026 91155 91278 91372 91467 91542 91594 91648 91690 91721 91755 91779 91799 91819 91835 91845 91855 91866 91874 91879 91885 91891 91895 91901 91901 91902 91902 91902 91903 91903 91904 91904 91904 91905 91906 91907 91907 91907 91908 91908 91908 91908 91908 91908 91908 91909 
0 0 0 0 0 0 0 0 0 0 0 1 1 1 1 2 2 2 2 3 3 3 3 3 3 3 3 3 3 4 4 4 5 5 6 8 9 10 12 14 17 18 19 22 23 26 29 34 40 46 54 65 79 94 115 136 159 182 210 253 288 338 397 466 560 633 724 844 971 1121 1299 1514 1732 2010 2357 2709 3168 3667 4243 4909 5674 6611 7605 8721 10010 11509 13162 15010 16993 19153 21588 24215 27150 30103 33389 36761 40192 43773 47425 51052 54662 58212 61661 64839 67831 70615 73302 75691 77876 79769 81447 82986 84315 85471 86404 87215 87934 88509 88989 89441 89814 90125 90402 90614 90780 90921 91052 91157 91239 91318 91375 91437 91475 91509 91536 91558 91574 91597 91616 91627 91635 91639 91654 91660 91666 91670 91676 91680 91680 91682 91687 91687 91690 91690 91691 91693 91696 91696 91698 91698 91698 91699 91699 91699 91699 91700 
0 0 0 0 0 0 0 0 0 1 1 1 1 1 1 1 1 1 2 2 3 3 4 4 4 4 6 7 10 12 13 13 14 18 21 26 30 34 39 45 51 65 74 83 94 109 134 169 192 226 264 305 371 440 509 578 690 812 953 1091 1248 1441 1690 1959 2288 2653 3094 3579 4116 4757 5494 6397 7394 8447 9695 11182 12719 14470 16558 18720 21092 23749 26542 29601 32884 36274 39761 43329 46928 50602 54217 57799 61184 64537 67665 70561 73167 75576 77712 79710 81460 82965 84262 85407 86427 87280 87994 88582 89109 89519 89871 90209 90441 90654 90829 91001 91122 91219 91316 91394 91449 91496 91540 91585 91609 91629 91657 91672 91693 91702 91717 91725 91733 91744 91746 91755 91760 91763 91766 91767 91768 91771 91773 91773 91775 91777 91778 91780 91781 91781 91782 91783 91784 
0 0 0 0 0 0 0 0 0 0 1 
0 0 0 0 0 0 0 1 1 1 1 1 1 1 3 4 4 4 4 6 6 7 8 8 10 16 19 24 29 34 38 46 50 62 74 93 108 125 147 168 193 229 270 319 375 432 500 585 678 783 898 1052 1202 1410 1647 1903 2165 2512 2888 3350 3891 4477 5189 6029 6940 7992 9187 10464 11973 13599 15490 17545 19877 22304 25000 27965 31110 34422 37878 41433 45130 48756 52354 55929 59501 62815 66062 68996 71807 74388 76638 78651 80514 82223 83610 84795 85883 86814 87582 88238 88826 89306 89696 90066 90365 90591 90817 90973 91116 91232 91334 91425 91487 91546 91594 91624 91661 91691 91710 91731 91752 91770 91783 91794 91803 91814 91822 91827 91831 91832 91833 91837 91837 91839 91839 91839 91839 91839 91840 
0 0 0 0 0 0 0 0 0 0 1 1 1 1 1 1 1 1 1 1 2 2 3 3 4 5 5 7 7 7 8 8 12 14 16 23 28 30 39 45 52 64 73 90 103 124 150 178 207 232 262 314 377 427 485 553 668 785 911 1032 1205 1410 1651 1950 2233 2574 3009 3530 4081 4680 5435 6300 7283 8402 9668 11119 12736 14549 16523 18802 21283 23885 26779 29842 33101 36465 39835 43467 47155 50875 54523 58107 61515 64748 67872 70741 73367 75796 77988 79855 81557 83015 84284 85443 86374 87235 87971 88572 89060 89508 89883 90211 90464 90681 90859 91009 91137 91258 91344 91402 91478 91531 91581 91618 91649 91671 91698 91721 91741 91759 91770 91776 91782 91788 91794 91801 91805 91810 91813 91815 91816 91821 91822 91825 91828 91829 91830 91832 91832 91832 91832 91832 91832 91832 91832 91832 91832 91833 
0 0 0 0 0 0 0 0 1 1 1 2 2 2 2 2 2 4 5 6 8 9 9 11 15 18 20 24 31 36 40 44 50 60 66 80 93 107 121 136 163 185 212 250 292 331 380 449 506 592 682 774 909 1051 1214 1387 1634 1887 2173 2527 2924 3383 3954 4533 5263 6053 6930 7990 9209 10621 12190 13955 15876 17945 20356 22913 25779 28775 31941 35385 38879 42454 46204 49880 53619 57228 60822 64172 67304 70255 72980 75385 77640 79576 81336 82887 84282 85388 86361 87206 87956 88592 89109 89537 89904 90232 90472 90677 90885 91041 91162 91279 91374 91445 91503 91557 91603 91643 91676 91697 91719 91735 91753 91758 91773 91787 91791 91798 91803 91808 91812 91817 91820 91821 91826 91829 91829 91830 91830 91830 91830 91830 91830 91831 91832 91832 91832 91832 91833 
0 0 0 0 0 0 0 0 0 1 1 1 1 1 1 1 2 2 2 3 3 4 7 9 9 11 14 19 20 25 30 33 47 52 65 76 94 101 117 139 165 182 219 257 298 364 430 505 598 704 822 971 1140 1325 1559 1845 2149 2518 2931 3408 3963 4595 5318 6200 7130 8258 9501 10914 12498 14301 16362 18603 21053 23667 26532 29641 32796 36092 39606 43325 47045 50720 54360 57814 61263 64533 67616 70517 73175 75589 77734 79687 81431 82947 84216 85406 86382 87292 87996 88567 89058 89458 89847 90180 90451 90649 90814 90950 91064 91151 91239 91310 91381 91423 91459 91505 91532 91552 91565 91580 91592 91604 91618 91627 91631 91636 91638 91642 91645 91648 91649 91650 91651 91654 91655 91656 91657 91658 91659 91659 91659 91660 
0 0 0 0 0 0 0 0 1 1 1 1 1 2 2 3 4 4 4 4 6 9 10 10 10 13 14 14 17 21 23 24 25 30 33 35 41 52 58 64 70 83 89 96 116 131 149 181 214 244 278 322 367 421 491 560 644 754 886 1033 1208 1398 1621 1890 2197 2599 3006 3468 4012 4632 5359 6162 7107 8211 9483 10870 12449 14101 15973 18137 20443 22999 25794 28776 32006 35305 38878 42500 46118 49883 53495 57092 60620 63954 66978 69906 72471 74941 77175 79197 80985 82487 83863 85144 86164 87049 87769 88408 88987 89454 89848 90191 90450 90649 90842 91002 91142 91248 91332 91416 91482 91543 91576 91609 91645 91668 91693 91706 91721 91736 91749 91756 91767 91775 91781 91785 91786 91789 91791 91793 91794 91796 91798 91800 
0 0 0 0 0 0 0 0 1 1 1 1 2 2 2 3 4 4 4 5 5 7 13 13 15 20 20 23 29 29 35 40 45 50 60 71 93 118 131 152 176 200 241 279 340 394 472 557 636 756 888 1038 1208 1428 1686 1942 2256 2600 3029 3511 4097 4730 5444 6276 7234 8334 9580 10976 12506 14259 16220 18430 20818 23407 26269 29277 32516 35842 39333 42825 46482 50142 53866 57338 60832 64173 67339 70291 72910 75325 77558 79469 81179 82744 84120 85227 86230 87063 87839 88473 89000 89441 89796 90132 90421 90649 90825 90973 91099 91198 91282 91348 91418 91457 91499 91533 91559 91585 91606 91626 91638 91649 91662 91667 91680 91683 91685 91688 91690 91693 91693 91695 91697 91697 91698 91698 91698 91698 91700 91701 
0 0 0 0 0 0 0 0 0 0 0 0 1 1 1 2 2 2 2 3 4 4 4 4 6 6 7 10 11 12 12 18 20 21 24 30 35 41 45 48 59 68 82 99 116 131 148 165 189 215 240 278 318 369 428 502 569 660 774 920 1055 1216 1430 1670 1942 2245 2629 3061 3546 4083 4739 5473 6348 7324 8402 9567 10947 12502 14271 16232 18466 20872 23457 26233 29304 32409 35739 39201 42730 46308 49999 53617 57262 60744 64054 67139 70051 72731 75161 77423 79404 81143 82696 84006 85186 86169 87057 87812 88414 88948 89415 89777 90102 90373 90599 90806 90973 91099 91193 91295 91367 91424 91484 91532 91569 91595 91621 91642 91657 91663 91672 91683 91692 91700 91703 91706 91707 91708 91711 91711 91716 91718 91721 91724 91725 91727 91729 91729 91731 91731 91731 91731 91732 91733 91733 91735 
0 0 0 0 0 0 0 0 0 0 1 1 1 1 2 2 3 4 5 5 6 8 10 10 11 12 15 20 22 24 29 39 48 51 58 66 80 99 116 139 168 200 234 275 316 375 443 521 614 702 803 937 1082 1261 1466 1698 1936 2215 2578 3016 3509 4049 4607 5320 6177 7177 8235 9444 10819 12327 14072 16070 18091 20402 22941 25704 28704 31951 35233 38681 42328 45928 49618 53253 56847 60299 63543 66710 69645 72418 74947 77164 79218 80955 82540 83915 85173 86207 87132 87891 88489 89051 89508 89924 90243 90534 90727 90914 91052 91181 91302 91388 91451 91512 91560 91604 91641 91658 91680 91699 91715 91721 91725 91737 91740 91748 91753 91755 91759 91761 91763 91766 91769 91770 91771 91771 91772 91773 91773 91773 91773 91774 
0 0 0 0 0 0 0 0 0 1 1 1 1 1 1 3 3 4 4 6 6 7 8 8 9 12 13 15 16 20 24 27 33 33 41 50 57 71 83 94 111 132 152 173 201 236 271 313 374 426 493 597 690 816 939 1097 1269 1467 1728 2030 2364 2750 3225 3737 4346 5082 5900 6772 7750 8875 10158 11631 13295 15144 17201 19424 21916 24608 27479 30629 33925 37429 41068 44756 48417 52200 55772 59349 62751 66029 68997 71797 74352 76708 78756 80615 82223 83649 84844 85962 86914 87702 88363 88902 89377 89788 90145 90416 90621 90807 90992 91135 91253 91326 91388 91441 91493 91539 91575 91598 91623 91638 91649 91663 91678 91691 91701 91704 91709 91712 91715 91716 91717 91721 91722 91724 91727 91728 91728 91728 91728 91728 91729 91730 91731 91732 91733 91734 
0 0 0 0 0 0 0 1 1 1 1 1 1 1 1 1 2 2 3 3 3 3 3 5 5 6 6 6 6 7 7 8 10 10 13 17 20 25 27 31 37 42 50 60 70 79 90 106 121 141 165 195 229 267 319 366 438 507 589 693 810 943 1093 1279 1477 1724 2050 2363 2727 3147 3651 4240 4957 5735 6582 7551 8756 10032 11447 13156 15069 16987 19239 21793 24469 27343 30487 33684 37065 40567 44112 47846 51519 55170 58653 62123 65315 68341 71279 73889 76220 78318 80177 81827 83292 84590 85672 86618 87431 88121 88691 89180 89594 89946 90233 90463 90644 90813 90939 91037 91132 91215 91278 91341 91382 91423 91447 91477 91506 91521 91543 91547 91554 91563 91574 91580 91583 91585 91588 91591 91595 91595 91596 91597 91597 91597 91597 91597 91598 91598 91598 91599 91599 91600 
0 0 0 0 0 0 0 1 1 1 1 1 1 1 1 2 3 4 5 7 7 7 10 10 12 13 17 20 22 22 25 29 35 39 42 49 55 66 74 85 100 112 123 147 174 197 234 263 309 369 433 497 585 685 797 949 1122 1310 1526 1777 2045 2382 2755 3237 3725 4362 5038 5866 6732 7756 8997 10346 11808 13486 15422 17427 19715 22201 24973 27831 31052 34316 37747 41345 44956 48609 52329 55964 59516 62952 66226 69164 71857 74467 76765 78848 80662 82281 83684 84958 85982 86881 87639 88256 88814 89306 89718 90063 90334 90574 90756 90919 91059 91158 91245 91336 91399 91460 91507 91543 91576 91593 91614 91629 91646 91653 91660 91669 91677 91685 91694 91700 91700 91703 91704 91708 91711 91712 91714 91714 91716 91717 91717 91717 91717 91717 91717 91718 91718 91719 91719 91719 91719 91719 91719 91720 
0 0 0 0 0 0 0 0 0 1 2 3 3 3 4 4 5 6 7 9 9 9 12 13 16 20 23 26 28 33 40 45 52 59 68 80 97 108 124 136 161 189 212 241 277 315 379 430 490 565 651 758 883 997 1154 1336 1549 1815 2115 2456 2845 3284 3826 4401 5105 5901 6827 7911 9108 10478 11958 13678 15582 17690 20010 22564 25248 28081 31184 34485 37849 41243 44883 48535 52253 55890 59399 62741 65883 68847 71605 74091 76333 78398 80240 81870 83330 84546 85655 86587 87397 88035 88569 89062 89452 89779 90090 90329 90527 90681 90837 90970 91064 91140 91207 91276 91322 91361 91397 91426 91451 91463 91474 91487 91497 91504 91509 91509 91514 91517 91522 91529 91530 91533 91536 91538 91538 91539 91539 91539 91540 91540 91540 91540 91540 91540 91540 91540 91540 91540 91540 91541 91541 91541 91541 91541 91541 91541 91542 
0 0 0 0 0 0 1 1 1 1 1 1 1 1 1 1 2 2 2 3 3 4 4 6 6 9 11 12 16 18 20 24 28 33 44 52 60 70 81 95 116 127 151 177 204 235 278 328 385 464 533 617 720 847 972 1120 1293 1497 1729 2006 2310 2633 3064 3570 4107 4748 5501 6329 7235 8234 9486 10823 12349 14029 15973 18053 20387 22864 25674 28791 31934 35290 38664 42248 45886 49529 53251 56928 60455 63639 66744 69644 72408 74892 77153 79158 80941 82508 83933 85134 86128 87022 87754 88384 88922 89414 89814 90154 90425 90648 90859 91032 91156 91272 91362 91437 91507 91567 91608 91650 91683 91695 91708 91718 91730 91739 91745 91750 91759 91763 91765 91766 91768 91769 91771 91771 91771 91772 91772 91773 
0 0 0 0 0 0 0 0 0 0 0 0 0 0 1 1 3 4 4 5 6 8 8 10 16 21 30 39 48 63 79 96 106 131 152 178 226 272 311 372 438 501 583 659 772 894 1055 1210 1390 1595 1848 2131 2484 2897 3357 3918 4538 5224 6015 6900 7912 9063 10373 11832 13506 15420 17458 19680 22136 24789 27729 30809 34116 37562 41148 44632 48283 51939 55542 58905 62285 65474 68503 71221 73769 76096 78151 80003 81662 83168 84423 85543 86473 87289 87957 88526 88981 89373 89722 90020 90283 90503 90655 90807 90920 91023 91107 91179 91228 91280 91312 91339 91372 91395 91412 91429 91445 91459 91464 91473 91478 91483 91485 91490 91492 91492 91495 91498 91501 91502 91503 91503 91504 91505 91505 91505 91506 91506 91506 91506 91507 
0 0 0 0 0 0 0 0 0 0 1 1 1 1 2 3 3 4 5 6 6 6 7 8 10 12 14 15 15 18 25 29 35 41 46 56 59 65 83 101 118 139 165 184 215 263 310 362 415 478 562 642 721 847 1011 1171 1363 1602 1861 2166 2541 2937 3404 3955 4555 5262 6077 6963 7992 9225 10565 12103 13806 15727 17847 20224 22802 25692 28686 31947 35259 38667 42259 45899 49663 53317 56814 60255 63606 66781 69718 72426 74935 77130 79155 80977 82564 83974 85134 86225 87101 87886 88503 89023 89482 89868 90186 90472 90702 90914 91063 91214 91305 91406 91492 91561 91616 91650 91685 91711 91731 91747 91767 91779 91788 91805 91815 91825 91829 91833 91836 91841 91845 91846 91846 91849 91849 91851 91851 91851 91851 91851 91852 91853 91854 
0 0 0 0 0 0 0 0 0 0 1 1 1 2 2 2 2 3 3 4 5 7 8 10 11 13 17 20 24 26 33 35 40 46 54 66 73 88 101 121 151 170 193 219 257 300 337 385 458 543 610 722 846 966 1106 1275 1488 1730 2000 2342 2721 3150 3647 4225 4839 5591 6469 7445 8604 9841 11267 12900 14645 16708 18954 21461 24051 26890 29912 33235 36581 40099 43728 47522 51288 54921 58529 61996 65281 68272 71055 73674 75980 78147 80067 81796 83234 84537 85656 86615 87448 88160 88788 89279 89678 90021 90326 90559 90784 90953 91094 91225 91313 91407 91472 91534 91578 91622 91651 91690 91711 91739 91752 91761 91765 91773 91780 91787 91792 91796 91796 91799 91800 91803 91803 91804 91804 91804 91805 
0 0 0 0 0 0 0 0 1 1 1 1 2 3 3 4 4 4 4 6 7 8 8 8 11 13 15 19 22 27 30 34 38 39 41 50 56 63 68 78 88 102 119 136 168 188 225 261 299 342 396 465 545 623 734 847 969 1111 1312 1519 1738 2021 2361 2747 3202 3731 4306 4958 5708 6614 7656 8800 10025 11490 13135 14905 17045 19229 21697 24383 27297 30327 33662 37137 40664 44297 48102 51654 55278 58861 62259 65572 68628 71489 74124 76451 78638 80547 82200 83609 84886 85971 86916 87726 88405 88979 89447 89831 90176 90449 90718 90915 91062 91205 91334 91424 91506 91578 91631 91668 91705 91738 91762 91783 91803 91816 91823 91832 91834 91847 91856 91861 91862 91863 91866 91868 91872 91874 91877 91877 91878 91879 91879 91879 91880 
0 0 0 0 0 0 0 1 1 1 2 2 2 2 4 4 4 5 5 6 9 12 14 19 22 27 31 39 51 60 71 90 107 123 152 178 209 240 290 336 397 465 545 640 738 865 1010 1185 1366 1602 1854 2173 2502 2902 3360 3908 4513 5249 6008 6980 8076 9222 10621 12181 13816 15697 17789 20190 22726 25430 28477 31687 34970 38465 42034 45646 49329 53037 56584 60145 63463 66670 69703 72458 74942 77200 79223 81009 82629 84010 85191 86172 87063 87822 88481 89014 89496 89899 90217 90483 90706 90909 91086 91217 91319 91418 91493 91550 91599 91647 91681 91712 91733 91754 91773 91785 91797 91810 91818 91824 91827 91832 91838 91845 91847 91847 91849 91850 91850 91850 91851 91852 91853 91853 91853 91853 91854 
0 0 0 0 0 0 0 0 0 0 0 0 0 1 2 2 2 4 5 5 6 7 9 10 16 17 18 23 29 35 42 52 58 69 78 97 122 148 168 195 225 270 313 351 405 475 539 626 731 867 1005 1170 1392 1609 1878 2175 2534 2937 3400 3944 4602 5297 6106 7071 8111 9313 10682 12248 13903 15895 18040 20286 22800 25653 28667 31882 35156 38585 42222 45825 49490 53221 56825 60338 63710 66836 69803 72624 75160 77412 79468 81216 82821 84111 85292 86291 87130 87895 88547 89105 89527 89910 90219 90478 90674 90893 91037 91142 91238 91326 91395 91467 91518 91567 91618 91639 91657 91673 91689 91708 91725 91733 91742 91753 91755 91759 91764 91766 91767 91768 91773 91774 91777 91778 91779 
0 0 0 0 0 0 0 0 0 2 2 2 3 4 4 5 5 6 7 9 10 11 11 14 16 20 23 26 30 35 38 44 50 61 69 82 93 102 117 140 176 203 235 267 309 355 411 506 582 677 766 897 1042 1239 1433 1652 1895 2231 2604 3037 3526 4086 4756 5519 6355 7259 8339 9617 11002 12565 14286 16214 18336 20763 23296 26120 29124 32176 35428 38882 42434 46127 49739 53392 56916 60426 63801 66866 69821 72462 74912 77134 79190 80943 82504 83873 85077 86115 86980 87741 88335 88877 89316 89674 90002 90250 90491 90686 90825 90947 91065 91157 91234 91306 91347 91401 91431 91470 91498 91517 91532 91553 91562 91570 91583 91592 91599 91605 91615 91617 91620 91622 91624 91628 91633 91636 91638 91639 91640 91641 91641 91642 91642 91643 91645 91646 91647 91648 
0 0 0 0 0 0 0 0 0 1 1 1 1 1 1 1 2 3 4 4 5 6 7 9 11 14 17 19 24 27 30 38 42 49 55 67 80 96 113 133 155 188 221 263 310 365 431 503 566 650 740 854 1001 1152 1331 1515 1763 2051 2374 2718 3146 3633 4236 4868 5576 6462 7398 8529 9791 11204 12846 14619 16668 18904 21292 23892 26748 29898 33084 36530 39903 43583 47201 50982 54612 58146 61575 64882 67989 70862 73477 75882 78049 79978 81662 83148 84446 85593 86540 87398 88052 88642 89143 89588 89950 90249 90497 90698 90863 91022 91143 91230 91306 91370 91434 91488 91537 91561 91587 91608 91633 91651 91660 91678 91679 91689 91692 91699 91700 91704 91706 91709 91711 91711 91711 91711 91713 91714 91714 91715 
0 0 0 0 0 0 0 0 0 1 1 1 1 1 1 2 2 2 3 3 3 4 4 4 4 5 6 6 6 8 8 8 9 9 9 10 12 13 15 16 16 17 18 19 20 24 27 31 37 43 50 55 62 71 82 98 114 126 152 176 206 230 269 304 349 401 459 542 639 772 897 1049 1218 1402 1636 1896 2205 2571 2960 3447 3998 4635 5389 6255 7218 8337 9507 10911 12472 14284 16273 18438 20868 23527 26248 29124 32295 35686 39152 42657 46250 49976 53521 57080 60530 63890 66918 69908 72561 75029 77265 79303 81060 82589 83916 85035 86057 86958 87694 88336 88837 89293 89685 90023 90278 90517 90707 90864 90995 91118 91204 91286 91349 91403 91452 91500 91536 91566 91588 91605 91614 91627 91640 91652 91656 91661 91667 91675 91678 91682 91685 91688 91691 91692 91693 91697 91698 91698 91698 91698 91699 91700 
0 0 0 0 0 0 0 0 0 2 2 2 2 3 3 5 6 7 11 12 13 15 17 17 20 24 26 33 41 52 57 65 72 86 101 115 131 155 188 217 248 293 344 394 466 536 628 731 853 997 1168 1366 1588 1859 2153 2499 2918 3380 3923 4529 5263 6097 7033 8061 9320 10679 12190 13854 15814 17907 20216 22848 25611 28584 31742 35038 38415 42016 45650 49364 53019 56672 60047 63418 66706 69603 72476 74983 77257 79243 81060 82657 84076 85221 86308 87181 87976 88637 89170 89629 89985 90292 90537 90763 90944 91084 91215 91322 91398 91473 91540 91592 91651 91690 91717 91743 91752 91772 91787 91802 91809 91817 91828 91837 91844 91845 91845 91847 91850 91855 91857 91859 91859 91862 91862 91862 91862 91863 
0 0 0 0 0 0 0 0 0 0 0 0 0 0 0 0 0 0 0 1 2 4 4 4 5 6 10 12 14 17 19 23 24 31 42 50 53 64 75 92 112 131 151 177 204 235 272 306 356 412 473 547 631 746 865 994 1142 1309 1509 1763 2049 2371 2728 3173 3682 4284 4960 5753 6620 7569 8701 9999 11401 13031 14733 16809 19098 21488 24138 26948 29862 33047 36406 40050 43605 47355 50982 54649 58126 61493 64811 67873 70719 73326 75773 77904 79879 81538 83031 84300 85466 86412 87213 87947 88546 89058 89494 89849 90138 90392 90606 90777 90916 91050 91144 91225 91285 91349 91392 91439 91464 91496 91516 91533 91551 91566 91573 91584 91592 91602 91605 91610 91611 91612 91614 91615 91617 91618 91618 91618 91618 91619 91619 91620 91620 91620 91621 91623 91623 91623 91623 91623 91624 91625 91625 91625 91625 91625 91626 91627 91627 91628 
0 0 0 0 0 1 1 1 1 1 1 1 2 2 2 2 3 6 8 9 12 14 19 23 26 28 35 40 49 59 67 77 88 98 119 145 172 197 228 260 309 360 416 486 557 646 750 876 1025 1208 1432 1641 1898 2194 2543 2952 3413 3960 4602 5381 6231 7174 8239 9450 10832 12401 14115 16075 18216 20579 23235 26043 28995 32165 35631 39034 42619 46295 49980 53610 57231 60705 63948 67063 70053 72672 75106 77303 79322 81076 82610 83941 85128 86118 86986 87726 88379 88893 89344 89737 90043 90305 90511 90723 90873 91004 91102 91179 91248 91326 91381 91414 91450 91484 91511 91532 91550 91563 91580 91591 91602 91611 91615 91617 91619 91624 91625 91627 91630 91632 91633 91634 91636 91636 91636 91636 91636 91636 91636 91637 
0 0 0 0 0 0 0 0 1 1 1 1 3 3 4 5 6 7 11 11 12 16 20 23 26 29 32 35 40 45 53 60 65 73 81 97 115 139 160 182 208 235 264 312 377 428 485 563 662 766 862 999 1163 1333 1615 1874 2216 2595 3020 3465 4009 4673 5431 6272 7227 8293 9551 10923 12451 14238 16156 18372 20784 23307 26119 29161 32311 35627 39138 42689 46292 49867 53523 57105 60544 63813 66993 69933 72549 74990 77282 79289 80989 82514 83958 85149 86122 86983 87729 88318 88857 89303 89707 90028 90296 90551 90744 90917 91041 91145 91236 91310 91397 91449 91494 91526 91557 91576 91595 91614 91627 91638 91649 91655 91659 91662 91663 91668 91673 91677 91679 91680 91681 91682 91683 91683 91683 91683 91684 
0 0 0 0 0 0 0 0 0 0 0 0 1 1 1 1 1 2 3 4 5 6 8 10 14 16 23 26 30 37 44 48 54 67 74 87 109 130 156 188 213 243 283 339 385 454 523 604 705 824 972 1118 1292 1504 1743 2012 2320 2686 3122 3602 4161 4795 5531 6374 7314 8403 9601 10997 12487 14223 16151 18359 20691 23278 26081 29081 32223 35556 38982 42603 46175 49865 53565 57072 60494 63746 67047 70004 72672 75151 77370 79383 81108 82642 84014 85126 86142 87012 87728 88367 88927 89360 89721 90055 90311 90536 90719 90875 91007 91128 91221 91279 91351 91407 91451 91488 91518 91550 91566 91588 91602 91612 91618 91632 91640 91648 91655 91657 91660 91662 91664 91666 91668 91668 91670 91671 91671 91671 91672 91672 91672 91672 91672 91672 91672 91673 
0 0 0 0 0 0 0 0 1 1 1 1 2 2 2 3 4 4 4 4 6 7 8 9 9 10 12 19 22 26 29 31 35 41 51 56 67 80 89 101 127 145 178 199 241 277 317 384 450 529 609 717 841 987 1156 1366 1593 1851 2111 2461 2866 3366 3920 4567 5248 6106 7045 8069 9292 10722 12225 14023 16066 18154 20568 23184 25975 28933 32150 35486 39042 42637 46331 49951 53530 57261 60714 64046 67065 70015 72754 75170 77388 79398 81120 82695 84058 85230 86282 87165 87917 88543 89058 89503 89875 90188 90442 90664 90850 91009 91132 91236 91322 91395 91460 91517 91553 91598 91627 91650 91672 91691 91708 91730 91743 91748 91757 91761 91766 91773 91777 91779 91782 91785 91786 91787 91789 91790 91792 91794 91795 91795 91797 91797 91797 91798 91798 91798 91798 91799 91799 91800 91801 91801 91802 
0 0 0 0 0 0 0 0 1 1 1 1 1 1 2 4 4 5 8 9 11 11 11 11 12 15 20 24 27 34 39 43 50 60 67 81 90 104 117 143 160 200 234 274 316 366 423 495 589 665 784 927 1067 1232 1437 1674 1949 2231 2582 2985 3439 3951 4577 5346 6148 7085 8145 9340 10698 12226 13971 15814 17970 20297 22880 25622 28550 31644 34942 38461 42038 45621 49316 53035 56641 60070 63419 66600 69691 72462 75011 77265 79251 80988 82594 83989 85176 86177 87041 87807 88461 88984 89449 89853 90145 90455 90667 90855 91028 91175 91302 91404 91486 91542 91602 91648 91691 91727 91761 91787 91803 91816 91822 91833 91841 91848 91850 91853 91854 91861 91861 91866 91866 91866 91867 91867 91869 
0 0 0 0 0 0 1 1 1 1 1 1 1 1 1 2 
0 0 0 0 0 0 0 0 1 1 2 2 3 5 5 5 5 7 8 12 13 16 19 20 21 26 28 33 44 55 59 70 83 102 116 139 158 186 211 252 284 330 393 466 518 604 714 825 971 1131 1293 1514 1763 2001 2320 2705 3140 3613 4201 4781 5508 6365 7334 8418 9661 10982 12589 14304 16324 18498 20875 23475 26307 29220 32396 35696 39244 42764 46309 49930 53659 57223 60749 64113 67172 70217 72957 75311 77573 79525 81306 82838 84204 85349 86338 87212 87987 88617 89112 89532 89908 90185 90461 90659 90853 91018 91160 91243 91344 91407 91473 91516 91555 91581 91605 91626 91643 91660 91671 91684 91697 91705 91713 91718 91724 91729 91735 91738 91741 91743 91745 91747 91750 91751 91751 91752 91753 
0 0 0 0 0 0 0 0 0 0 0 1 1 1 1 1 1 2 2 3 3 3 3 3 4 6 6 7 7 8 10 14 17 20 24 27 32 34 42 48 59 65 77 85 97 110 122 146 171 197 239 268 322 366 436 512 587 693 798 939 1107 1299 1525 1786 2100 2451 2850 3355 3913 4531 5326 6164 7148 8259 9480 10845 12468 14297 16224 18398 20743 23311 26156 29195 32372 35703 39233 42817 46574 50230 53839 57506 60998 64225 67304 70180 72861 75282 77479 79537 81266 82790 84138 85299 86243 87079 87826 88451 88980 89443 89835 90140 90408 90641 90848 90987 91093 91188 91268 91346 91400 91460 91494 91538 91570 91595 91618 91632 91649 91660 91665 91681 91688 91690 91695 91699 91707 91710 91714 91715 91717 91718 91719 91720 91721 91721 91721 91721 91723 91723 91723 91723 91723 91724 
0 0 0 0 0 0 0 0 1 1 1 1 1 1 2 3 3 3 4 4 5 7 7 7 7 13 17 20 23 26 32 44 50 57 70 81 96 111 130 161 187 213 260 308 353 406 485 541 628 740 850 974 1113 1275 1464 1711 1970 2282 2645 3060 3504 4076 4674 5425 6246 7186 8242 9460 10850 12344 14108 16078 18273 20654 23172 25876 28875 32117 35488 38919 42474 46094 49714 53309 56935 60450 63813 66940 69903 72604 75131 77352 79376 81060 82661 83940 85126 86137 86973 87703 88361 88860 89322 89717 90018 90256 90488 90677 90828 90954 91057 91154 91222 91282 91335 91366 91394 91421 91448 91467 91481 91500 91515 91523 91528 91531 91538 91543 91545 91547 91549 91550 91552 91553 91557 91558 91558 91559 91559 91560 91560 91560 91561 91562 91562 91562 91562 91562 91562 91563 
0 0 0 0 0 0 0 0 0 1 1 1 1 1 1 1 4 4 4 4 5 5 8 9 11 14 16 22 26 27 32 41 49 55 70 79 93 110 133 150 173 208 246 294 354 408 470 540 625 725 854 998 1184 1386 1620 1887 2199 2549 2948 3458 4056 4683 5411 6233 7138 8177 9412 10744 12300 14040 16022 18208 20542 23148 25915 28806 32022 35322 38832 42323 46017 49635 53309 56887 60401 63776 66909 69813 72575 74957 77266 79270 81077 82644 84042 85235 86256 87120 87846 88460 88979 89463 89865 90156 90442 90681 90860 91008 91142 91251 91339 91403 91483 91549 91595 91631 91656 91676 91702 91717 91733 91743 91752 91761 91768 91773 91777 91778 91780 91781 91782 91783 91786 91791 91792 91794 91794 91795 91795 91795 91796 
0 0 0 0 0 0 1 1 1 1 1 2 2 3 5 6 7 8 11 14 16 20 21 26 29 34 40 49 62 73 83 96 103 118 136 156 182 207 238 276 328 376 436 511 598 701 824 937 1073 1258 1442 1682 1934 2244 2595 2981 3426 3959 4573 5287 6086 6950 7923 9112 10411 11903 13618 15503 17562 19813 22197 24883 27782 30819 34121 37604 41177 44758 48431 52118 55712 59253 62675 65832 68836 71614 74154 76454 78547 80381 82035 83508 84731 85794 86730 87498 88147 88684 89171 89570 89933 90224 90481 90655 90819 90967 91066 91160 91239 91296 91345 91388 91426 91456 91482 91503 91521 91532 91545 91554 91560 91566 91571 91575 91580 91583 91586 91587 91588 91588 91589 91589 91591 91592 91593 91594 91597 91598 91598 91598 91600 91600 91600 91600 91600 91600 91601 
0 0 0 0 0 0 0 0 0 1 1 1 1 2 3 4 4 4 5 5 8 10 10 10 10 11 14 15 17 18 18 19 26 30 37 43 49 61 75 85 105 121 141 155 178 202 240 282 328 380 436 524 601 708 840 977 1152 1312 1514 1737 2021 2391 2764 3187 3682 4289 4950 5725 6587 7564 8773 10062 11524 13138 14946 16995 19218 21676 24350 27202 30213 33406 36745 40262 43915 47506 51101 54677 58120 61544 64767 67699 70556 73215 75659 77767 79671 81415 82917 84183 85266 86229 87085 87788 88346 88890 89313 89685 89984 90241 90440 90628 90791 90899 91027 91125 91207 91263 91318 91361 91394 91428 91457 91473 91492 91507 91515 91526 91536 91546 91549 91555 91560 91562 91567 91569 91569 91570 91572 91575 91575 91576 91576 91577 91577 91577 91577 91577 91578 91578 91578 91578 91578 91578 91578 91579 
0 0 0 0 0 0 0 0 1 1 1 1 1 1 1 1 1 2 2 2 2 3 4 5 6 7 9 12 13 17 21 26 30 35 42 47 60 70 79 97 119 146 174 206 235 271 304 348 420 487 578 657 770 874 1016 1185 1404 1636 1900 2194 2576 3025 3546 4140 4796 5528 6410 7387 8444 9746 11228 12812 14667 16721 18968 21439 24073 27042 30105 33374 36823 40443 44074 47828 51441 55139 58755 62168 65461 68480 71327 73929 76301 78385 80229 81933 83392 84645 85748 86685 87458 88128 88705 89201 89593 89926 90221 90496 90690 90876 91024 91155 91257 91355 91429 91487 91530 91576 91613 91646 91668 91690 91703 91717 91724 91729 91739 91743 91748 91754 91757 91760 91763 91764 91764 91765 91767 91767 91767 91767 91768 91768 91769 
0 0 0 0 0 0 0 1 1 1 1 1 1 1 2 4 5 5 6 6 7 8 9 12 12 15 19 24 26 34 40 47 52 60 72 82 95 112 124 153 176 211 245 282 332 383 452 526 634 734 833 963 1116 1288 1489 1695 1977 2306 2674 3089 3588 4164 4851 5616 6492 7460 8609 9896 11393 12961 14807 16769 18912 21287 23874 26768 29949 33115 36511 40047 43687 47225 50800 54394 57944 61387 64658 67677 70561 73263 75644 77812 79781 81517 83027 84367 85472 86425 87211 87918 88590 89063 89496 89837 90138 90386 90601 90785 90916 91036 91136 91227 91308 91368 91421 91470 91511 91542 91562 91586 91606 91631 91643 91652 91660 91663 91671 91677 91680 91682 91689 91691 91695 91697 91698 91698 91700 91700 91701 91701 91702 91702 91702 91702 91702 91702 91702 91702 91703 
0 0 0 0 0 0 0 0 1 1 1 1 1 3 3 3 4 5 5 6 6 7 8 9 13 14 18 25 29 32 36 44 53 65 79 97 107 126 144 174 198 231 276 319 369 417 485 551 637 744 852 1019 1176 1379 1601 1841 2124 2493 2876 3322 3823 4403 5059 5877 6827 7848 8945 10227 11715 13417 15270 17284 19557 22115 24667 27555 30627 33935 37370 40908 44518 48140 51870 55514 59040 62509 65720 68704 71513 74126 76422 78470 80400 82015 83471 84709 85745 86680 87448 88117 88718 89202 89630 89951 90221 90460 90663 90823 90992 91097 91198 91286 91340 91384 91436 91484 91519 91555 91572 91596 91615 91626 91637 91647 91655 91664 91666 91669 91670 91672 91674 91674 91674 91675 91676 91678 91680 91680 91680 91680 91680 91681 
0 0 0 0 0 0 0 0 0 1 1 2 2 3 3 3 3 4 4 6 7 8 10 12 12 15 17 19 22 27 31 37 46 50 60 75 89 101 115 131 164 190 226 256 301 347 402 460 535 613 731 879 1023 1202 1383 1608 1828 2113 2466 2876 3330 3894 4465 5156 6001 6911 7923 9089 10465 11978 13633 15412 17463 19745 22272 24947 27913 30996 34316 37744 41288 44884 48558 52130 55711 59279 62656 65909 68924 71699 74303 76603 78664 80454 82220 83644 84901 85966 86862 87597 88275 88850 89334 89717 90070 90355 90586 90775 90940 91062 91194 91291 91367 91431 91479 91511 91547 91575 91600 91618 91640 91652 91667 91680 91695 91699 91701 91703 91707 91708 91710 91710 91713 91715 91716 91717 91718 91718 91718 91719 
0 0 0 0 1 1 1 1 3 3 4 5 7 7 8 8 9 9 10 10 10 10 14 16 18 19 20 23 26 30 34 37 42 49 53 60 73 85 100 119 138 165 185 216 246 280 319 380 447 532 612 706 818 948 1105 1277 1473 1721 1976 2280 2639 3066 3564 4113 4772 5515 6355 7293 8369 9646 11028 12671 14450 16363 18474 20876 23513 26317 29276 32437 35941 39442 43139 46846 50516 54024 57571 60938 64272 67403 70243 72961 75413 77577 79517 81286 82869 84239 85359 86364 87259 87952 88597 89113 89562 89911 90173 90442 90658 90838 90999 91113 91209 91301 91368 91414 91460 91507 91547 91577 91609 91631 91651 91662 91671 91680 91693 91700 91705 91711 91714 91720 91726 91729 91730 91730 91732 91733 91733 91733 91733 91735 91735 91735 91735 91735 91735 91735 91735 91737 
0 0 0 0 0 0 0 0 0 0 0 0 0 1 1 1 1 1 2 4 7 10 10 11 13 13 15 17 20 21 22 29 30 32 34 43 61 68 73 87 96 116 135 152 187 216 244 280 332 385 450 534 601 700 821 966 1130 1310 1515 1746 2014 2364 2784 3234 3757 4380 5100 5892 6799 7843 9059 10437 11917 13612 15497 17593 19797 22335 25001 27965 31172 34550 38064 41573 45200 49032 52600 56157 59723 63092 66315 69404 72101 74623 76936 79036 80829 82426 83837 85067 86142 87027 87787 88421 88996 89445 89768 90089 90358 90599 90796 90931 91068 91171 91262 91343 91398 91440 91477 91515 91551 91578 91598 91613 91629 91639 91642 91653 91658 91662 91669 91673 91675 91677 91681 91684 91684 91687 91688 91689 91689 91690 91691 91692 91692 91692 91693 91694 91694 91695 
0 0 0 0 0 0 0 1 1 1 1 1 1 1 1 1 1 2 3 3 3 4 4 4 6 6 7 7 8 9 11 13 15 18 22 25 35 42 52 63 71 91 105 122 140 166 192 228 272 316 370 423 479 539 643 747 886 1027 1170 1347 1581 1841 2126 2467 2873 3336 3887 4459 5169 5990 6915 7956 9142 10451 11937 13660 15549 17664 20018 22513 25247 28123 31252 34607 38121 41663 45354 49035 52737 56266 59849 63199 66448 69450 72234 74736 76923 79020 80841 82394 83792 85041 86080 87015 87848 88505 89096 89594 89970 90282 90550 90803 91028 91163 91283 91390 91481 91564 91629 91674 91710 91742 91773 91800 91820 91839 91852 91865 91873 91882 91890 91898 91902 91906 91912 91915 91916 91918 91919 91920 91921 91922 91924 91925 91925 91925 91926 
0 0 0 0 0 0 0 0 1 1 1 1 1 1 1 2 2 2 2 4 4 4 5 5 8 9 10 11 13 15 19 24 30 36 42 49 54 67 75 83 95 108 126 143 164 192 217 250 279 330 382 434 506 573 670 774 910 1045 1213 1421 1653 1935 2278 2628 3041 3554 4129 4803 5533 6341 7325 8428 9675 11095 12691 14420 16347 18503 20827 23422 26177 29189 32476 35795 39301 43004 46687 50326 53997 57534 61004 64407 67537 70404 73095 75556 77745 79783 81506 82995 84381 85479 86480 87308 88069 88696 89245 89673 90013 90302 90553 90772 90952 91093 91226 91306 91395 91448 91521 91567 91608 91641 91676 91698 91721 91738 91752 91761 91772 91781 91789 91794 91797 91805 91807 91811 91816 91818 91819 91821 91821 91821 91821 91823 91825 91826 91826 91826 91827 91829 91830 91830 91830 91831 
0 0 0 0 0 0 0 0 0 0 0 1 1 1 2 2 2 2 3 4 4 5 6 6 7 9 9 9 9 11 11 12 13 14 18 22 25 28 35 39 42 48 55 64 72 85 96 115 133 158 178 203 238 275 328 369 429 478 550 635 723 848 971 1133 1338 1516 1769 2058 2375 2779 3222 3720 4325 4998 5745 6650 7643 8847 10156 11635 13277 15225 17250 19494 21934 24632 27434 30532 33797 37159 40829 44391 47970 51581 55234 58764 62163 65389 68423 71218 73804 76134 78218 80098 81854 83342 84595 85692 86601 87459 88161 88761 89246 89658 89970 90231 90476 90671 90826 90979 91093 91194 91276 91344 91406 91468 91515 91548 91582 91606 91629 91647 91659 91674 91682 91694 91694 91698 91701 91704 91707 91711 91712 91712 91712 91713 91714 91715 91716 91716 91716 91717 91719 91720 91720 91720 91720 91720 91720 91720 91721 
0 0 0 0 0 0 0 0 1 2 2 2 3 4 5 6 7 8 9 13 15 17 21 26 29 35 38 47 57 64 71 91 102 119 138 163 188 223 260 318 374 422 493 575 690 814 968 1103 1271 1498 1726 2003 2329 2712 3122 3604 4212 4855 5552 6416 7422 8553 9811 11201 12784 14620 16583 18652 20993 23668 26558 29540 32773 36088 39637 43306 46897 50471 54052 57577 61093 64348 67496 70424 73018 75485 77668 79618 81301 82840 84170 85334 86293 87137 87837 88452 89003 89449 89790 90107 90362 90569 90767 90921 91045 91150 91242 91310 91361 91417 91450 91485 91511 91536 91558 91572 91590 91607 91614 91626 91632 91637 91640 91644 91647 91650 91654 91655 91656 91657 91658 91659 91659 91659 91660 91661 91661 91662 91663 91663 91663 91664 91664 91664 91664 91664 91664 91664 91664 91664 91665 
0 0 0 0 0 0 0 1 1 1 1 2 2 2 2 5 5 7 8 9 10 11 12 13 15 16 19 20 20 24 28 34 44 50 59 68 80 99 113 140 165 195 229 272 317 373 445 526 622 737 889 1039 1219 1426 1679 1954 2255 2638 3060 3556 4178 4853 5582 6449 7520 8626 9839 11317 12986 14808 16790 19003 21486 24109 27077 30087 33271 36706 40141 43797 47490 51087 54738 58277 61713 64994 68111 71002 73586 75955 78058 80024 81686 83206 84455 85617 86586 87376 88044 88634 89090 89517 89889 90197 90416 90628 90817 90947 91054 91155 91226 91293 91343 91407 91451 91477 91509 91529 91551 91568 91580 91590 91598 91608 91617 91621 91628 91630 91632 91634 91635 91638 91639 91640 91642 91645 91646 91646 91646 91646 91646 91647 91648 
0 0 0 0 0 0 0 0 0 0 0 0 1 1 1 2 2 2 2 2 2 3 5 5 6 8 9 10 11 11 16 19 20 23 24 30 33 45 54 57 62 70 79 88 106 121 140 159 187 215 245 278 313 355 422 495 560 647 748 847 994 1163 1355 1568 1806 2097 2430 2807 3241 3749 4344 5015 5739 6572 7565 8711 9980 11335 12919 14811 16770 18938 21359 24034 26818 29957 33211 36569 40001 43739 47470 51170 54740 58145 61526 64773 67861 70706 73221 75540 77687 79596 81315 82887 84220 85332 86312 87133 87846 88456 88998 89398 89783 90092 90354 90575 90756 90893 91004 91096 91184 91256 91326 91379 91425 91455 91496 91526 91542 91560 91577 91588 91597 91605 91611 91613 91617 91619 91624 91627 91628 91628 91629 91630 91630 91630 91632 91633 91633 91633 91633 91633 91635 91635 91635 91635 91635 91635 91636 
0 0 0 0 0 0 0 0 0 0 0 1 1 2 2 2 2 2 3 3 3 3 3 4 5 6 6 7 7 10 12 15 16 20 23 24 29 33 37 46 53 59 69 77 88 98 115 127 142 167 195 229 272 317 364 420 488 569 666 787 936 1073 1258 1456 1663 1952 2278 2613 3019 3500 4062 4715 5447 6263 7198 8255 9458 10888 12441 14230 16297 18465 20878 23510 26337 29369 32621 35860 39509 43186 46857 50553 54211 57791 61140 64440 67532 70448 73152 75570 77745 79678 81387 82893 84269 85354 86351 87241 87949 88580 89086 89537 89916 90230 90515 90741 90909 91050 91184 91289 91376 91455 91516 91564 91598 91638 91665 91694 91707 91723 91733 91747 91755 91764 91771 91771 91774 91779 91787 91789 91789 91790 91790 91791 91791 91792 91793 91793 91793 91793 91793 91793 91793 91794 
0 0 0 0 0 0 0 0 0 1 1 1 1 1 2 3 5 6 7 8 8 11 17 19 23 27 29 32 37 45 57 63 74 82 104 124 143 165 196 216 255 302 342 396 478 539 631 737 842 969 1115 1286 1507 1751 2022 2324 2663 3039 3502 4097 4760 5461 6314 7292 8399 9673 11083 12650 14501 16471 18644 20981 23595 26397 29443 32628 36045 39588 43162 46887 50495 54155 57715 61080 64392 67514 70544 73181 75656 77866 79791 81459 82977 84267 85383 86362 87228 87933 88493 89001 89422 89769 90085 90331 90545 90737 90890 91025 91123 91212 91280 91343 91403 91437 91467 91502 91529 91543 91559 91576 91591 91596 91601 91605 91610 91614 91618 91621 91625 91628 91629 91629 91629 91631 91632 91634 91635 91636 91637 91638 91639 91639 91639 91639 91639 91639 91639 91639 91639 91640 91640 91640 91640 91640 91640 91642 
0 0 0 0 1 1 1 1 1 1 3 5 7 7 7 8 8 9 11 12 12 13 15 15 18 18 22 23 24 28 37 40 45 49 57 66 77 93 110 127 150 186 218 250 292 341 394 474 533 628 754 891 1037 1208 1390 1619 1885 2182 2509 2941 3391 3919 4500 5208 6064 6982 7998 9159 10556 12014 13672 15544 17572 19882 22404 25135 27995 31074 34290 37700 41268 44933 48597 52323 55925 59402 62834 65983 69052 71849 74356 76619 78690 80536 82146 83580 84837 85894 86858 87657 88339 88868 89300 89710 90033 90333 90557 90736 90889 91027 91171 91245 91323 91385 91444 91481 91518 91544 91578 91599 91622 91641 91649 91655 91664 91673 91676 91679 91682 91685 91686 91689 91691 91693 91693 91695 91695 91696 91697 
0 0 0 0 0 0 0 0 0 2 3 3 3 3 4 4 4 5 6 7 8 9 10 11 12 13 13 18 20 24 26 31 33 37 47 54 65 75 85 99 114 131 148 171 197 231 277 315 376 438 510 594 704 814 939 1091 1276 1499 1743 2016 2348 2752 3151 3651 4219 4851 5575 6467 7466 8609 9883 11358 12896 14741 16773 19023 21405 24089 26938 29933 33207 36637 40109 43791 47411 51028 54637 58113 61530 64850 67936 70867 73487 75845 77970 79907 81606 83106 84347 85519 86501 87282 88013 88599 89142 89555 89892 90214 90455 90656 90822 90984 91115 91217 91302 91378 91441 91478 91531 91574 91606 91625 91651 91667 91687 91701 91704 91717 91729 91734 91740 91742 91744 91746 91748 91755 91758 91760 91761 91762 91762 91763 91765 91765 91765 91765 91765 91765 91765 91765 91765 91766 
0 0 0 0 0 0 0 0 2 2 2 4 5 6 7 9 9 10 14 17 21 23 25 28 32 37 46 57 66 70 80 94 115 136 164 178 197 239 284 321 378 444 523 602 703 794 929 1072 1259 1444 1712 1977 2269 2623 3053 3503 4008 4696 5461 6240 7149 8216 9446 10844 12327 14028 15885 17984 20393 22818 25516 28392 31514 34777 38279 41857 45534 49142 52856 56507 59996 63388 66596 69481 72316 74771 76970 79012 80839 82441 83861 85072 86100 86984 87734 88434 88983 89438 89806 90119 90399 90652 90846 91018 91136 91269 91341 91419 91481 91539 91577 91615 91641 91662 91679 91694 91708 91721 91735 91741 91747 91754 91755 91759 91761 91763 91764 91765 91766 91768 91768 91768 91769 91771 91773 
0 0 1 1 1 1 1 1 1 1 1 3 4 4 4 6 8 9 10 11 13 15 17 18 22 25 29 32 36 43 45 50 55 62 74 84 98 118 133 161 197 229 266 318 375 428 508 599 689 788 926 1076 1246 1486 1733 2006 2328 2697 3189 3727 4299 4999 5800 6633 7590 8670 10014 11475 13140 14955 16915 19071 21603 24170 27066 30106 33436 36818 40398 43967 47618 51213 54784 58343 61728 65031 68071 70877 73535 75964 78120 80003 81703 83174 84434 85530 86507 87353 88061 88643 89148 89571 89924 90225 90481 90675 90831 90992 91116 91198 91282 91345 91419 91467 91507 91536 91555 91583 91607 91627 91638 91652 91660 91666 91671 91674 91679 91686 91689 91690 91690 91692 91692 91693 91694 91696 91697 
0 0 0 0 0 0 0 0 0 0 1 1 1 1 1 1 1 1 1 1 3 4 4 6 11 15 17 25 27 32 42 45 56 67 75 93 110 129 153 178 203 231 279 338 389 459 521 626 739 876 1022 1211 1405 1622 1877 2165 2465 2902 3378 3927 4545 5232 6024 6956 8017 9266 10637 12168 13846 15773 17856 20183 22725 25387 28282 31419 34655 38122 41700 45342 49020 52724 56212 59616 63040 66104 69101 71846 74401 76702 78716 80504 82150 83554 84817 85897 86820 87575 88192 88770 89229 89620 89968 90241 90488 90729 90884 91026 91160 91225 91311 91377 91433 91478 91533 91567 91597 91619 91644 91667 91677 91690 91697 91702 91707 91713 91717 91721 91725 91728 91730 91731 91732 91736 91737 91739 91742 91742 91743 91743 91743 91744 
0 0 0 0 0 0 0 1 1 1 1 1 1 1 1 2 2 2 2 2 3 4 4 5 5 6 7 7 9 9 9 9 10 11 11 13 13 16 19 26 30 32 35 39 50 62 70 83 99 118 134 145 172 202 238 269 319 374 433 496 573 673 791 933 1070 1229 1447 1675 1973 2311 2722 3149 3656 4305 4997 5768 6658 7722 8924 10236 11755 13396 15349 17402 19670 22243 25053 27851 30941 34227 37602 41115 44799 48463 52182 55765 59156 62636 65794 68878 71742 74219 76613 78734 80563 82231 83702 84923 86027 86967 87753 88382 88973 89432 89842 90158 90432 90670 90863 91025 91158 91278 91379 91457 91524 91579 91627 91663 91695 91717 91736 91750 91761 91771 91782 91788 91793 91796 91797 91801 91805 91807 91809 91812 91814 91815 91815 91817 91817 91819 91820 91820 91820 91822 
0 0 0 0 0 0 0 0 0 0 0 1 1 1 1 2 4 5 5 5 7 9 11 13 15 19 19 22 28 34 43 47 55 63 75 92 104 125 148 172 204 230 277 319 363 430 504 570 642 730 861 1009 1171 1346 1584 1846 2158 2508 2916 3433 3936 4550 5272 6069 6947 7994 9198 10600 12206 13839 15696 17811 20155 22681 25442 28321 31472 34722 38204 41787 45315 49035 52778 56308 59821 63193 66461 69400 72084 74644 76871 78951 80864 82451 83839 85008 86111 86991 87711 88336 88860 89291 89685 90009 90254 90485 90683 90824 90972 91103 91205 91280 91331 91380 91411 91454 91480 91503 91523 91539 91549 91560 91570 91573 91581 91585 91586 91587 91588 91590 91592 91593 91594 91595 91596 
0 0 0 0 0 0 0 0 1 1 1 1 1 1 1 1 1 1 1 2 2 3 4 4 5 6 8 11 11 14 15 19 19 27 31 35 42 50 60 68 79 95 113 131 149 172 199 230 262 303 352 403 466 550 638 740 860 1005 1160 1354 1544 1817 2102 2458 2828 3294 3840 4449 5139 5948 6880 7973 9165 10497 11989 13655 15557 17709 20098 22725 25403 28328 31458 34774 38125 41673 45365 48968 52614 56215 59630 63060 66247 69205 72027 74523 76855 78824 80619 82233 83633 84893 85965 86893 87607 88276 88854 89341 89691 90022 90300 90538 90737 90888 91022 91132 91218 91318 91390 91440 91486 91525 91558 91588 91615 91635 91650 91663 91670 91675 91681 91687 91691 91697 91698 91699 91701 91701 91705 91705 91705 91705 91706 91706 91706 91707 
0 0 0 0 0 0 0 0 0 1 1 1 2 2 2 3 3 3 5 6 8 8 9 9 10 14 18 20 24 27 29 36 44 49 58 68 75 93 109 128 148 176 219 265 314 370 428 497 578 670 763 884 1031 1202 1395 1638 1900 2229 2563 2955 3442 3966 4620 5339 6171 7092 8141 9369 10685 12255 13882 15786 17919 20197 22765 25511 28495 31634 34864 38358 41943 45653 49349 53022 56623 60153 63554 66748 69635 72338 74904 77088 79147 80896 82481 83898 85105 86141 87057 87785 88431 89029 89505 89864 90221 90476 90722 90885 91059 91206 91338 91449 91532 91607 91654 91698 91751 91781 91811 91832 91854 91867 91877 91890 91896 91904 91907 91912 91917 91920 91924 91925 91925 91926 91928 91928 91928 91929 91930 91930 91931 91931 91931 91932 
0 0 0 0 0 0 0 0 0 0 0 1 1 2 2 2 2 2 2 2 4 5 6 8 9 12 14 17 22 27 30 35 43 49 54 61 72 86 99 121 135 164 197 229 277 331 376 438 507 588 676 794 911 1078 1237 1440 1680 1940 2283 2643 3072 3548 4095 4748 5499 6401 7399 8455 9734 11155 12723 14476 16462 18547 20949 23535 26299 29322 32484 35884 39397 42908 46541 50325 53922 57479 60987 64278 67375 70256 72999 75382 77532 79619 81398 82944 84236 85348 86421 87280 87975 88609 89128 89579 89947 90249 90521 90758 90943 91073 91216 91331 91413 91482 91552 91595 91632 91672 91701 91718 91741 91755 91775 91784 91790 91796 91804 91811 91819 91822 91824 91825 91826 91827 91827 91828 91829 91830 91832 91834 
0 0 0 0 1 
0 0 0 0 0 0 0 0 0 0 1 1 1 1 1 1 1 2 2 2 2 2 2 2 3 4 4 5 5 6 9 10 11 12 13 17 19 20 24 33 43 56 63 73 87 105 130 143 169 206 250 284 344 402 468 538 622 731 835 961 1140 1337 1536 1772 2045 2355 2727 3205 3659 4244 4868 5560 6389 7356 8437 9728 11172 12851 14688 16530 18707 21097 23713 26509 29588 32773 36194 39706 43330 47120 50815 54379 58001 61392 64739 67749 70662 73304 75741 77920 79932 81693 83176 84505 85623 86617 87492 88218 88821 89339 89778 90156 90454 90709 90936 91102 91257 91373 91479 91534 91605 91663 91723 91758 91790 91816 91833 91858 91872 91888 91905 91912 91923 91931 91935 91939 91942 91943 91944 91947 91948 91949 91950 91951 91952 91952 91952 91953 
0 0 0 0 0 0 0 0 0 0 0 0 0 0 1 1 1 2 2 3 4 6 9 10 12 15 17 18 25 29 32 40 41 44 48 57 74 90 105 120 141 172 195 224 256 301 343 402 473 558 641 739 870 1010 1181 1374 1596 1863 2163 2519 2910 3411 3960 4530 5231 6065 7016 8031 9256 10605 12010 13712 15565 17640 19844 22322 25100 28061 31219 34510 37862 41349 45023 48745 52463 56027 59484 62783 65900 68839 71615 74182 76497 78547 80370 81955 83371 84633 85739 86657 87414 88093 88681 89159 89589 89912 90162 90397 90595 90747 90876 90991 91088 91176 91244 91299 91347 91393 91424 91453 91478 91499 91509 91520 91529 91544 91553 91557 91561 91565 91571 91573 91577 91580 91581 91585 91587 91589 91589 91590 91590 91591 91592 
0 0 0 0 0 0 0 0 0 0 1 1 1 1 1 1 1 1 1 1 2 2 4 4 6 8 9 12 13 15 17 23 27 31 35 40 44 53 62 75 86 92 106 126 147 177 209 251 291 328 372 440 505 586 673 761 881 1046 1219 1421 1612 1858 2172 2512 2915 3392 3910 4543 5217 6004 6909 7923 9081 10389 11867 13524 15340 17471 19791 22262 25018 27871 31112 34308 37710 41195 44720 48428 52074 55722 59188 62574 65872 68831 71581 74189 76549 78530 80369 81979 83372 84568 85692 86587 87365 88036 88600 89067 89456 89799 90105 90321 90505 90697 90847 90955 91037 91105 91177 91226 91264 91296 91330 91355 91379 91392 91407 91416 91428 91437 91440 91445 91446 91448 91451 91452 91458 91458 91459 91460 91460 91462 91462 91463 91463 91463 91464 91464 91464 91464 91465 91465 91465 91465 91465 91465 91465 91466 91466 91466 91466 91466 91467 
0 0 0 0 0 0 0 0 0 0 0 0 0 0 1 1 1 3 3 4 4 4 5 6 6 7 7 8 9 9 9 10 11 11 13 14 17 23 27 32 40 46 52 58 68 79 94 106 124 145 169 194 229 265 305 349 402 470 542 622 703 824 961 1122 1304 1510 1744 2034 2345 2718 3145 3649 4211 4838 5550 6412 7350 8418 9615 11005 12522 14313 16266 18358 20763 23363 26186 29192 32383 35741 39240 42918 46469 50091 53654 57296 60712 64056 67136 70040 72686 75075 77227 79310 81022 82569 83892 85086 86086 86940 87650 88235 88783 89238 89612 89943 90193 90415 90614 90758 90878 90975 91065 91145 91210 91262 91318 91348 91386 91420 91434 91449 91462 91474 91485 91493 91501 91505 91507 91512 91514 91515 91515 91517 91518 91518 91519 91520 91521 91522 91522 91522 91522 91522 91522 91522 91522 91522 91522 91522 91522 91523 
0 0 0 0 0 0 1 1 1 1 1 1 1 1 1 3 6 6 6 7 9 11 14 16 16 19 25 30 35 42 55 65 74 87 98 117 136 159 192 228 261 313 367 419 495 581 669 786 924 1066 1253 1457 1709 1993 2306 2653 3089 3558 4151 4810 5512 6362 7299 8360 9560 10987 12536 14247 16113 18270 20571 23093 25864 28921 32080 35384 38800 42413 46126 49738 53393 56904 60314 63678 66684 69654 72424 74845 77114 79128 80975 82601 83960 85126 86160 86992 87758 88443 88986 89465 89833 90166 90428 90674 90839 90981 91096 91207 91303 91371 91443 91497 91538 91577 91605 91623 91646 91670 91683 91690 91699 91706 91714 91717 91721 91725 91726 91729 91731 91732 91733 91734 91736 91737 91738 
0 0 0 0 0 0 0 0 0 1 1 1 1 1 1 2 2 2 2 5 6 8 8 9 10 11 14 17 19 22 25 26 30 35 40 41 45 52 70 85 96 120 131 147 175 222 266 301 362 415 485 565 655 760 892 1048 1226 1438 1707 1985 2330 2705 3120 3635 4194 4818 5574 6411 7358 8422 9649 10983 12476 14208 16153 18321 20635 23207 26016 29070 32171 35537 39083 42637 46208 49713 53351 56833 60336 63695 66800 69757 72409 74855 77068 79006 80775 82334 83721 84896 85893 86760 87503 88176 88745 89159 89515 89877 90147 90393 90605 90768 90909 91026 91124 91207 91269 91335 91381 91423 91457 91484 91503 91525 91539 91555 91562 91572 91578 91587 91593 91599 91604 91607 91609 91610 91610 91612 91613 91619 91619 91624 91626 91627 91630 91630 91631 91631 91631 91632 91632 91634 91634 91635 91635 91635 91635 91635 91635 91636 
0 0 0 0 0 0 1 1 1 1 2 2 2 2 2 2 6 6 8 9 12 13 13 15 16 19 21 23 26 35 39 41 44 54 62 69 85 96 104 128 145 178 205 229 266 316 368 421 503 583 691 826 951 1104 1287 1487 1759 2044 2368 2758 3222 3715 4267 4945 5708 6618 7648 8769 10125 11615 13246 15036 17149 19388 21854 24459 27365 30360 33593 36965 40514 44115 47774 51475 55033 58490 61854 65135 68110 70924 73568 75993 78059 79962 81714 83208 84447 85559 86495 87318 88010 88583 89094 89506 89846 90150 90389 90578 90766 90903 91033 91134 91211 91283 91336 91394 91437 91472 91497 91518 91538 91554 91570 91583 91595 91604 91610 91614 91618 91619 91622 91624 91625 91627 91628 91629 91629 91630 91631 91632 91632 91632 91632 91632 91632 91632 91632 91633 
0 0 0 0 0 0 0 0 0 0 1 1 2 2 2 3 3 4 6 7 9 11 18 22 24 28 34 39 46 54 64 74 86 99 126 162 183 218 254 292 342 398 468 540 613 705 818 928 1071 1220 1407 1655 1905 2225 2558 2962 3406 3924 4565 5227 6029 6905 7981 9172 10481 11874 13582 15420 17420 19650 22200 24859 27730 30781 34053 37544 40991 44572 48324 51885 55437 58968 62297 65582 68565 71454 74040 76354 78474 80330 81919 83398 84606 85733 86665 87470 88123 88724 89208 89652 89989 90286 90522 90743 90909 91062 91179 91273 91364 91430 91484 91527 91574 91609 91636 91656 91675 91692 91702 91712 91717 91722 91728 91738 91741 91742 91744 91746 91749 91751 91751 91752 91752 91753 91754 91754 91754 91755 91755 91756 91756 91756 91756 91757 
0 0 0 0 0 0 1 1 1 2 2 2 3 3 3 3 3 4 4 5 5 5 6 7 7 7 8 9 10 11 12 14 17 19 21 22 22 27 27 31 37 48 53 61 68 73 85 94 107 117 136 165 187 216 257 303 358 409 467 563 669 778 920 1072 1286 1499 1720 1982 2360 2767 3187 3716 4287 4921 5677 6559 7566 8718 10094 11588 13216 15095 17155 19385 21899 24603 27564 30638 33924 37354 40908 44514 48169 51787 55345 58866 62257 65486 68558 71457 74008 76322 78477 80346 82005 83419 84674 85804 86757 87507 88154 88730 89199 89587 89948 90228 90468 90649 90819 90965 91087 91189 91262 91332 91390 91438 91476 91506 91536 91556 91580 91593 91609 91620 91627 91635 91639 91646 91650 91652 91656 91659 91661 91663 91664 91665 91665 91666 91668 91668 91668 91668 91668 91669 
0 0 0 0 0 0 0 1 1 1 1 3 3 3 4 4 5 6 6 6 7 7 8 10 11 13 13 16 20 23 28 35 39 42 47 57 65 73 86 109 127 143 171 205 236 273 310 365 426 499 567 660 788 913 1052 1219 1427 1693 1964 2283 2622 3051 3489 4082 4720 5488 6335 7313 8390 9566 10913 12441 14218 16161 18354 20771 23355 26079 29080 32191 35492 38912 42588 46256 49862 53487 57070 60614 63854 66914 69852 72564 74997 77278 79323 81105 82617 83960 85161 86168 87036 87769 88386 88894 89367 89725 90057 90330 90551 90734 90884 91018 91138 91209 91290 91347 91398 91448 91479 91508 91529 91553 91572 91593 91610 91623 91631 91636 91643 91651 91654 91656 91656 91657 91660 91660 91661 91662 91663 
0 0 0 0 0 0 0 0 1 
0 0 0 0 0 0 0 1 1 1 1 1 2 2 4 5 5 6 7 12 17 18 20 26 29 38 46 58 76 85 101 124 141 168 199 223 265 312 369 432 499 575 689 808 953 1135 1338 1575 1844 2137 2471 2891 3355 3896 4499 5166 5971 6880 7935 9114 10435 11969 13657 15526 17595 19887 22443 25189 28109 31260 34548 37994 41514 45160 48779 52390 56035 59460 62874 66068 69024 71774 74309 76564 78647 80524 82217 83588 84768 85854 86779 87566 88240 88825 89306 89721 90053 90351 90593 90807 90992 91111 91234 91331 91425 91498 91552 91598 91634 91659 91683 91706 91720 91731 91741 91755 91764 91770 91778 91781 91789 91793 91799 91801 91803 91804 91806 91807 91809 91810 91810 91812 91812 91812 91813 91813 91814 91814 91814 91814 91814 91814 91815 
0 0 0 0 0 0 0 1 
0 0 0 0 0 0 0 0 0 1 
0 0 0 0 0 0 0 0 0 1 2 2 2 2 2 3 3 4 5 6 6 7 7 8 8 8 9 9 9 11 14 15 19 23 23 24 27 28 34 39 44 49 62 68 80 92 101 113 131 151 172 205 237 264 316 361 421 497 569 656 778 911 1058 1234 1449 1676 1971 2280 2664 3086 3562 4102 4705 5458 6311 7277 8296 9502 10845 12408 14119 15985 18094 20440 22906 25708 28552 31648 34948 38464 41994 45664 49368 53043 56657 60132 63504 66698 69701 72457 74919 77128 79202 81001 82563 83924 85094 86134 86963 87712 88385 88925 89368 89742 90078 90357 90560 90775 90950 91104 91211 91299 91376 91452 91508 91543 91584 91616 91641 91663 91677 91699 91714 91725 91732 91733 91742 91749 91752 91753 91754 91758 91760 91761 91762 91762 91762 91765 91766 91766 91766 91766 91766 91767 91767 91767 91768 
0 0 0 0 0 0 0 0 0 0 1 1 1 1 1 3 4 4 4 6 7 7 7 8 8 9 11 14 18 25 30 36 38 43 53 63 73 89 103 122 145 176 204 229 269 329 397 460 523 609 709 826 960 1123 1302 1487 1739 2015 2343 2696 3165 3668 4192 4839 5644 6451 7424 8506 9730 11155 12650 14385 16335 18410 20690 23298 26074 28970 32162 35455 38942 42511 46175 49789 53523 57083 60457 63695 66872 69809 72634 75064 77335 79321 81002 82613 83997 85065 86094 86983 87747 88376 88910 89350 89722 90023 90294 90537 90744 90913 91051 91156 91243 91315 91382 91446 91500 91541 91578 91600 91627 91643 91658 91674 91680 91690 91699 91708 91711 91712 91716 91719 91720 91724 91727 91727 91727 91728 91728 91728 91728 91729 91730 91730 91730 91730 91731 
0 0 0 1 1 1 1 1 1 2 3 3 3 4 4 6 6 7 9 9 10 10 11 15 16 19 21 26 30 36 42 48 50 55 60 67 81 97 119 137 167 189 220 257 307 357 416 486 559 654 753 888 1061 1248 1424 1652 1945 2259 2578 3005 3506 4064 4726 5473 6319 7293 8363 9595 11052 12634 14311 16194 18342 20634 23236 25999 28941 32136 35459 38973 42467 45978 49501 53101 56671 60193 63535 66609 69616 72291 74791 76986 79041 80732 82310 83639 84833 85884 86727 87462 88155 88719 89178 89577 89914 90175 90413 90624 90794 90928 91058 91154 91235 91325 91393 91436 91482 91511 91538 91562 91578 91595 91609 91630 91637 91649 91657 91659 91661 91664 91669 91671 91674 91676 91676 91676 91676 91676 91681 91681 91682 91683 91683 91683 91684 91684 91684 91686 
