99999 99999 99999 99999 99999 99998 99998 99998 99998 99998 99998 99998 99998 99998 99998 99996 99995 99993 99992 99990 99990 99990 99987 99983 99975 99969 99967 99965 99958 99955 99944 99932 99927 99911 99898 99880 99869 99850 99820 99794 99758 99717 99661 99607 99536 99454 99370 99258 99140 98990 98829 98650 98433 98220 97942 97597 97209 96769 96279 95736 95059 94315 93467 92484 91307 90011 88486 86771 84911 82818 80520 77981 75058 71936 68673 65230 61560 57948 53971 50074 46263 42509 38793 35309 31994 28887 26124 23693 21501 19537 17816 16287 15033 13995 13066 12278 11598 11048 10593 10204 9891 9621 9371 9166 9016 8872 8747 8660 8577 8512 8461 8417 8379 8365 8338 8310 8290 8266 8254 8249 8245 8235 8233 8227 8220 8214 8210 8208 8205 8202 8201 8201 8197 8196 8193 8193 8192 8191 8190 8190 8189 8188 8187 8186 8186 8186 8185 8185 8185 8185 8185 8185 8185 8185 8185 8185 8185 8185 8185 8185 8185 8185 8185 8185 8185 8185 
99999 99999 99999 99999 99999 99999 99999 99999 99998 99995 99995 99995 99995 99994 99991 99985 99980 99979 99977 99973 99963 99957 99945 99941 99930 99911 99898 99879 99861 99836 99796 99767 99727 99675 99627 99579 99506 99441 99354 99269 99140 98985 98807 98654 98444 98207 97915 97557 97169 96701 96155 95555 94881 94052 93179 92142 90891 89500 87909 86156 84259 82099 79692 76995 74104 70939 67557 64079 60377 56631 52662 48707 44763 40912 37425 34070 30908 28008 25303 22884 20815 18979 17361 15938 14702 13654 12774 12046 11389 10878 10451 10086 9805 9546 9323 9126 8982 8850 8745 8671 8597 8533 8487 8447 8421 8389 8357 8338 8319 8305 8288 8277 8268 8257 8254 8250 8246 8244 8240 8238 8237 8235 8232 8231 8231 8229 8229 8229 8229 8229 8228 8228 8228 8228 8227 8227 8227 8227 8227 8227 8227 8227 8227 8227 8227 8227 
99999 99999 99999 99999 
99999 99999 99999 99999 99999 99998 99998 99998 99997 99996 99995 99994 99994 99993 99992 99992 99990 99989 99989 99988 99987 99985 99983 99977 99976 99974 99972 99965 99960 99947 99939 99931 99923 99904 99883 99862 99835 99796 99762 99714 99670 99621 99551 99468 99382 99280 99164 99029 98854 98661 98445 98199 97903 97537 97148 96690 96137 95490 94791 93964 93070 92040 90904 89585 88106 86379 84419 82257 79972 77381 74531 71395 68018 64584 60955 57078 53049 49197 45329 41601 37988 34457 31186 28304 25618 23068 20984 19136 17460 16050 14828 13819 12932 12179 11518 10946 10463 10102 9769 9512 9314 9128 8976 8849 8737 8649 8573 8506 8458 8413 8362 8333 8311 8297 8276 8263 8254 8246 8240 8237 8233 8226 8221 8219 8215 8213 8210 8209 8209 8207 8205 8205 8205 8204 8204 8204 8204 8203 8203 8203 8203 8203 8203 8203 8203 8203 8203 8203 8203 8203 8203 
99999 99999 99999 99996 99996 99995 99992 99992 99989 99987 99985 99982 99981 99979 99976 99972 99970 99964 99961 99956 99951 99947 99927 99913 99896 99888 99869 99842 99821 99782 99745 99701 99655 99607 99545 99488 99409 99324 99220 99100 98937 98781 98608 98393 98139 97845 97476 97103 96638 96102 95491 94763 93948 93041 92024 90830 89428 87888 86160 84217 82105 79731 77115 74183 71099 67719 64226 60408 56586 52617 48772 44950 41151 37413 33990 30849 27876 25195 22792 20714 18873 17293 15848 14653 13676 12826 12065 11449 10930 10479 10130 9831 9590 9405 9238 9091 8955 8855 8750 8685 8624 8587 8548 8522 8490 8477 8456 8443 8428 8409 8401 8391 8383 8375 8371 8369 8364 8360 8357 8354 8351 8351 8348 8347 8347 8346 8346 8344 8344 8343 8343 8343 8342 8342 8342 8342 8342 8342 8342 8342 8342 
99999 99999 99999 99999 99997 99997 99997 99997 99996 99996 99993 99992 99992 99991 99988 99984 99981 99978 99971 99967 99961 99952 99940 99929 99915 99898 99876 99849 99821 99788 99757 99719 99658 99604 99537 99459 99356 99245 99115 98983 98813 98618 98384 98129 97810 97454 97053 96578 96042 95411 94689 93919 92981 91887 90673 89253 87677 85891 83899 81680 79312 76611 73759 70544 67261 63695 60065 56383 52514 48527 44656 40883 37336 33891 30742 27818 25244 22891 20748 18862 17223 15839 14645 13560 12642 11894 11269 10751 10340 9982 9675 9437 9232 9057 8912 8804 8699 8609 8544 8487 8446 8400 8363 8327 8309 8282 8273 8261 8249 8238 8230 8222 8217 8215 8209 8206 8203 8201 8201 8200 8199 8199 8198 8196 8196 8196 8196 8195 8195 8195 8195 8195 8195 8195 8195 8195 8195 8195 8195 
99999 99999 99999 99999 99999 99999 99999 99999 99999 99999 
99999 99999 99999 99999 99999 99999 99999 99999 99998 99998 99998 99998 99998 99998 99998 99998 
99999 99999 99999 99999 99998 99998 99997 99997 99997 99994 99992 99988 99988 99986 99982 99980 99978 99977 99968 99960 99952 99948 99932 99924 99902 99883 99866 99839 99805 99771 99731 99680 99639 99587 99514 99424 99331 99219 99101 98963 98776 98568 98342 98059 97771 97433 97023 96556 96015 95375 94664 93853 92978 91906 90681 89314 87645 85857 83918 81716 79314 76661 73710 70559 67170 63574 59802 55962 52076 48160 44303 40605 36942 33502 30376 27521 24824 22442 20335 18519 16802 15487 14372 13402 12547 11849 11267 10780 10360 9982 9676 9421 9203 9027 8889 8773 8679 8607 8536 8480 8435 8396 8364 8331 8309 8290 8272 8255 8240 8233 8229 8227 8225 8222 8219 8214 8209 8206 8206 8206 8206 8204 8202 8201 8201 8199 8199 8199 8199 8199 8199 8199 8199 8199 8199 8199 8199 8199 
99999 99999 99999 99998 99998 99997 99996 99995 99994 99994 99994 99993 99992 99990 99989 99986 99984 99981 99978 99976 99974 99969 99960 99954 99949 99945 99934 99923 99905 99892 99869 99842 99812 99790 99756 99716 99656 99597 99541 99462 99353 99238 99118 98955 98794 98594 98364 98077 97752 97369 96920 96468 95955 95304 94509 93659 92569 91403 90083 88648 86925 85085 83078 80705 78163 75382 72401 69238 65758 62185 58475 54583 50712 46769 43064 39446 35915 32658 29681 26851 24324 22038 20045 18329 16807 15527 14426 13437 12645 11946 11358 10837 10468 10132 9845 9602 9403 9249 9106 8982 8890 8801 8734 8686 8638 8603 8572 8541 8516 8490 8470 8460 8448 8439 8427 8423 8416 8410 8407 8402 8396 8395 8395 8395 8395 8395 8395 8395 8395 8395 8394 8394 8394 8394 8394 8394 8394 8393 8393 8393 8393 8393 8393 8393 8393 8393 8393 8393 
99999 99999 99998 99997 99996 99996 99996 99996 99995 99995 99994 99994 99993 99991 99991 99991 99990 99990 99990 99989 99987 99987 99986 99986 99983 99983 99980 99976 99975 99973 99965 99960 99953 99945 99943 99935 99917 99905 99890 99869 99847 99820 99799 99771 99733 99691 99645 99582 99523 99448 99348 99223 99099 98960 98764 98560 98328 98052 97731 97371 96902 96394 95843 95160 94430 93620 92603 91500 90234 88782 87096 85287 83203 80999 78481 75720 72760 69597 66249 62652 58882 55073 50885 47055 43312 39668 36062 32759 29592 26787 24240 21990 19968 18251 16709 15399 14269 13353 12574 11883 11255 10769 10375 10048 9740 9493 9293 9145 9001 8873 8789 8714 8650 8610 8561 8514 8482 8454 8433 8414 8404 8393 8384 8378 8369 8359 8355 8353 8347 8343 8342 8340 8338 8338 8337 8336 8335 8335 8335 8335 8335 8335 8335 8334 8334 8334 8334 8334 8334 8334 8334 8334 8334 8334 8334 
99999 99999 99999 99999 99999 99998 99997 99995 99994 99994 99994 99994 99994 99994 99993 99993 99992 99990 99989 99987 99986 99981 99981 99980 99975 99971 99965 99957 99950 99946 99934 99925 99912 99895 99882 99866 99846 99822 99804 99774 99735 99685 99622 99566 99488 99403 99303 99190 99060 98914 98754 98549 98310 98055 97693 97310 96866 96380 95821 95145 94402 93550 92554 91416 90080 88626 87005 85144 83128 80917 78459 75687 72699 69368 65935 62366 58546 54846 51088 47240 43368 39622 36082 32772 29726 26877 24421 22231 20207 18427 16898 15595 14440 13469 12668 11966 11364 10903 10441 10109 9841 9623 9424 9252 9126 9010 8918 8840 8766 8706 8649 8621 8594 8567 8549 8533 8521 8506 8498 8488 8477 8475 8472 8466 8465 8463 8460 8459 8456 8456 8455 8453 8452 8451 8451 8451 8450 8450 8450 8450 8450 8450 8450 8450 8450 8450 8450 8450 8450 
99999 99999 99999 99999 99999 99998 99998 99998 99998 99998 99997 99994 99994 99994 99993 99993 99990 99989 99988 99987 99985 99984 99983 99983 99979 99976 99976 99971 99967 99965 99963 99959 99950 99947 99938 99934 99929 99916 99895 99884 99864 99838 99805 99774 99732 99694 99647 99581 99518 99456 99369 99288 99161 99018 98868 98689 98487 98253 97993 97658 97280 96814 96283 95695 95019 94204 93311 92238 91012 89537 87950 86242 84274 82017 79613 76919 73854 70718 67391 63813 60114 56307 52423 48478 44512 40693 37145 33827 30614 27664 25014 22648 20604 18728 17096 15631 14382 13414 12624 11921 11262 10796 10395 10018 9721 9471 9279 9109 8970 8846 8748 8674 8601 8547 8500 8457 8426 8390 8365 8347 8332 8324 8314 8302 8293 8288 8282 8276 8273 8271 8268 8267 8265 8265 8264 8263 8262 8262 8262 8262 8261 8261 8261 8261 8261 8260 8260 8260 8260 8260 8260 
99999 99999 99999 99999 99999 99999 99999 99999 99999 99999 99999 99999 99999 99998 99998 99998 99998 99998 99998 99998 99997 99997 99997 99997 99996 99995 99992 99990 99989 99989 99987 99984 99981 99979 99974 99972 99970 99967 99957 99952 99944 99935 99918 99905 99890 99875 99852 99825 99791 99754 99717 99656 99595 99533 99453 99361 99245 99135 99010 98841 98665 98444 98213 97939 97603 97228 96794 96273 95726 95061 94278 93394 92373 91242 89982 88519 86862 84948 82863 80565 78021 75190 72169 68936 65565 61859 57958 54016 49936 46115 42283 38610 35143 31796 28852 26037 23574 21339 19393 17724 16149 14893 13801 12941 12185 11512 10965 10463 10074 9745 9477 9267 9103 8954 8849 8744 8654 8572 8511 8469 8423 8391 8362 8339 8315 8299 8289 8273 8266 8263 8257 8252 8248 8240 8237 8234 8232 8232 8232 8230 8228 8226 8225 8225 8224 8224 8224 8223 8223 8222 8222 8222 8222 8222 8222 8222 8222 8222 8222 
99999 99999 99999 99999 99997 99996 99996 99996 99996 99995 99994 99992 99990 99988 99985 99982 99980 99979 99978 99971 99967 99963 99953 99944 99941 99933 99923 99910 99896 99881 99859 99839 99818 99791 99768 99729 99680 99617 99550 99485 99395 99300 99192 99064 98929 98764 98553 98331 98059 97745 97415 96983 96492 95907 95256 94480 93603 92651 91503 90211 88754 87151 85336 83299 80947 78386 75685 72628 69399 66047 62430 58648 54738 50849 46967 43056 39382 35906 32532 29418 26691 24069 21902 19924 18151 16704 15440 14357 13435 12603 11952 11352 10788 10372 10072 9775 9542 9310 9150 9017 8901 8804 8715 8635 8563 8516 8485 8439 8408 8379 8353 8340 8320 8308 8303 8293 8286 8282 8277 8275 8273 8269 8268 8264 8262 8258 8256 8255 8255 8255 8255 8255 8255 8255 8255 8255 8255 8255 8255 8255 
99999 99999 99999 99999 99999 99998 99998 99997 99997 99996 99996 99991 99991 99990 99990 99989 99985 99981 99974 99967 99962 99956 99946 99938 99932 99919 99902 99882 99868 99850 99828 99792 99748 99704 99653 99591 99523 99450 99362 99261 99137 99005 98816 98636 98404 98133 97836 97524 97128 96643 96113 95484 94790 93977 92999 91949 90719 89259 87650 85917 83959 81750 79347 76643 73694 70595 67267 63664 59977 56194 52250 48316 44479 40642 37113 33672 30471 27638 24999 22508 20481 18668 17046 15705 14495 13506 12667 11971 11370 10836 10444 10053 9738 9512 9294 9118 8986 8884 8781 8694 8624 8564 8516 8478 8445 8422 8396 8366 8343 8324 8318 8313 8307 8301 8295 8293 8292 8288 8288 8285 8284 8281 8280 8279 8277 8277 8276 8275 8275 8275 8275 8275 8275 8275 8275 8275 8275 8275 8275 
99999 99999 99998 99998 99997 99997 99995 99993 99993 99992 99989 99986 99982 99980 99978 99977 99976 99967 99962 99956 99948 99940 99929 99916 99901 99883 99867 99838 99808 99776 99740 99684 99639 99590 99525 99443 99355 99236 99113 98987 98844 98686 98436 98183 97904 97576 97194 96746 96219 95631 94932 94140 93260 92210 90991 89652 88082 86372 84327 82054 79605 77037 74087 70917 67550 63924 60154 56346 52415 48482 44561 40789 37096 33734 30621 27688 25013 22655 20526 18655 17043 15645 14462 13441 12564 11844 11255 10745 10325 9965 9658 9406 9186 9017 8858 8738 8638 8554 8486 8436 8384 8344 8315 8283 8262 8249 8240 8224 8218 8208 8200 8197 8193 8192 8190 8190 8185 8181 8180 8180 8179 8178 8176 8176 8175 8175 8175 8174 8174 8174 8173 8173 8173 8173 8173 8172 8172 8172 8172 8172 8172 8172 8172 8172 8172 8172 8172 
99999 99999 99999 99999 99999 99999 99999 99999 99999 99999 99999 99998 99998 99998 99998 99998 99998 99998 99998 99997 99997 99997 99997 99997 99996 99994 99993 99992 99991 99990 99990 99989 99986 99984 99982 99978 99975 99969 99964 99954 99944 99934 99925 99919 99904 99888 99871 99850 99827 99804 99762 99726 99697 99650 99602 99529 99450 99357 99240 99115 98985 98817 98636 98421 98180 97895 97547 97173 96687 96144 95490 94798 93998 93068 92006 90763 89424 87877 86120 84132 81867 79458 76777 73894 70805 67517 63957 60278 56458 52609 48786 44869 41098 37465 34000 30784 27828 25106 22719 20628 18731 17139 15739 14475 13436 12581 11830 11215 10722 10303 9937 9630 9360 9161 8994 8838 8728 8620 8541 8469 8392 8348 8317 8285 8265 8240 8219 8207 8191 8182 8177 8170 8162 8160 8154 8151 8150 8145 8141 8139 8138 8138 8137 8135 8135 8135 8135 8135 8134 8134 8134 8134 8134 8134 8134 8134 8134 8134 8134 8134 8134 
99999 99999 99999 99997 99996 99996 99995 99993 99992 99992 99991 99989 99988 99988 99985 99984 99980 99978 99975 99974 99972 99965 99954 99949 99940 99933 99915 99900 99885 99865 99847 99819 99788 99760 99724 99693 99637 99585 99506 99420 99339 99215 99076 98931 98768 98549 98291 98004 97687 97269 96784 96257 95664 94947 94201 93337 92297 91005 89642 88093 86397 84429 82193 79673 77068 74271 71187 67771 64340 60659 56840 52903 49035 45211 41366 37760 34239 30999 28011 25393 22977 20778 18956 17286 15912 14696 13648 12820 12087 11469 10991 10533 10154 9828 9580 9366 9201 9051 8932 8807 8721 8655 8591 8546 8512 8463 8435 8415 8403 8386 8380 8366 8360 8350 8344 8342 8337 8331 8328 8324 8322 8321 8320 8317 8316 8315 8314 8314 8314 8314 8314 8313 8313 8312 8312 8312 8312 8312 8312 8311 8311 8311 8311 8311 8311 8311 8311 8311 8311 
99999 99999 99999 99999 99999 
99999 99999 99999 99998 99998 99997 99996 99996 99996 99995 99995 99993 99992 99991 99990 99989 99987 99981 99979 99976 99972 99966 99960 99955 99946 99939 99929 99905 99887 99869 99852 99826 99807 99772 99730 99685 99639 99564 99488 99400 99311 99200 99082 98914 98740 98537 98283 98036 97722 97376 96947 96431 95868 95224 94500 93605 92639 91549 90265 88848 87214 85360 83310 81062 78596 75865 72928 69778 66250 62657 58899 55059 51135 47246 43405 39620 35987 32663 29495 26673 24071 21851 19817 18042 16466 15154 14002 12971 12155 11524 11005 10513 10123 9792 9517 9297 9102 8953 8826 8714 8638 8564 8506 8464 8425 8389 8362 8343 8325 8310 8296 8289 8276 8269 8263 8260 8258 8251 8247 8242 8239 8237 8237 8235 8232 8232 8231 8229 8229 8229 8229 8229 8229 8229 8228 8227 8227 8227 8227 8227 8227 8227 8226 8226 8226 8226 8226 8226 8226 8226 8226 8225 8225 8225 8225 8225 8225 8225 8225 8225 
99999 99999 99999 99999 99999 99999 99999 99998 99998 99996 99995 99993 99991 99991 99990 99989 99984 99981 99978 99973 99973 99970 99964 99956 99947 99938 99928 99917 99902 99881 99861 99837 99804 99784 99748 99689 99643 99580 99520 99439 99350 99237 99104 98963 98793 98608 98371 98091 97763 97416 96998 96519 95940 95295 94508 93662 92702 91641 90345 88941 87293 85457 83399 81063 78618 75906 72897 69715 66330 62746 59003 55118 51225 47356 43576 39852 36365 32999 29886 26990 24477 22244 20106 18318 16763 15451 14329 13393 12594 11913 11368 10866 10441 10073 9803 9556 9359 9201 9059 8974 8890 8798 8730 8662 8629 8597 8568 8533 8502 8484 8466 8454 8441 8436 8429 8421 8419 8417 8414 8411 8408 8406 8401 8401 8401 8401 8401 8398 8396 8395 8395 8394 8393 8393 8393 8392 8391 8391 8390 8390 8390 8390 8390 8390 8390 8389 8389 8389 8389 8389 8389 8389 8389 8389 8389 8389 8389 8389 8388 8388 8388 8388 8388 8388 8388 
99999 99999 99999 99999 99999 99999 99998 99997 99997 99997 99997 99997 99997 99997 99997 99996 99995 99994 99991 99987 99986 99982 99981 99979 99978 99973 99968 99964 99957 99947 99935 99924 99914 99905 99883 99864 99841 99821 99793 99752 99720 99684 99636 99571 99497 99410 99343 99249 99131 99011 98847 98681 98478 98242 97970 97654 97246 96825 96300 95693 94972 94195 93242 92185 90938 89580 88059 86257 84206 82054 79578 76889 73953 70909 67495 63888 60144 56395 52491 48550 44633 40770 37143 33604 30543 27698 25016 22693 20510 18632 17052 15649 14425 13499 12625 11863 11195 10653 10244 9875 9593 9335 9119 8952 8831 8710 8607 8532 8465 8404 8348 8303 8272 8246 8228 8207 8190 8174 8166 8161 8150 8146 8143 8140 8139 8133 8131 8131 8130 8126 8126 8123 8123 8122 8121 8121 8121 8121 8121 8120 8120 8120 8120 8120 8120 8119 8119 8119 8119 8119 8119 8119 8119 
99999 99999 99999 99999 99999 99999 99999 99999 99999 99998 99997 99997 99997 99997 99996 99995 99994 99994 99992 99989 99989 99987 99985 99979 99975 99971 99967 99956 99952 99946 99936 99927 99922 99904 99880 99861 99842 99819 99789 99753 99709 99650 99591 99538 99466 99386 99286 99172 99034 98894 98700 98508 98289 98015 97694 97338 96890 96394 95843 95198 94447 93597 92571 91412 90137 88700 87095 85270 83296 80983 78473 75712 72748 69511 65987 62373 58673 54726 50793 46981 43139 39320 35764 32439 29385 26618 24083 21797 19772 18059 16554 15229 14079 13096 12246 11523 10990 10529 10107 9780 9510 9276 9094 8936 8798 8677 8586 8507 8452 8400 8357 8329 8293 8265 8244 8228 8215 8204 8188 8177 8169 8160 8157 8151 8145 8141 8140 8137 8135 8135 8133 8133 8130 8130 8129 8129 8128 8127 8127 8127 8127 8126 8125 8125 8125 8125 8125 8125 8125 8125 8125 
99999 99999 99999 99999 99999 99999 99999 99999 
99999 99999 99999 99999 99999 99999 99999 99999 99999 99999 
99999 99999 99999 99998 99997 99997 99997 99995 99995 99995 99995 99995 99994 99993 99993 99991 99990 99988 99986 99983 99981 99977 99972 99968 99964 99962 99959 99949 99940 99928 99912 99900 99883 99862 99833 99809 99776 99738 99691 99640 99549 99467 99389 99302 99186 99051 98903 98700 98513 98286 97987 97676 97297 96868 96362 95799 95128 94316 93414 92375 91197 89862 88325 86652 84785 82768 80432 77744 74892 71761 68433 65002 61382 57580 53625 49588 45795 42035 38310 34890 31723 28746 26040 23533 21373 19473 17766 16229 14993 13954 13015 12267 11643 11057 10596 10191 9883 9611 9367 9197 9041 8906 8798 8699 8625 8548 8489 8453 8420 8397 8378 8358 8335 8328 8315 8309 8300 8297 8292 8288 8280 8275 8275 8273 8271 8271 8270 8270 8270 8268 8265 8264 8263 8262 8261 8261 8261 8261 8261 8261 8261 8261 8261 8261 8261 8261 8261 8261 
99999 99999 99999 99999 99999 99999 99999 99998 99997 99997 99997 99997 99997 99995 99995 99995 99994 99991 99989 99987 99986 99982 99978 99971 99967 99962 99957 99942 99930 99921 99904 99882 99862 99838 99816 99792 99764 99729 99680 99618 99559 99499 99424 99326 99221 99108 98965 98793 98601 98402 98117 97829 97482 97084 96653 96151 95576 94892 94104 93223 92159 90957 89572 88058 86365 84432 82271 79884 77278 74467 71285 68007 64585 60870 57161 53301 49401 45553 41792 38189 34794 31532 28545 25878 23453 21280 19374 17699 16257 15066 13947 12999 12200 11508 10961 10494 10103 9768 9501 9281 9077 8924 8790 8681 8586 8523 8465 8410 8360 8323 8292 8271 8254 8239 8224 8215 8213 8199 8195 8188 8180 8178 8177 8176 8175 8172 8172 8172 8170 8169 8169 8169 8169 8169 8169 8169 8169 8169 8169 8169 8169 8169 
99999 99999 99999 99999 99999 99999 99999 99999 99999 99998 99996 99994 99991 99990 99989 99986 99985 99983 99983 99970 99967 99960 99958 99950 99935 99930 99919 99903 99885 99862 99840 99818 99785 99748 99701 99642 99596 99515 99427 99338 99248 99119 98962 98797 98596 98358 98099 97792 97388 96953 96471 95874 95208 94421 93556 92599 91484 90203 88738 87128 85294 83256 80849 78337 75590 72547 69335 65920 62380 58655 54796 50807 46958 43206 39599 36133 32771 29640 26807 24320 22104 20133 18345 16829 15438 14316 13387 12573 11952 11321 10803 10370 10018 9722 9483 9292 9114 8990 8879 8792 8713 8655 8598 8551 8509 8474 8450 8426 8406 8400 8387 8380 8373 8368 8363 8357 8354 8350 8348 8347 8345 8343 8342 8342 8341 8340 8340 8339 8338 8337 8337 8337 8337 8335 8335 8335 8335 8335 8335 8335 8334 8334 8334 8334 8334 8334 8334 8334 8334 8334 
99999 99999 99999 99998 99998 99998 99997 99996 99996 99996 99995 99992 99991 99990 99990 99987 99977 99973 99971 99967 99960 99955 99948 99933 99920 99898 99885 99865 99840 99814 99773 99722 99676 99620 99561 99494 99412 99311 99193 99051 98896 98721 98491 98218 97911 97608 97230 96749 96215 95562 94827 94006 93058 91961 90786 89409 87825 86039 84070 81831 79352 76693 73806 70547 67144 63574 59859 56108 52183 48261 44399 40735 37231 33758 30543 27635 25015 22700 20596 18797 17202 15859 14583 13585 12726 12028 11418 10884 10438 10070 9791 9547 9355 9197 9035 8917 8812 8740 8662 8614 8565 8524 8490 8465 8438 8415 8395 8381 8367 8360 8354 8350 8346 8343 8338 8332 8329 8326 8324 8324 8323 8322 8321 8320 8320 8319 8319 8319 8319 8319 8319 8319 8319 8319 8319 8319 
99999 99999 99999 99999 99999 99999 99999 99999 99999 99999 99999 99998 99998 99998 99998 99998 99998 99998 99998 99997 99995 99994 99994 99994 99992 99991 99986 99983 99981 99976 99973 99968 99962 99960 99950 99946 99938 99930 99917 99901 99882 99874 99850 99830 99808 99765 99731 99689 99647 99583 99523 99460 99362 99267 99153 99017 98873 98670 98470 98193 97950 97629 97211 96732 96194 95577 94907 94121 93188 92173 91026 89605 88108 86323 84480 82349 79935 77297 74588 71542 68372 64964 61327 57493 53554 49730 45846 42044 38310 34745 31438 28516 25819 23310 21160 19332 17687 16211 14933 13859 12974 12168 11519 10991 10526 10154 9820 9566 9304 9103 8945 8834 8732 8644 8562 8505 8453 8417 8380 8353 8331 8314 8298 8283 8274 8268 8259 8252 8249 8246 8241 8239 8238 8234 8233 8232 8232 8229 8229 8229 8228 8228 8228 8228 8228 8228 8228 8228 8228 8228 
99999 99999 99999 99999 99999 99999 99999 99999 99999 99997 99996 99994 99994 99992 99989 99986 99984 99983 99978 99973 99970 99963 99956 99949 99937 99923 99908 99888 99860 99834 99808 99782 99737 99686 99639 99569 99506 99427 99339 99218 99097 98954 98770 98554 98321 98044 97729 97344 96950 96480 95924 95273 94522 93613 92689 91547 90262 88876 87296 85479 83501 81265 78864 76128 73212 69951 66460 62895 59301 55512 51695 47841 43988 40273 36604 33273 30212 27370 24812 22429 20380 18658 17006 15696 14587 13624 12776 12054 11479 10970 10575 10215 9935 9675 9460 9312 9180 9052 8974 8893 8832 8782 8731 8692 8655 8636 8621 8594 8580 8567 8557 8546 8539 8531 8528 8525 8524 8523 8521 8520 8520 8519 8519 8518 8517 8517 8517 8516 8516 8516 8516 8516 8516 8516 8516 
99999 99999 99999 99998 99998 99998 99996 99996 99994 99994 99993 99991 99990 99990 99989 99986 99982 99976 99970 99966 99964 99961 99954 99949 99939 99930 99913 99895 99878 99860 99838 99811 99770 99742 99705 99656 99600 99544 99470 99376 99272 99155 99003 98823 98640 98407 98118 97815 97461 97083 96601 96059 95388 94678 93880 92949 91883 90609 89248 87659 85809 83868 81707 79191 76570 73661 70454 67035 63439 59815 55922 52028 48143 44323 40488 36851 33426 30321 27528 24777 22415 20365 18582 16984 15670 14498 13522 12645 11907 11327 10799 10411 10040 9785 9538 9328 9148 8998 8876 8771 8667 8587 8530 8488 8459 8417 8391 8370 8347 8330 8317 8304 8289 8280 8275 8267 8264 8261 8258 8256 8255 8253 8252 8250 8248 8246 8245 8245 8244 8244 8243 8242 8242 8242 8242 8242 8241 8241 8241 8241 8241 8241 8241 8241 8241 8241 8241 8241 
99999 99999 99999 99999 99999 99999 99998 99998 99998 99998 99998 99998 99998 99998 99998 99998 99998 99998 99998 99998 99997 99997 99997 99997 99997 99997 
99999 99998 99998 99996 99996 99994 99993 99989 99988 99982 99980 99978 99976 99972 99962 99955 99944 99933 99917 99898 99882 99859 99834 99810 99772 99739 99698 99653 99586 99533 99465 99362 99268 99152 98998 98844 98669 98445 98196 97908 97561 97166 96712 96186 95559 94791 93964 93011 91971 90747 89413 87861 86003 84112 81909 79475 76858 73987 70934 67611 64062 60252 56509 52540 48641 44860 41181 37500 33986 30783 27946 25296 22900 20769 18945 17318 15966 14757 13743 12828 12056 11428 10904 10458 10078 9776 9533 9303 9108 8934 8806 8728 8634 8558 8499 8443 8414 8382 8365 8335 8315 8306 8295 8283 8276 8271 8267 8263 8262 8261 8257 8252 8249 8249 8249 8249 8246 8246 8245 8244 8244 8244 8244 8244 8244 8244 8244 8244 8244 8244 8244 8243 8243 8243 8243 8243 8242 8242 8242 8242 8242 8242 8242 
99999 99999 99999 99999 99999 
99999 99999 99999 99999 99999 99998 99998 99998 99998 99998 99998 99997 99996 99996 99996 99995 99994 99994 99993 99993 99993 99991 99990 99990 99989 99989 99986 99981 99980 99979 99978 99974 99970 99966 99958 99954 99946 99937 99923 99905 99891 99875 99860 99825 99792 99754 99709 99665 99604 99542 99462 99378 99244 99122 98982 98820 98636 98395 98148 97857 97559 97169 96718 96158 95542 94890 94106 93217 92186 90928 89540 87997 86270 84349 82227 79882 77291 74426 71359 68136 64618 60902 57172 53320 49498 45606 41771 38009 34458 31172 28168 25512 23049 20923 19041 17439 15992 14726 13720 12902 12182 11540 11003 10575 10194 9850 9618 9384 9207 9062 8919 8803 8717 8636 8578 8535 8494 8468 8435 8415 8397 8379 8360 8351 8343 8341 8333 8327 8322 8312 8311 8310 8307 8306 8304 8303 8303 8300 8299 8299 8299 8299 8299 8299 8299 8298 8298 8298 8298 
99999 99999 99999 99999 99999 99999 99997 99997 99997 99996 99994 99993 99993 99993 99991 99990 99987 99983 99980 99976 99971 99961 99952 99948 99936 99923 99913 99898 99885 99865 99848 99818 99785 99750 99711 99662 99618 99557 99477 99372 99275 99153 99024 98876 98699 98502 98262 97978 97636 97274 96825 96324 95761 95079 94258 93351 92309 91148 89837 88324 86597 84568 82485 80047 77386 74531 71416 68137 64606 61008 57264 53411 49516 45603 41780 38120 34684 31397 28493 25807 23367 21195 19259 17552 16132 14935 13902 12972 12214 11619 11098 10697 10295 9996 9706 9462 9268 9102 8977 8860 8767 8684 8626 8560 8517 8472 8447 8417 8397 8375 8363 8347 8337 8326 8318 8311 8306 8301 8291 8287 8280 8277 8273 8271 8270 8269 8269 8269 8268 8266 8265 8263 8263 8263 8263 8263 8263 8263 8263 8263 8263 8263 8263 8263 
99999 99999 99999 99999 99998 99998 99998 99998 99997 99996 99995 99995 99992 99991 99989 99988 99986 99984 99980 99969 99959 99954 99949 99931 99923 99912 99901 99873 99853 99831 99808 99782 99746 99703 99634 99585 99517 99423 99348 99244 99105 98951 98793 98594 98350 98080 97785 97433 97043 96550 95975 95356 94621 93809 92862 91858 90699 89271 87679 85915 83997 81827 79360 76675 73844 70709 67415 63850 60175 56283 52373 48616 44756 40878 37285 33875 30641 27736 25162 22813 20782 18953 17322 15910 14683 13586 12684 11948 11326 10805 10344 9970 9678 9428 9205 9005 8854 8739 8629 8525 8455 8400 8343 8306 8278 8246 8218 8198 8179 8163 8151 8142 8134 8128 8119 8115 8108 8105 8102 8100 8098 8097 8096 8096 8096 8096 8095 8094 8094 8094 8094 8093 8093 8093 8093 8093 8092 8092 8092 8092 8091 8091 8091 8091 8091 8091 8091 8091 8091 8091 8091 
99999 99999 99999 99999 99999 99999 99999 99998 99998 99998 99998 99998 99998 99998 99997 99997 99997 99997 99996 99995 99995 99995 99995 99995 99995 99993 99993 99993 99993 99989 99987 99986 99985 99980 99978 99975 99972 99968 99964 99962 99956 99949 99944 99931 99920 99903 99886 99860 99830 99807 99783 99750 99694 99657 99588 99514 99429 99350 99237 99114 98996 98845 98639 98411 98148 97860 97513 97087 96645 96092 95486 94763 93974 93045 91992 90763 89403 87756 86022 84084 81906 79386 76723 73874 70729 67363 63885 60275 56607 52745 48816 45008 41249 37633 34159 31041 28122 25494 23074 20986 19095 17506 16112 14884 13837 12991 12211 11587 11038 10607 10224 9925 9656 9415 9224 9072 8947 8852 8767 8691 8623 8563 8521 8493 8464 8442 8420 8409 8389 8371 8362 8355 8350 8340 8337 8329 8327 8325 8320 8317 8315 8312 8309 8308 8308 8307 8306 8303 8303 8301 8301 8301 8301 8301 8301 8301 8300 8300 8300 8300 8300 8300 8300 8300 8300 8300 
99999 99999 99999 99999 99999 99999 99999 99999 99998 99997 99997 99997 99997 99997 99997 99996 99994 99993 99992 99990 99989 99986 99986 99983 99982 99977 99974 99973 99970 99967 99965 99959 99950 99938 99923 99908 99885 99871 99856 99832 99804 99754 99722 99675 99605 99552 99475 99388 99271 99155 99022 98832 98639 98457 98198 97886 97542 97175 96717 96230 95666 94981 94169 93237 92157 90959 89602 88053 86399 84533 82347 79917 77345 74548 71325 68048 64542 60742 56951 53065 49184 45322 41630 37963 34463 31236 28336 25689 23332 21209 19316 17631 16197 14923 13809 12899 12134 11505 10965 10500 10125 9815 9586 9377 9186 9028 8880 8769 8691 8618 8558 8507 8466 8433 8400 8373 8345 8323 8304 8287 8281 8271 8261 8254 8249 8244 8243 8241 8235 8231 8230 8227 8226 8224 8222 8221 8220 8220 8220 8220 8219 8217 8217 8217 8217 8216 8216 8216 8216 8216 8216 8216 8216 
99999 99999 99999 99999 99999 99999 99999 99999 99999 99999 99999 
99999 99999 99999 99999 99999 99998 99997 99997 99997 99996 99996 99995 99993 99991 99989 99986 99984 99983 99982 99978 99976 99971 99963 99958 99949 99933 99914 99900 99880 99866 99847 99823 99786 99748 99714 99662 99608 99553 99492 99410 99308 99195 99033 98892 98721 98518 98272 98019 97701 97359 96940 96475 95918 95247 94464 93611 92663 91575 90290 88880 87161 85317 83338 81154 78632 75852 72955 69822 66420 62756 59030 55311 51401 47509 43778 40004 36383 33002 29914 27130 24549 22197 20163 18370 16768 15442 14270 13303 12528 11854 11267 10777 10344 10001 9671 9424 9212 9041 8913 8782 8661 8583 8515 8455 8407 8370 8335 8308 8287 8264 8244 8230 8219 8210 8196 8188 8178 8174 8170 8169 8168 8166 8164 8163 8163 8161 8160 8160 8160 8160 8160 8160 8160 8160 8160 8160 8160 8160 8160 
99999 99999 99999 99999 99999 99999 99999 99998 99997 99997 99997 99997 99997 99997 99997 99997 99997 99996 99995 99993 99993 99992 99988 99988 99982 99981 99980 99979 99973 99967 99960 99957 99948 99937 99931 99911 99890 99877 99855 99818 99789 99765 99728 99676 99615 99552 99484 99380 99282 99170 99061 98883 98707 98485 98221 97954 97622 97234 96810 96309 95694 94993 94197 93272 92248 91070 89682 88189 86406 84460 82294 79881 77252 74327 71262 67845 64261 60506 56731 52768 48931 45142 41322 37641 34292 31112 28172 25436 22984 20878 19033 17484 16091 14913 13831 12960 12232 11556 11009 10560 10165 9861 9595 9357 9176 9008 8877 8771 8676 8590 8524 8463 8417 8393 8355 8327 8306 8283 8262 8251 8238 8226 8211 8207 8202 8200 8195 8188 8186 8182 8181 8180 8178 8176 8172 8172 8171 8170 8169 8169 8168 8168 8168 8168 8168 8168 8167 8167 8167 8167 8167 8167 8167 8167 8167 8167 8167 8167 
99999 99999 99999 99999 99999 99999 99999 99998 99997 99997 99996 99993 99992 99989 99989 99986 99984 99982 99980 99978 99972 99969 99964 99947 99942 99930 99922 99916 99902 99894 99877 99855 99836 99805 99772 99740 99702 99649 99596 99528 99454 99367 99278 99174 99021 98889 98728 98501 98253 97983 97674 97323 96889 96392 95809 95152 94405 93489 92488 91396 90117 88623 86923 85063 83056 80708 78194 75278 72217 68855 65400 61766 57965 53958 49999 46121 42164 38482 34997 31728 28737 25915 23460 21239 19316 17568 16149 14897 13839 12913 12139 11491 10922 10501 10131 9826 9551 9317 9156 8991 8858 8738 8649 8550 8500 8446 8402 8372 8337 8308 8282 8268 8252 8238 8227 8216 8209 8203 8195 8192 8190 8183 8179 8175 8175 8173 8172 8171 8170 8170 8170 8170 8169 8168 8167 8167 8167 8167 8167 8167 8167 8167 8167 8167 8167 8167 8167 8167 8167 
99999 99999 99999 99999 99999 99999 99998 99997 99997 99996 99996 99996 99996 99994 99992 99990 99987 99985 99983 99981 99976 99970 99962 99958 99953 99940 99927 99922 99908 99896 99876 99840 99812 99786 99753 99705 99655 99594 99529 99473 99400 99279 99144 98994 98799 98599 98364 98061 97730 97342 96883 96374 95821 95082 94291 93384 92324 91148 89844 88295 86615 84659 82487 80007 77403 74575 71466 67982 64474 60765 56874 53173 49270 45513 41713 37969 34486 31279 28297 25564 23172 21003 19214 17581 16157 14903 13863 12934 12205 11570 11036 10553 10205 9896 9625 9392 9204 9073 8954 8867 8766 8688 8626 8574 8534 8500 8480 8454 8436 8421 8399 8390 8381 8374 8370 8365 8361 8357 8355 8352 8350 8349 8348 8348 8346 8342 8342 8342 8341 8340 8340 8340 8340 8340 8340 8340 8340 8340 8340 8340 8340 8340 
99999 99999 99999 99999 99999 99999 99999 99996 99996 99996 99995 99995 99993 99992 99992 99990 99988 99986 99984 99980 99977 99976 99974 99970 99968 99965 99962 99954 99949 99943 99936 99931 99921 99910 99903 99891 99876 99856 99833 99809 99793 99759 99709 99659 99606 99549 99477 99408 99308 99186 99059 98902 98730 98523 98263 97992 97658 97287 96842 96335 95775 95100 94340 93457 92463 91271 89952 88484 86795 84862 82744 80417 77927 75070 72104 68954 65461 61787 58081 54115 50190 46337 42478 38734 35243 31949 29028 26245 23746 21503 19614 17888 16447 15217 14102 13190 12401 11722 11136 10642 10240 9911 9629 9389 9202 9025 8890 8758 8663 8590 8540 8484 8434 8404 8367 8335 8316 8296 8282 8271 8261 8251 8238 8227 8224 8218 8216 8213 8212 8206 8203 8202 8201 8201 8201 8201 8200 8200 8200 8200 8200 8200 8200 8200 
99999 99999 99999 99999 99998 99998 99998 99998 99998 99998 99998 99996 99996 99993 99993 99987 99984 99981 99977 99974 99966 99963 99955 99950 99943 99938 99931 99918 99896 99885 99855 99836 99804 99776 99729 99679 99630 99574 99510 99412 99315 99184 99047 98888 98701 98478 98235 97935 97604 97210 96730 96275 95640 94928 94151 93249 92226 91126 89836 88319 86562 84711 82582 80206 77660 74738 71696 68510 64966 61327 57534 53711 49767 45927 42064 38371 34860 31650 28607 26019 23535 21381 19448 17822 16267 15065 14002 13061 12305 11663 11114 10661 10277 9955 9660 9412 9203 9055 8920 8813 8715 8646 8585 8530 8495 8454 8426 8410 8397 8375 8361 8348 8338 8332 8328 8321 8315 8311 8307 8306 8305 8304 8304 8304 8301 8301 8301 8301 8300 8300 8300 8300 8299 8299 8299 8299 8299 8299 8299 8299 
99999 99999 99999 99999 99999 99999 99999 99999 99999 99998 99998 99997 99996 99995 99995 99995 99994 99993 99993 99991 99990 99988 99987 99985 99983 99979 99977 99973 99970 99964 99960 99948 99939 99935 99923 99914 99893 99871 99853 99829 99801 99779 99749 99719 99671 99608 99542 99453 99388 99301 99184 99042 98894 98710 98503 98255 97986 97663 97285 96819 96306 95687 94991 94201 93306 92230 91129 89757 88287 86593 84637 82513 80155 77597 74755 71707 68312 64960 61346 57456 53748 49775 45985 42224 38572 35125 31871 28817 26055 23606 21468 19503 17791 16346 15141 14044 13118 12359 11694 11138 10630 10256 9886 9648 9422 9239 9075 8953 8823 8722 8643 8590 8523 8487 8445 8417 8392 8370 8353 8340 8325 8314 8307 8302 8299 8294 8290 8290 8287 8284 8283 8283 8278 8276 8275 8272 8272 8271 8270 8270 8269 8268 8267 8267 8266 8265 8265 8265 8265 8265 8265 8265 8265 8265 8265 8265 
99999 99999 99999 99999 99999 99999 99999 99998 99997 99997 99992 99991 99991 99989 99987 99987 99987 99987 99985 99981 99978 99974 99963 99957 99954 99945 99933 99921 99905 99896 99880 99854 99827 99802 99771 99724 99678 99620 99536 99458 99375 99275 99158 99014 98850 98655 98442 98172 97902 97608 97254 96831 96336 95762 95080 94341 93514 92488 91285 89939 88492 86825 84951 82915 80548 78003 75274 72182 68988 65476 61876 58058 54144 50352 46522 42758 39056 35583 32319 29228 26484 23993 21684 19651 17941 16480 15168 14020 13084 12262 11600 11033 10558 10177 9812 9525 9297 9127 8968 8827 8718 8633 8555 8498 8443 8406 8370 8341 8317 8298 8290 8283 8276 8268 8262 8256 8250 8246 8239 8237 8236 8235 8233 8231 8231 8230 8228 8228 8227 8227 8226 8226 8226 8226 8226 8226 8226 8226 8226 8226 8226 8226 
99999 99999 99999 99999 99999 99999 99998 99996 99996 99996 99995 99995 99995 99995 99992 99989 99989 99986 99985 99983 99982 99978 99974 99970 99967 99958 99951 99946 99939 99926 99916 99902 99882 99863 99843 99811 99780 99743 99705 99653 99602 99545 99475 99379 99278 99155 99007 98849 98642 98426 98128 97809 97476 97072 96608 96042 95386 94655 93762 92820 91731 90479 89023 87388 85590 83658 81489 79062 76382 73410 70195 66898 63262 59445 55618 51739 47730 43922 40108 36579 33155 29920 27034 24504 22073 20053 18287 16766 15444 14311 13280 12489 11806 11218 10707 10248 9909 9640 9386 9168 9005 8875 8783 8704 8618 8569 8518 8477 8446 8420 8380 8353 8340 8326 8315 8308 8303 8300 8295 8293 8287 8285 8280 8279 8277 8273 8273 8273 8272 8271 8270 8270 8270 8270 8269 8268 8268 8268 8267 8267 8266 8266 8266 8266 8266 8266 8266 8266 
99999 99999 99999 99999 99999 99998 99998 99998 99998 99998 99998 99998 99998 99996 99996 99996 99995 99995 99994 99994 99994 99992 99991 99988 99987 99986 99986 99984 99982 99978 99975 99972 99965 99961 99948 99944 99933 99921 99908 99890 99876 99850 99823 99790 99756 99716 99665 99619 99549 99464 99380 99273 99143 99015 98842 98644 98415 98170 97870 97552 97126 96643 96067 95426 94758 93892 92915 91860 90617 89311 87750 85882 83860 81614 79178 76579 73741 70624 67167 63709 60018 56149 52190 48300 44395 40729 37144 33772 30593 27692 24995 22641 20591 18786 17207 15802 14601 13601 12724 11988 11351 10846 10456 10127 9831 9581 9403 9222 9081 8964 8865 8767 8702 8662 8611 8578 8553 8532 8508 8488 8470 8455 8439 8430 8424 8422 8421 8417 8412 8411 8410 8407 8407 8404 8403 8403 8402 8402 8402 8402 8401 8401 8401 8400 8400 8400 8400 8400 8400 8400 8400 8400 8400 8400 
99999 99999 99999 99999 99999 99999 99997 99996 99996 99996 99995 99995 99993 99992 99991 99990 99986 99985 99984 99984 99981 99978 99975 99971 99966 99959 99953 99948 99943 99938 99923 99911 99893 99888 99874 99855 99829 99790 99761 99721 99666 99612 99551 99461 99362 99251 99127 99010 98852 98668 98450 98178 97849 97516 97106 96622 96057 95415 94682 93801 92814 91721 90431 88996 87323 85498 83500 81247 78720 76023 73063 69813 66377 62783 59085 55171 51304 47493 43669 39874 36388 33005 29821 26899 24411 22109 20025 18271 16697 15371 14249 13281 12503 11817 11224 10756 10356 10009 9716 9484 9288 9100 8945 8831 8743 8666 8598 8550 8497 8462 8440 8409 8388 8370 8352 8343 8334 8322 8317 8311 8307 8306 8304 8302 8295 8294 8292 8288 8287 8286 8285 8284 8284 8284 8283 8283 8283 8282 8281 8281 8281 8281 8281 8281 8281 8281 8281 8281 8281 8280 8280 8280 8280 8280 8280 8280 
99999 99999 99999 99999 99999 99999 99998 99996 99994 99991 99990 99990 99990 99989 99986 99984 99984 99981 99980 99979 99972 99966 99964 99960 99951 99944 99938 99932 99918 99897 99882 99861 99846 99811 99777 99752 99720 99683 99628 99564 99480 99396 99309 99197 99074 98918 98734 98536 98290 98030 97727 97369 96947 96481 95947 95312 94542 93706 92723 91635 90364 88859 87224 85419 83427 81212 78681 75890 72875 69608 66174 62656 58933 55177 51371 47523 43716 39977 36443 33219 30092 27239 24729 22453 20417 18663 17140 15814 14686 13688 12833 12149 11546 11046 10611 10253 9961 9704 9497 9313 9181 9063 8951 8864 8791 8729 8681 8647 8610 8583 8560 8545 8529 8518 8506 8501 8493 8485 8485 8481 8476 8471 8469 8468 8466 8465 8465 8465 8464 8462 8461 8461 8460 8460 8460 8460 8460 8460 8460 8459 8459 8459 8459 8459 8459 8459 8459 8458 8458 8458 8458 8458 8458 8458 8458 8458 8458 8458 8458 
99999 99999 99999 99999 99999 99998 99998 99998 99998 99998 99998 99998 99996 99996 99995 99994 99993 99991 99987 99983 99981 99980 99976 99972 99965 99958 99951 99945 99934 99923 99914 99898 99882 99863 99837 99810 99777 99741 99690 99647 99584 99538 99470 99370 99258 99131 98980 98820 98626 98415 98150 97879 97554 97142 96722 96211 95644 94966 94183 93274 92298 91218 89875 88450 86858 84947 82907 80597 78082 75334 72208 68938 65510 61875 58154 54355 50411 46441 42648 39061 35501 32207 29258 26531 23988 21747 19698 17955 16532 15220 14089 13146 12356 11656 11085 10624 10222 9914 9640 9400 9176 9014 8848 8739 8644 8568 8506 8451 8403 8374 8339 8316 8297 8282 8273 8264 8259 8253 8243 8236 8232 8232 8231 8230 8230 8229 8228 8228 8228 8227 8227 8227 8227 8227 8227 8227 8227 8227 8227 8227 
99999 99999 99999 99999 99999 99999 99999 99999 99999 99998 99997 99996 99995 99992 99988 99985 99980 99971 99968 99959 99951 99938 99930 99911 99886 99856 99835 99808 99764 99704 99654 99595 99530 99462 99383 99278 99140 99024 98881 98733 98526 98289 98005 97715 97352 96927 96427 95885 95230 94454 93663 92719 91553 90321 88893 87287 85543 83510 81310 78862 76173 73219 70093 66686 63132 59464 55673 51849 47970 44108 40508 36891 33595 30454 27604 24992 22728 20706 18863 17231 15860 14677 13675 12843 12132 11583 11079 10672 10318 10034 9791 9555 9377 9210 9087 8979 8900 8832 8769 8718 8681 8648 8632 8600 8588 8567 8554 8547 8544 8535 8529 8520 8513 8510 8506 8506 8505 8503 8503 8503 8500 8498 8497 8496 8496 8495 8495 8494 8493 8493 8493 8493 8493 8493 8493 8493 8493 8493 8493 8493 8493 
99999 99999 99999 99999 99998 99998 99996 99996 99996 99996 99995 99994 99993 99991 99990 99988 99986 99985 99984 99984 99982 99980 99979 99975 99968 99959 99953 99945 99935 99917 99906 99889 99874 99855 99827 99795 99763 99714 99665 99618 99565 99514 99435 99327 99202 99093 98936 98765 98571 98301 98032 97699 97340 96907 96435 95866 95172 94393 93567 92629 91433 90147 88689 86997 85190 83087 80803 78212 75382 72253 69024 65550 61964 58110 54252 50264 46451 42698 39067 35532 32147 29124 26355 23868 21685 19691 18042 16558 15272 14128 13107 12270 11620 11052 10580 10165 9835 9569 9312 9128 8949 8816 8696 8611 8536 8472 8418 8371 8329 8307 8282 8255 8236 8218 8203 8194 8184 8177 8166 8162 8159 8159 8157 8156 8154 8153 8151 8148 8148 8147 8147 8146 8146 8146 8146 8146 8146 8146 8146 8146 8146 8146 8146 8146 8146 
99999 99999 99999 99999 99999 99999 99998 99998 99998 99996 99995 99995 99994 99993 99992 99988 99987 99985 99978 99975 99972 99969 99969 99963 99957 99950 99942 99931 99918 99906 99887 99868 99845 99824 99787 99757 99724 99679 99633 99573 99516 99436 99360 99250 99139 99004 98845 98673 98432 98177 97856 97541 97158 96695 96215 95586 94920 94102 93129 92066 90856 89512 87923 86169 84231 82016 79579 76943 74092 70983 67600 64075 60374 56492 52530 48610 44714 40917 37380 33978 30773 27806 25138 22733 20599 18883 17209 15800 14644 13636 12720 11970 11314 10787 10353 10023 9703 9451 9229 9059 8916 8802 8686 8599 8536 8477 8432 8388 8351 8320 8293 8282 8267 8250 8240 8224 8219 8216 8208 8204 8200 8200 8198 8196 8196 8196 8196 8196 8196 8196 8195 8195 8195 8195 8195 8195 8195 8195 8195 
99999 99999 99999 99999 99998 99998 99998 99998 99997 99997 99995 99994 99993 99991 99990 99990 99988 99987 99986 99984 99980 99977 99973 99970 99964 99960 99953 99947 99935 99929 99921 99908 99900 99885 99857 99839 99818 99781 99759 99731 99686 99643 99586 99510 99441 99345 99231 99122 98969 98806 98623 98396 98119 97826 97478 97092 96669 96124 95489 94785 93950 93058 91968 90741 89351 87785 86008 83956 81775 79272 76588 73644 70530 67176 63549 59808 55910 51987 48167 44235 40569 36872 33505 30249 27378 24675 22324 20234 18375 16779 15418 14269 13278 12462 11746 11166 10652 10204 9839 9571 9319 9093 8928 8790 8672 8586 8498 8417 8366 8320 8282 8257 8237 8218 8203 8191 8177 8168 8161 8154 8146 8140 8136 8134 8132 8130 8129 8126 8124 8123 8122 8122 8122 8122 8121 8121 8120 8120 8120 8120 8120 8120 8120 8120 8120 
99999 99999 99999 99999 99999 99998 99997 99997 99996 99996 99993 99991 99988 99986 99979 99979 99976 99974 99966 99953 99944 99932 99921 99909 99892 99866 99832 99804 99778 99745 99696 99647 99595 99505 99412 99319 99206 99077 98925 98763 98552 98317 98036 97706 97322 96924 96428 95844 95191 94434 93585 92604 91459 90190 88791 87161 85225 83193 80867 78277 75433 72352 69091 65644 62106 58438 54624 50737 46862 43015 39176 35651 32297 29261 26489 23916 21608 19571 17913 16448 15179 14059 13110 12347 11653 11040 10550 10147 9810 9538 9314 9113 8950 8817 8711 8611 8548 8470 8411 8373 8332 8296 8277 8252 8235 8221 8211 8201 8187 8183 8176 8171 8168 8160 8155 8152 8152 8150 8149 8149 8149 8149 8148 8147 8147 8146 8146 8146 8146 8146 8146 8146 8146 8146 8146 8146 8146 
99999 99999 99999 99999 99999 99997 99997 99997 99997 99995 99995 99994 99994 99993 99988 99988 99987 99984 99981 99979 99975 99968 99963 99956 99939 99927 99919 99898 99877 99853 99829 99794 99765 99729 99690 99641 99570 99498 99410 99326 99222 99077 98934 98760 98555 98325 98043 97731 97368 96961 96463 95855 95191 94434 93535 92560 91398 90108 88565 86891 84956 82922 80617 78117 75357 72420 69151 65618 61972 58154 54309 50291 46412 42615 38875 35345 32078 29017 26263 23757 21502 19492 17702 16235 14925 13863 12979 12152 11546 10993 10512 10131 9831 9583 9347 9171 9012 8869 8756 8658 8592 8528 8477 8444 8408 8374 8344 8326 8306 8287 8282 8274 8262 8255 8248 8242 8238 8234 8232 8231 8231 8229 8226 8222 8221 8221 8221 8221 8221 8221 8221 8221 8221 8221 8221 
99999 99999 99999 99999 99999 99997 99996 99994 99993 99992 99991 99989 99989 99987 99987 99984 99980 99978 99977 99973 99967 99962 99957 99949 99940 99933 99922 99909 99896 99884 99871 99842 99818 99789 99763 99719 99678 99626 99558 99481 99399 99291 99175 99041 98891 98711 98495 98249 97933 97614 97221 96764 96235 95629 94937 94166 93303 92250 91058 89669 88208 86481 84577 82513 80234 77701 74963 71995 68742 65346 61669 57862 54061 50267 46397 42615 39030 35543 32261 29169 26369 23905 21633 19695 17953 16484 15202 14130 13182 12434 11825 11276 10787 10423 10073 9784 9531 9325 9157 9043 8924 8828 8759 8706 8649 8600 8558 8530 8511 8484 8469 8446 8439 8431 8417 8410 8405 8399 8391 8386 8380 8375 8375 8371 8368 8367 8367 8363 8361 8359 8355 8355 8354 8354 8354 8354 8354 8353 8353 8352 8352 8352 8352 8352 8352 8352 8352 8352 
99999 99999 99999 99999 99999 99999 99998 99997 99996 99995 99994 99994 99993 99991 99991 99990 99989 99986 99981 99977 99975 99972 99968 99961 99954 99949 99942 99925 99914 99901 99888 99868 99838 99807 99772 99732 99688 99645 99586 99515 99409 99318 99217 99119 98957 98790 98593 98377 98118 97832 97487 97121 96667 96144 95564 94867 94077 93137 92054 90915 89520 87955 86239 84367 82150 79655 77022 74090 71085 67762 64285 60597 56752 52904 48914 45042 41306 37581 34214 31018 28037 25437 22992 20848 19038 17409 15965 14700 13634 12778 12051 11418 10906 10491 10106 9789 9521 9315 9135 8997 8896 8789 8710 8634 8566 8526 8479 8445 8419 8395 8378 8361 8342 8331 8321 8311 8305 8301 8299 8296 8293 8291 8290 8289 8289 8287 8286 8286 8286 8285 8285 8285 8285 8285 8285 8285 8285 8285 8285 8285 
99999 99999 99999 99999 99999 99997 99997 99997 99997 99997 99997 99997 99997 99996 99995 99994 99994 99994 99993 99993 99993 99992 99991 99991 99990 99989 99989 99988 99988 99986 99985 99984 99982 99981 99979 99977 99974 99972 99972 99969 99967 99966 99962 99952 99940 99928 99922 99905 99895 99873 99855 99825 99797 99765 99724 99673 99627 99562 99472 99388 99291 99183 99044 98904 98740 98528 98258 97974 97633 97271 96868 96350 95782 95142 94359 93457 92320 91125 89805 88318 86608 84738 82593 80269 77730 74773 71782 68544 65077 61380 57613 53714 49851 46039 42349 38762 35330 31978 28945 26238 23801 21615 19676 17989 16530 15271 14203 13292 12448 11781 11217 10768 10386 10080 9785 9527 9326 9171 9024 8915 8812 8733 8649 8597 8553 8518 8484 8452 8419 8394 8378 8369 8361 8348 8337 8331 8325 8323 8322 8320 8317 8313 8310 8310 8309 8306 8305 8303 8302 8301 8301 8300 8300 8300 8300 8300 8300 8300 8300 8300 8300 8300 
99999 99999 99999 99999 99999 99998 99997 99997 99995 99990 99988 99988 99988 99987 99982 99977 99974 99973 99971 99968 99963 99950 99942 99936 99918 99904 99891 99874 99848 99829 99811 99790 99741 99699 99643 99580 99511 99423 99329 99221 99101 98950 98764 98548 98317 98048 97728 97362 96924 96406 95859 95173 94439 93575 92571 91429 90077 88639 87006 85070 82986 80648 78035 75290 72288 69143 65684 61987 58315 54498 50535 46709 42845 39237 35747 32445 29360 26564 23981 21692 19587 17831 16346 15058 13949 13009 12209 11506 10941 10467 10109 9802 9523 9303 9098 8910 8793 8683 8599 8530 8474 8428 8388 8350 8310 8277 8251 8227 8209 8196 8186 8181 8169 8163 8161 8158 8152 8150 8149 8147 8144 8143 8139 8139 8138 8138 8138 8138 8138 8138 8137 8137 8137 8137 8137 8137 8137 8137 
99999 99999 99999 99999 99999 99999 99999 99999 99999 99999 99999 99999 99999 99996 99995 99995 99995 99995 99989 99988 99987 99986 99984 99980 99974 99965 99958 99951 99944 99936 99923 99906 99892 99867 99844 99828 99809 99765 99718 99680 99627 99571 99518 99440 99349 99251 99119 98947 98789 98603 98363 98128 97865 97519 97101 96668 96140 95491 94793 93913 93017 91931 90747 89364 87798 86040 84061 81913 79489 76794 73981 70845 67573 63953 60415 56683 52841 48894 45204 41424 37859 34438 31165 28182 25554 23092 20983 19135 17494 16147 14828 13848 12956 12181 11552 11007 10560 10193 9888 9627 9402 9256 9098 8980 8872 8780 8716 8663 8612 8569 8525 8493 8476 8461 8440 8428 8420 8414 8407 8402 8397 8396 8395 8390 8388 8387 8386 8386 8384 8382 8382 8381 8381 8379 8379 8378 8378 8378 8378 8377 8377 8377 8376 8375 8375 8375 8375 8373 8373 8372 8372 8372 8372 8372 8372 8372 8372 8372 8372 8372 8372 8372 
99999 99999 99999 99998 99997 99994 99994 99994 99993 99992 99991 99989 99988 99985 99981 99976 99974 99971 99963 99957 99945 99933 99927 99914 99900 99888 99870 99842 99815 99792 99767 99721 99687 99625 99561 99479 99402 99294 99181 99070 98927 98743 98521 98279 98001 97704 97321 96861 96343 95700 95061 94324 93439 92389 91211 89910 88418 86660 84778 82701 80388 77757 75041 71904 68637 65164 61461 57642 53804 49932 46170 42406 38767 35247 31990 29040 26229 23725 21540 19676 17885 16426 15194 14108 13153 12373 11729 11140 10676 10332 10016 9716 9502 9303 9158 9033 8927 8829 8759 8691 8640 8586 8552 8515 8490 8470 8457 8435 8419 8408 8399 8396 8389 8385 8380 8377 8377 8373 8371 8370 8368 8366 8364 8364 8364 8364 8364 8364 8364 8364 8364 8363 8363 8363 8363 8363 8363 8363 8363 8363 
99999 99999 99999 99999 99997 99996 99996 99995 99995 99995 99995 99988 99986 99985 99981 99979 99976 99973 99967 99964 99957 99948 99940 99932 99923 99916 99907 99893 99879 99863 99840 99810 99775 99745 99708 99663 99604 99539 99473 99382 99297 99197 99057 98897 98721 98496 98255 97968 97638 97288 96864 96348 95763 95072 94253 93367 92305 91087 89809 88308 86665 84824 82737 80261 77717 74933 71977 68674 65132 61370 57554 53771 49858 46010 42275 38716 35374 32060 29068 26314 23882 21685 19703 17913 16479 15237 14121 13184 12447 11762 11240 10751 10340 10012 9725 9467 9257 9111 8969 8856 8758 8682 8611 8560 8511 8483 8449 8420 8403 8381 8367 8357 8351 8342 8336 8332 8330 8328 8326 8324 8321 8321 8320 8318 8317 8317 8316 8316 8316 8316 8316 8316 8316 8316 8316 8316 8316 8316 8316 
99999 99999 99999 99999 99999 99999 99999 99998 99997 99997 99997 99994 99994 99994 99992 99989 99986 99979 99977 99973 99965 99959 99951 99945 99935 99928 99917 99894 99879 99858 99843 99823 99789 99748 99705 99640 99567 99513 99451 99371 99280 99155 98999 98853 98650 98420 98164 97866 97531 97147 96697 96173 95601 94913 94147 93262 92265 91104 89754 88286 86586 84652 82580 80270 77706 74998 71891 68607 65196 61584 57926 54117 50085 46164 42478 38706 35244 32024 28979 26231 23827 21571 19632 17934 16488 15141 14018 13099 12339 11715 11169 10675 10332 10004 9718 9487 9288 9134 8989 8879 8794 8711 8656 8604 8554 8511 8485 8458 8435 8417 8397 8388 8377 8366 8357 8352 8347 8340 8339 8337 8334 8334 8334 8332 8331 8330 8330 8330 8329 8329 8329 8328 8328 8328 8327 8327 8327 8327 8327 8327 8327 8327 8327 8327 8327 8327 
99999 99999 99999 99999 99999 99999 99998 99997 99997 99997 99996 99994 99993 99992 99991 99989 99987 99983 99979 99978 99974 99971 99968 99964 99963 99956 99948 99938 99927 99913 99903 99885 99869 99849 99817 99790 99758 99715 99664 99606 99527 99441 99344 99233 99107 98952 98782 98568 98334 98072 97772 97386 96920 96392 95826 95187 94423 93471 92520 91341 90014 88533 86799 84861 82725 80396 77887 75140 71993 68731 65227 61647 57872 53968 50013 46108 42308 38679 35153 31849 28707 26075 23666 21491 19541 17800 16348 15086 14002 13046 12282 11634 11079 10622 10216 9868 9612 9391 9193 9036 8913 8792 8694 8613 8550 8491 8442 8402 8373 8350 8328 8309 8294 8278 8267 8258 8245 8238 8231 8226 8224 8223 8218 8216 8214 8212 8208 8207 8205 8204 8204 8203 8203 8203 8203 8202 8202 8201 8200 8200 8200 8200 8199 8199 8199 8199 8199 8199 8199 8199 8199 8198 8198 8198 8198 
99999 99999 99999 99997 99997 99995 99995 99994 99994 99994 99993 99993 99992 99990 99987 99985 99983 99982 99976 99974 99974 99972 99964 99961 99946 99936 99926 99912 99901 99882 99872 99850 99826 99793 99756 99715 99673 99620 99564 99485 99384 99262 99149 99026 98880 98710 98506 98238 97989 97661 97282 96836 96355 95753 95066 94346 93474 92512 91365 90088 88631 87005 85121 82997 80724 78119 75335 72428 69086 65682 62167 58363 54468 50595 46758 42899 39261 35726 32403 29231 26430 23943 21684 19684 17918 16455 15192 14115 13132 12365 11663 11084 10580 10189 9865 9596 9359 9158 8986 8836 8715 8599 8520 8454 8399 8341 8306 8277 8249 8222 8199 8186 8178 8171 8162 8154 8149 8144 8140 8137 8137 8135 8134 8133 8132 8131 8131 8131 8131 8131 8131 8131 8131 8131 8131 8131 8131 
99999 99999 99999 99999 99999 99998 99998 99998 99998 99998 99998 99998 99998 99998 99998 99998 
99999 99999 99999 99998 99998 99997 99996 99996 99994 99993 99991 99989 99988 99987 99985 99982 99979 99970 99965 99959 99950 99948 99943 99930 99916 99902 99882 99857 99822 99799 99767 99736 99687 99639 99587 99530 99456 99364 99251 99123 98991 98803 98620 98442 98219 97900 97522 97144 96696 96187 95586 94952 94109 93186 92181 91016 89736 88250 86627 84716 82511 80151 77578 74686 71651 68411 65019 61355 57605 53836 49896 46018 42124 38492 35013 31719 28711 25982 23567 21283 19350 17655 16241 14969 13930 12970 12200 11565 11024 10541 10149 9843 9586 9348 9164 9025 8871 8779 8694 8630 8555 8496 8463 8435 8398 8373 8356 8335 8318 8309 8297 8289 8282 8277 8272 8272 8269 8265 8263 8261 8257 8255 8253 8252 8251 8249 8248 8247 8247 8247 8247 8247 8247 8247 8247 8247 8247 
99999 99999 99999 99999 99999 99999 99999 99999 99999 99998 99997 99997 99997 99997 99996 99994 99993 99993 99993 99993 99992 99990 99989 99989 99986 99984 99979 99974 99968 99962 99957 99946 99941 99933 99926 99911 99896 99877 99854 99833 99816 99790 99752 99708 99648 99587 99532 99451 99360 99235 99114 98951 98779 98586 98355 98082 97774 97379 96989 96484 95881 95181 94413 93432 92402 91192 89849 88311 86580 84688 82546 80218 77707 74913 71857 68458 64972 61337 57525 53640 49735 45801 42073 38475 34947 31659 28729 26080 23569 21392 19460 17758 16318 15078 14019 13096 12323 11654 11097 10606 10202 9873 9597 9377 9202 9082 8944 8835 8737 8659 8591 8541 8507 8468 8431 8406 8388 8373 8356 8344 8323 8318 8312 8308 8302 8298 8297 8289 8287 8285 8282 8281 8281 8280 8280 8280 8279 8278 8277 8276 8276 8276 8276 8276 8276 8276 8276 8276 8276 8276 8276 8276 8276 8276 
99999 99999 99999 99999 99999 99999 99998 99998 99996 99996 99996 99996 99996 99994 99990 99987 99987 99987 99986 99981 99973 99969 99967 99958 99953 99939 99927 99907 99898 99880 99859 99840 99803 99763 99722 99688 99633 99573 99492 99422 99340 99235 99130 98987 98810 98623 98432 98196 97924 97572 97231 96809 96320 95749 95022 94258 93363 92295 91160 89911 88411 86717 84878 82697 80419 77882 75142 72094 68776 65253 61609 57843 54075 50204 46299 42555 38708 35200 31945 28938 26208 23740 21596 19664 17986 16495 15230 14126 13190 12392 11732 11198 10753 10383 10046 9778 9546 9360 9212 9069 8968 8876 8799 8741 8686 8633 8605 8579 8558 8537 8518 8504 8495 8484 8473 8466 8461 8458 8455 8454 8450 8446 8446 8444 8443 8442 8441 8440 8440 8440 8440 8439 8438 8437 8437 8437 8437 8437 8437 8437 8437 8437 8437 8437 8437 8437 8437 8437 8437 8437 
99999 99999 99999 99999 99999 99997 99997 99997 99997 99997 99997 99997 99996 99994 99988 99988 99986 99986 99985 99981 99976 99972 99965 99958 99949 99940 99933 99915 99906 99894 99867 99844 99817 99786 99748 99697 99639 99577 99504 99415 99330 99208 99083 98922 98736 98526 98280 98015 97693 97317 96836 96315 95709 95043 94307 93452 92414 91277 89931 88361 86677 84832 82764 80409 77879 75080 72106 68834 65385 61682 57994 54256 50362 46440 42686 38957 35425 32135 29043 26354 23816 21598 19597 17907 16418 15144 14049 13106 12319 11663 11153 10633 10207 9863 9593 9367 9193 9014 8875 8759 8662 8578 8511 8452 8418 8383 8352 8322 8306 8284 8278 8261 8250 8244 8238 8232 8228 8222 8217 8215 8214 8211 8210 8208 8208 8207 8206 8206 8206 8205 8205 8204 8204 8204 8204 8204 8204 8204 8204 8204 8204 
99999 99999 99999 99997 99996 99995 99995 99995 99994 99990 99990 99987 99986 99982 99977 99972 99963 99958 99948 99943 99936 99926 99917 99900 99885 99865 99849 99828 99800 99780 99737 99704 99656 99593 99527 99453 99381 99281 99158 99008 98857 98700 98484 98231 97946 97636 97280 96824 96363 95770 95115 94399 93631 92641 91519 90268 88864 87312 85488 83446 81285 78752 76156 73128 69914 66561 62980 59265 55497 51578 47593 43812 40172 36582 33175 30018 27225 24688 22358 20356 18555 16933 15560 14471 13520 12675 11977 11380 10910 10504 10142 9833 9579 9390 9208 9055 8951 8857 8769 8699 8644 8602 8569 8542 8515 8496 8481 8466 8458 8449 8443 8436 8429 8425 8418 8417 8415 8412 8411 8411 8410 8409 8408 8407 8406 8403 8403 8403 8402 8402 8402 8402 8400 8400 8400 8400 8399 8399 8399 8399 8399 8399 8399 8399 8399 8399 8399 
99999 99999 99999 99999 99999 99999 99997 99997 99996 99996 99994 99994 99991 99988 99988 99987 99986 99986 99983 99982 99980 99978 99976 99974 99968 99964 99959 99951 99944 99931 99921 99910 99895 99876 99845 99827 99805 99765 99732 99689 99647 99593 99525 99435 99354 99252 99111 98963 98791 98593 98393 98096 97788 97460 97039 96576 96050 95443 94749 93946 93050 91989 90767 89372 87773 86064 84068 81805 79342 76708 73747 70604 67282 63825 60194 56500 52552 48804 44981 41378 37800 34454 31238 28344 25720 23299 21173 19339 17709 16218 14999 13980 13073 12268 11660 11161 10738 10354 10034 9773 9554 9353 9219 9100 8975 8869 8792 8721 8667 8632 8594 8567 8552 8533 8518 8508 8495 8481 8470 8459 8451 8448 8443 8437 8433 8433 8432 8429 8428 8428 8427 8424 8423 8423 8423 8423 8423 8423 8423 8423 8422 8422 8422 8421 8421 8421 8421 8421 8421 8421 8421 8421 8421 8421 8421 8421 
99999 99999 99999 99999 99999 99999 99999 99998 99998 99998 99998 99998 99998 99998 99998 99997 99995 99994 99994 99992 99986 99984 99981 99976 99973 99965 99959 99945 99938 99923 99915 99897 99881 99862 99829 99802 99769 99722 99664 99609 99545 99479 99400 99310 99194 99060 98921 98740 98526 98298 98010 97647 97259 96849 96309 95662 94937 94188 93254 92193 91035 89578 88031 86269 84288 82070 79541 76826 73890 70727 67463 63829 60103 56029 52152 48217 44311 40738 37114 33568 30463 27530 24882 22535 20474 18660 17052 15700 14545 13539 12659 11976 11378 10832 10441 10106 9796 9535 9312 9157 9009 8888 8779 8686 8590 8526 8477 8428 8389 8355 8332 8315 8301 8287 8276 8268 8262 8255 8251 8245 8242 8239 8237 8236 8235 8235 8234 8233 8232 8232 8231 8231 8231 8231 8231 8231 8231 8231 8231 8231 8231 8231 8231 
99999 99999 99999 99999 99999 99997 99996 99996 99996 99996 99996 99994 99993 99991 99989 99986 99985 99983 99981 99977 99970 99963 99954 99947 99938 99933 99927 99916 99905 99880 99859 99835 99816 99781 99747 99700 99654 99580 99518 99439 99345 99233 99113 98972 98827 98654 98425 98187 97893 97582 97218 96765 96201 95603 94875 94033 93116 92083 90870 89441 87767 86051 84064 82060 79556 76961 74136 71078 67746 64218 60576 56825 52958 48977 45141 41441 37858 34404 31207 28236 25599 23162 21061 19177 17535 16047 14858 13822 12957 12205 11567 11006 10562 10215 9879 9642 9437 9220 9077 8950 8829 8740 8672 8622 8576 8533 8500 8474 8446 8413 8395 8377 8361 8352 8344 8334 8330 8322 8319 8313 8310 8309 8309 8306 8304 8303 8302 8301 8300 8299 8298 8298 8298 8298 8298 8298 8298 8297 8297 8297 8297 8297 8297 8297 8297 8297 8297 8297 8297 
99999 99999 99999 99999 99998 99997 99997 99996 99995 99994 99994 99992 99990 99985 99985 99985 99984 99984 99982 99977 99972 99968 99961 99958 99947 99937 99921 99900 99888 99863 99846 99819 99789 99754 99722 99664 99601 99546 99481 99397 99300 99205 99084 98939 98764 98584 98349 98033 97703 97357 96960 96467 95894 95286 94586 93772 92783 91689 90430 89022 87479 85673 83688 81406 78989 76284 73299 70232 66720 63354 59631 55826 51871 47979 44256 40459 36752 33330 30253 27380 24750 22456 20375 18647 17088 15724 14550 13599 12701 11993 11359 10856 10437 10080 9793 9546 9337 9157 9020 8896 8811 8739 8664 8613 8565 8511 8472 8453 8433 8411 8391 8378 8369 8357 8349 8339 8337 8330 8328 8328 8327 8326 8325 8324 8322 8322 8322 8322 8320 8319 8319 8319 8319 8319 8319 8319 8319 8319 8319 8319 8319 8319 
99999 99999 99999 99999 99999 99999 99998 99997 99996 99995 99994 99993 99992 99992 99992 99992 99987 99986 99983 99981 99979 99972 99964 99960 99952 99941 99932 99915 99904 99884 99874 99858 99834 99800 99781 99742 99697 99646 99588 99508 99406 99319 99212 99118 98953 98786 98581 98333 98059 97728 97376 96935 96455 95917 95265 94477 93619 92579 91473 90234 88776 87171 85379 83436 81191 78641 75916 72952 69909 66498 63018 59323 55594 51662 47644 43711 40010 36547 33118 29947 27109 24534 22211 20215 18403 16874 15465 14354 13382 12555 11819 11267 10756 10357 9991 9664 9447 9247 9074 8943 8845 8747 8665 8601 8524 8484 8457 8426 8394 8377 8360 8345 8334 8322 8314 8304 8300 8294 8291 8289 8287 8287 8286 8284 8284 8282 8282 8282 8282 8282 8282 8281 8281 8281 8281 8281 8281 8281 8281 8281 
99999 99999 99997 99997 99995 99995 99995 99992 99991 99990 99988 99987 99987 99985 99985 99983 99981 99979 99979 99977 99972 99968 99967 99965 99959 99950 99943 99932 99926 99912 99899 99882 99864 99844 99819 99782 99743 99695 99648 99596 99518 99440 99359 99261 99142 99008 98840 98636 98410 98187 97908 97594 97190 96722 96178 95610 94946 94149 93253 92256 91078 89664 88165 86491 84535 82476 80070 77459 74743 71588 68318 64807 61188 57494 53654 49650 45814 42043 38371 34801 31587 28547 25867 23423 21204 19230 17617 16145 14902 13825 12930 12167 11549 11027 10573 10192 9862 9592 9387 9200 9067 8920 8800 8708 8646 8587 8528 8476 8445 8420 8396 8378 8353 8338 8327 8318 8311 8301 8298 8293 8289 8285 8284 8279 8276 8272 8270 8270 8266 8266 8266 8266 8265 8265 8265 8265 8265 8265 8265 8264 8264 8264 8264 8264 8263 8263 8263 8263 8263 8263 
99999 99999 99999 99999 99999 99999 99999 99999 99999 99999 99998 99996 99994 99993 99992 99990 99987 99985 99983 99980 99980 99975 99974 99970 99966 99964 99959 99949 99938 99929 99923 99914 99903 99884 99854 99823 99794 99771 99736 99695 99642 99576 99517 99452 99366 99261 99144 98993 98837 98636 98402 98120 97842 97489 97060 96560 95991 95395 94627 93795 92795 91659 90396 89004 87331 85545 83513 81225 78619 75846 72956 69723 66317 62623 58868 54997 51088 47042 43272 39510 35931 32513 29542 26703 24219 22027 19923 18127 16554 15258 14147 13166 12395 11727 11121 10655 10255 9914 9634 9417 9239 9090 8957 8843 8748 8663 8611 8554 8522 8487 8460 8431 8413 8395 8377 8366 8357 8350 8344 8341 8336 8331 8326 8322 8318 8316 8316 8315 8313 8312 8312 8312 8309 8309 8309 8307 8307 8305 8305 8305 8305 8305 8305 8305 8305 8305 8305 8305 8305 8305 
99999 99999 99999 99999 99999 99998 99997 99997 99997 99997 99997 99997 99997 99997 99996 99996 99993 99993 99993 99993 99990 99989 99987 99984 99981 99981 99977 99970 99968 99959 99951 99936 99925 99915 99895 99872 99851 99824 99797 99767 99724 99672 99625 99567 99487 99409 99304 99186 99059 98930 98771 98569 98337 98057 97750 97369 96954 96485 95939 95293 94528 93608 92672 91551 90233 88828 87203 85388 83305 81012 78501 75821 72791 69436 66054 62412 58689 54875 51026 47078 43297 39607 35939 32614 29544 26759 24175 21858 19855 18123 16562 15254 14119 13144 12335 11635 11061 10518 10125 9752 9471 9214 9013 8852 8720 8602 8523 8467 8405 8342 8304 8270 8231 8208 8188 8170 8159 8142 8129 8117 8110 8102 8096 8091 8087 8087 8084 8081 8081 8081 8080 8079 8079 8078 8076 8076 8076 8075 8074 8074 8074 8074 8074 8074 8074 8074 8074 
99999 99999 99999 99999 99999 99999 99999 99999 99997 99997 99996 99996 99995 99994 99992 99992 99992 99990 99988 99986 99982 99979 99976 99972 99968 99963 99956 99948 99940 99935 99926 99915 99904 99890 99874 99855 99838 99809 99780 99743 99696 99645 99601 99546 99494 99409 99296 99173 99021 98869 98680 98455 98224 97934 97587 97246 96793 96275 95684 94978 94149 93285 92306 91122 89801 88262 86485 84523 82396 80006 77438 74601 71540 68283 64894 61340 57458 53549 49684 45814 41935 38362 34844 31578 28526 25698 23265 21141 19231 17448 16013 14811 13718 12809 12022 11396 10848 10412 10019 9700 9439 9242 9066 8913 8796 8684 8607 8544 8483 8441 8395 8366 8332 8300 8281 8270 8255 8240 8228 8223 8213 8207 8199 8196 8193 8190 8186 8185 8182 8182 8181 8178 8177 8176 8175 8175 8173 8173 8173 8172 8172 8172 8170 8170 8170 8170 8169 8169 8169 8169 8169 8169 8169 8169 
99999 99999 99999 99999 99999 99999 99999 99999 99998 99998 99998 99997 99995 99995 99994 99994 99993 99992 99988 99988 99987 99986 99986 99986 99985 99981 99980 99977 99973 99972 99969 99964 99960 99953 99944 99938 99923 99905 99893 99876 99855 99840 99815 99788 99749 99709 99655 99592 99536 99479 99403 99325 99218 99095 98953 98782 98575 98355 98109 97796 97439 97028 96580 96015 95366 94706 93863 92870 91837 90571 89221 87613 85798 83829 81604 79178 76478 73526 70341 66957 63339 59656 55862 52079 48228 44391 40648 37127 33700 30617 27677 25038 22718 20652 18783 17191 15815 14645 13649 12741 12014 11409 10869 10449 10104 9841 9567 9354 9171 9044 8917 8821 8715 8644 8584 8537 8495 8461 8414 8387 8374 8359 8351 8332 8324 8315 8304 8298 8296 8294 8293 8292 8291 8288 8286 8284 8284 8284 8283 8283 8283 8283 8282 8282 8282 8282 8282 8282 8281 8281 8281 8280 8279 8279 8279 8279 8279 8279 8279 8279 8279 
99999 99999 99999 99998 99997 99997 99996 99993 99991 99991 99990 99990 99986 99984 99982 99978 99972 99966 99963 99954 99943 99934 99919 99911 99894 99876 99852 99822 99796 99763 99714 99660 99610 99547 99453 99365 99266 99150 99000 98817 98633 98423 98183 97877 97502 97099 96646 96138 95548 94847 94053 93122 92100 90930 89600 88125 86340 84364 82190 79810 77239 74441 71380 68169 64615 60898 57134 53283 49402 45570 41832 38237 34714 31446 28540 25750 23325 21179 19261 17596 16170 14951 13909 12994 12252 11621 11104 10656 10273 9944 9680 9478 9279 9121 8972 8852 8759 8693 8627 8582 8547 8524 8499 8476 8448 8433 8415 8401 8387 8381 8371 8368 8363 8358 8353 8352 8350 8348 8345 8344 8343 8341 8339 8338 8338 8338 8338 8338 8338 8337 8337 8337 8337 8337 8336 8336 8336 8336 8336 8336 8335 8335 8335 8335 8335 8335 8335 8335 8335 8335 8335 
99999 99999 99998 99998 99998 99997 99996 99995 99993 99993 99993 99993 99992 99988 99985 99983 99981 99981 99979 99977 99976 99969 99965 99963 99956 99950 99945 99934 99914 99891 99866 99835 99816 99789 99739 99690 99643 99588 99516 99426 99332 99207 99068 98911 98730 98495 98249 97946 97576 97200 96723 96167 95534 94758 93953 93054 91986 90802 89434 87843 86066 84106 81926 79530 76945 74031 70859 67589 64017 60363 56552 52651 48726 44807 41125 37510 34128 30977 28029 25359 22965 20805 18932 17235 15838 14672 13670 12854 12082 11486 10970 10524 10169 9850 9600 9397 9227 9075 8953 8843 8750 8688 8642 8594 8559 8531 8497 8469 8449 8438 8425 8413 8401 8394 8384 8379 8375 8371 8368 8364 8361 8360 8359 8356 8355 8355 8354 8354 8354 8353 8353 8352 8352 8352 8352 8352 8352 8352 8352 8352 8352 8352 8352 
99999 99999 99999 99999 99999 99999 99999 99999 99999 99998 99997 99995 99995 99995 99995 99994 99994 99993 99993 99993 99989 99987 99986 99986 99982 99978 99976 99971 99968 99956 99950 99945 99936 99928 99923 99902 99893 99879 99855 99836 99812 99780 99748 99708 99668 99611 99551 99475 99391 99283 99186 99059 98929 98758 98579 98346 98105 97816 97487 97087 96573 96013 95410 94747 93937 92971 91930 90700 89321 87801 86009 84149 82070 79645 76950 74142 71058 67787 64180 60427 56656 52879 48958 45051 41299 37721 34309 31109 28229 25569 23224 21080 19197 17564 16140 14969 13918 13040 12323 11643 11110 10657 10281 9964 9679 9474 9289 9141 8996 8879 8796 8718 8664 8623 8578 8538 8505 8482 8468 8451 8429 8417 8401 8390 8385 8382 8379 8375 8375 8373 8372 8372 8370 8370 8370 8370 8370 8369 8368 8367 8367 8367 8366 8366 8366 8366 8364 8364 8364 8364 8364 8364 8364 8364 8364 8364 8364 8364 8364 
99999 99999 99999 99999 99999 99999 99999 99999 99998 99997 99997 99995 99995 99994 99994 99994 99994 99993 99992 99990 99990 99989 99987 99985 99984 99984 99981 99975 99972 99963 99958 99954 99946 99933 99929 99918 99906 99892 99881 99859 99836 99817 99790 99760 99739 99691 99631 99561 99484 99387 99281 99179 99035 98864 98681 98492 98232 97964 97637 97252 96798 96287 95685 94992 94254 93365 92370 91193 89880 88414 86682 84697 82523 80180 77586 74746 71581 68208 64568 60974 57060 53172 49258 45474 41634 38025 34483 31343 28414 25732 23368 21169 19241 17587 16136 14906 13857 12935 12226 11589 11013 10540 10141 9803 9515 9294 9114 8971 8849 8740 8641 8548 8488 8444 8396 8369 8342 8329 8304 8286 8265 8257 8246 8241 8237 8231 8221 8218 8215 8215 8213 8209 8209 8208 8208 8208 8208 8207 8207 8207 8207 8207 8207 8206 8206 8206 8206 8206 8206 8206 8206 8206 8206 8206 
99999 99999 99999 99999 99999 99999 99998 99996 99994 99993 99993 99990 99989 99988 99984 99981 99975 99970 99970 99965 99960 99948 99937 99928 99917 99903 99886 99866 99847 99826 99793 99766 99727 99682 99640 99569 99501 99427 99346 99251 99113 98953 98788 98614 98396 98177 97877 97541 97176 96743 96206 95600 94930 94154 93262 92206 91107 89761 88245 86468 84522 82448 80057 77455 74511 71437 68151 64570 60920 57194 53406 49593 45549 41820 38145 34664 31433 28405 25761 23245 21062 19113 17464 16056 14844 13764 12894 12178 11562 11040 10624 10262 9948 9674 9468 9292 9141 9010 8904 8821 8742 8674 8614 8560 8526 8499 8478 8464 8449 8430 8419 8412 8403 8395 8390 8386 8383 8382 8378 8377 8375 8373 8369 8366 8366 8365 8364 8363 8363 8362 8362 8361 8361 8361 8361 8360 8360 8360 8360 8360 8360 8360 8360 8360 8360 8359 8359 8358 8358 8358 8358 8358 8358 8358 8358 8358 
99999 99999 99999 99996 99996 99995 99995 99994 99992 99991 99988 99987 99986 99986 99986 99983 99983 99980 99977 99973 99970 99965 99961 99959 99954 99949 99936 99926 99904 99891 99886 99862 99848 99818 99778 99738 99692 99645 99584 99499 99396 99293 99188 99074 98938 98765 98542 98305 98048 97717 97350 96955 96454 95840 95151 94396 93524 92579 91440 90216 88838 87195 85403 83366 81061 78572 75856 72936 69831 66410 62887 59101 55238 51393 47580 43716 39930 36424 33041 29916 27054 24523 22196 20151 18407 16855 15528 14350 13363 12566 11860 11250 10747 10323 9981 9711 9481 9270 9097 8966 8847 8746 8674 8614 8569 8524 8485 8459 8430 8408 8392 8374 8354 8346 8338 8329 8326 8322 8318 8316 8314 8312 8309 8309 8307 8307 8306 8305 8305 8305 8304 8304 8303 8303 8303 8303 8303 8303 8303 
99999 99999 99999 99999 99997 99996 99996 99995 99993 99993 99993 99993 99993 99991 99990 99988 99988 99984 99984 99982 99978 99977 99971 99967 99965 99959 99949 99942 99931 99922 99913 99902 99886 99868 99840 99824 99791 99749 99707 99653 99606 99540 99457 99368 99259 99126 98982 98804 98634 98428 98165 97863 97509 97119 96662 96132 95519 94765 93976 93094 92021 90839 89485 87901 86191 84266 82085 79606 76997 74153 71044 67618 64097 60379 56567 52744 48774 44921 41330 37588 34211 30975 28100 25381 22960 20854 18984 17352 15981 14783 13764 12924 12142 11555 10973 10539 10151 9853 9599 9360 9181 9032 8907 8790 8708 8621 8558 8512 8462 8425 8393 8368 8350 8335 8321 8316 8302 8283 8278 8273 8264 8259 8256 8253 8249 8247 8244 8240 8239 8238 8237 8237 8236 8236 8235 8235 8235 8234 8234 8234 8234 8234 8234 8234 8234 8234 8234 8234 8234 8234 8234 8234 
99999 99999 99999 99998 99997 99995 99994 99991 99986 99982 99981 99979 99979 99977 99972 99968 99959 99955 99946 99938 99931 99925 99917 99898 99876 99859 99839 99811 99781 99747 99705 99668 99599 99526 99456 99378 99284 99160 99032 98874 98676 98474 98220 97955 97602 97200 96783 96243 95672 95019 94245 93399 92395 91291 89984 88483 86823 84995 82922 80656 78150 75429 72412 69238 65812 62214 58533 54725 50691 46875 43066 39362 35899 32565 29486 26675 24091 21790 19814 18039 16558 15300 14158 13228 12398 11715 11134 10645 10236 9874 9603 9390 9184 9042 8896 8764 8672 8586 8520 8464 8424 8379 8359 8332 8319 8300 8288 8281 8268 8256 8249 8247 8244 8241 8238 8236 8235 8234 8232 8231 8231 8231 8230 8229 8229 8227 8227 8227 8227 8227 8227 8227 8227 8227 8227 
99999 99998 99997 99997 99997 99996 99995 99994 99994 99991 99989 99988 99985 99985 99983 99980 99979 99979 99976 99970 99966 99962 99955 99944 99938 99928 99917 99906 99895 99880 99861 99831 99803 99777 99733 99693 99627 99564 99474 99380 99268 99148 99010 98834 98656 98434 98155 97860 97523 97091 96633 96084 95470 94737 93918 92989 91897 90666 89304 87792 86030 84062 81913 79474 76830 73911 70778 67368 63755 60056 56292 52502 48619 44771 41045 37513 34032 30857 27881 25347 22968 20888 19043 17456 15967 14685 13647 12804 12057 11423 10919 10501 10120 9817 9569 9346 9177 9030 8906 8804 8712 8644 8581 8543 8488 8461 8434 8415 8399 8384 8368 8351 8345 8338 8330 8325 8321 8320 8313 8312 8311 8308 8307 8306 8305 8304 8303 8303 8303 8303 8303 8303 8303 8303 8303 8303 8303 
99999 99999 99999 99999 99999 99999 99999 99999 99999 99998 99996 99996 99996 99996 99992 99990 99989 99988 99984 99978 99970 99964 99954 99946 99939 99924 99915 99909 99892 99870 99837 99811 99786 99737 99697 99655 99594 99521 99433 99339 99225 99078 98940 98758 98550 98310 98020 97667 97286 96858 96356 95823 95173 94416 93567 92567 91409 90102 88575 86897 85129 83124 80867 78323 75606 72510 69277 66021 62456 58744 54970 51146 47256 43387 39751 36283 32930 29827 27047 24554 22250 20189 18418 16876 15537 14362 13440 12594 11907 11342 10908 10461 10103 9791 9509 9294 9124 8996 8883 8771 8683 8621 8563 8506 8472 8430 8398 8376 8355 8343 8331 8320 8308 8302 8292 8287 8285 8280 8274 8273 8270 8268 8267 8267 8265 8262 8260 8258 8257 8257 8256 8256 8256 8256 8256 8256 8256 8256 8256 8256 8256 8256 
99999 99999 99999 99999 99999 99999 99999 99998 99998 99998 99998 99998 99998 99998 99995 99995 99995 99995 99995 99995 99993 99993 99992 99990 99990 99990 99988 99987 99987 99985 99984 99980 99970 99967 99964 99958 99951 99939 99928 99916 99904 99882 99862 99841 99814 99781 99758 99717 99663 99603 99542 99464 99374 99261 99144 98997 98847 98662 98436 98182 97892 97517 97129 96674 96154 95484 94727 93879 92901 91813 90541 89092 87474 85610 83597 81342 78842 76143 73172 69978 66534 62914 59228 55436 51491 47646 43761 40064 36585 33110 30012 27288 24586 22174 20150 18390 16821 15475 14361 13338 12490 11767 11157 10642 10208 9862 9596 9368 9160 8997 8843 8729 8626 8553 8481 8426 8384 8349 8317 8281 8263 8250 8239 8221 8215 8206 8205 8203 8199 8198 8197 8195 8194 8191 8188 8188 8185 8185 8184 8181 8179 8179 8179 8179 8179 8178 8178 8178 8178 8178 8178 8178 8178 8178 
99999 99999 99999 99999 99999 99999 99998 99998 99996 99995 99995 99993 99993 99990 99988 99985 99983 99981 99976 99974 99972 99964 99958 99949 99931 99922 99912 99900 99891 99882 99858 99835 99791 99763 99713 99662 99608 99540 99473 99404 99313 99195 99064 98911 98738 98532 98305 98034 97737 97371 96948 96428 95869 95237 94446 93534 92544 91480 90202 88727 87076 85248 83157 80882 78319 75531 72558 69360 65986 62483 58709 54936 50991 47051 43240 39441 35838 32581 29410 26695 24170 21921 19901 18122 16560 15376 14246 13304 12520 11844 11266 10787 10362 10052 9773 9553 9363 9182 9045 8938 8833 8764 8704 8647 8594 8561 8524 8504 8486 8471 8460 8451 8439 8427 8422 8419 8415 8410 8409 8408 8407 8406 8405 8404 8404 8404 8404 8404 8404 8404 8404 8404 8404 8404 8404 
99999 99999 99999 99999 99999 99999 99999 99999 99998 99998 99998 99998 99998 99998 99997 99997 99993 99991 99989 99989 99986 99985 99984 99979 99975 99971 99966 99960 99956 99947 99944 99929 99920 99902 99892 99875 99850 99820 99790 99765 99725 99664 99613 99562 99500 99419 99318 99228 99090 98948 98764 98581 98344 98073 97740 97386 96946 96455 95908 95300 94533 93711 92696 91504 90293 88761 87160 85386 83273 80965 78450 75728 72776 69586 66123 62506 58785 54932 51036 47159 43286 39576 36058 32734 29624 26842 24303 21969 19943 18202 16717 15403 14278 13349 12509 11805 11214 10734 10323 9986 9698 9459 9269 9108 8980 8884 8789 8708 8633 8563 8510 8470 8439 8410 8395 8377 8358 8339 8335 8325 8320 8312 8307 8306 8303 8302 8300 8300 8297 8297 8295 8294 8294 8294 8294 8293 8293 8293 8293 8293 8293 8293 8293 8293 8293 8293 
99999 99999 99999 99997 99997 99997 99997 99997 99997 99997 99993 99993 99992 99991 99991 99988 99987 99985 99981 99977 99974 99973 99968 99964 99959 99941 99934 99925 99916 99894 99869 99853 99838 99804 99776 99746 99701 99634 99560 99486 99395 99288 99174 99035 98891 98722 98522 98283 98026 97686 97304 96869 96367 95778 95134 94327 93432 92487 91363 90091 88592 86934 85116 83008 80766 78190 75479 72519 69343 65863 62242 58372 54637 50794 46843 43000 39268 35786 32385 29314 26546 24017 21790 19761 17976 16458 15155 14053 13102 12308 11600 11042 10556 10152 9810 9546 9319 9123 8960 8789 8665 8555 8480 8415 8362 8319 8266 8229 8205 8177 8153 8137 8125 8116 8104 8098 8089 8083 8081 8079 8075 8074 8073 8073 8072 8072 8070 8070 8069 8069 8069 8069 8069 8068 8068 8068 8068 8068 8068 8068 8068 8068 8068 8068 
99999 99999 99999 99999 99999 99999 99999 99999 99998 99996 99995 99995 99995 99995 99993 99992 99990 99988 99987 99985 99982 99977 99972 99965 99959 99944 99934 99926 99918 99906 99885 99872 99852 99826 99799 99763 99727 99670 99602 99537 99463 99381 99280 99159 99014 98833 98645 98430 98208 97922 97582 97226 96769 96237 95646 94936 94111 93202 92197 91015 89666 88097 86433 84514 82337 79947 77344 74483 71428 68218 64787 61207 57425 53621 49739 45953 42153 38433 34889 31632 28582 25903 23519 21232 19296 17631 16183 14935 13849 12943 12159 11504 10931 10526 10121 9800 9532 9276 9093 8946 8814 8693 8603 8523 8462 8409 8368 8326 8296 8274 8256 8244 8228 8214 8206 8201 8195 8191 8187 8184 8181 8175 8173 8171 8171 8171 8167 8166 8166 8166 8166 8166 8166 8166 8166 8166 8166 8166 8166 8166 
99999 99999 99999 99999 99999 
99999 99999 99999 99999 99999 99999 99999 99999 99998 99998 99998 99998 99997 99997 99997 99997 99997 99997 99996 99995 99993 99993 99988 99986 99985 99984 99984 99982 99980 99969 99965 99962 99956 99949 99938 99926 99912 99888 99866 99841 99814 99795 99758 99711 99660 99594 99516 99448 99346 99243 99098 98950 98796 98620 98388 98143 97836 97488 97083 96617 96072 95481 94817 94027 93134 92077 90862 89492 88060 86382 84465 82380 79908 77278 74268 71262 67989 64582 60932 57123 53291 49312 45447 41602 37842 34378 31150 28239 25524 23011 20833 19039 17337 15901 14620 13628 12707 11937 11235 10676 10242 9868 9566 9304 9085 8911 8754 8653 8534 8461 8404 8343 8283 8248 8208 8178 8158 8135 8115 8105 8095 8088 8078 8070 8069 8068 8062 8057 8056 8051 8050 8050 8048 8048 8048 8048 8048 8048 8047 8047 8047 8047 8047 8047 8047 8047 8047 8047 
99999 99999 99999 99999 99999 99999 99999 99999 99998 99996 99996 99996 99996 99996 99994 99993 99991 99985 99983 99983 99976 99970 99966 99962 99958 99950 99947 99936 99918 99910 99899 99878 99861 99835 99805 99773 99725 99682 99619 99563 99480 99406 99307 99211 99074 98940 98750 98547 98303 98017 97693 97320 96908 96404 95868 95182 94423 93577 92571 91467 90223 88830 87224 85431 83384 81061 78572 75896 72918 69646 66264 62648 58784 55100 51287 47432 43591 39837 36416 33117 30032 27240 24654 22428 20418 18630 17083 15743 14640 13633 12757 12046 11431 10922 10544 10174 9871 9613 9438 9273 9120 9012 8911 8822 8751 8698 8643 8613 8572 8547 8528 8502 8490 8476 8463 8455 8446 8442 8435 8429 8424 8423 8422 8419 8417 8414 8413 8413 8411 8410 8410 8410 8410 8409 8409 8409 8409 8409 8409 8408 8408 8408 8408 
99999 99999 99999 99999 99999 99999 99999 99999 99999 99998 99997 99997 99997 99997 99997 99997 99996 99991 99990 99989 99988 99985 99982 99979 99978 99974 99969 99957 99951 99937 99930 99922 99910 99895 99881 99863 99833 99802 99773 99745 99701 99660 99599 99542 99469 99371 99274 99158 99036 98904 98728 98505 98307 98058 97730 97352 96895 96440 95882 95242 94526 93661 92695 91587 90322 88887 87243 85381 83391 81139 78665 75998 73102 69904 66558 62937 59153 55368 51522 47691 43858 40176 36635 33216 30077 27272 24774 22445 20318 18577 17003 15645 14480 13498 12695 12052 11436 10991 10568 10247 9958 9705 9502 9327 9184 9076 8985 8905 8838 8782 8732 8691 8673 8642 8618 8601 8587 8576 8568 8561 8557 8553 8553 8552 8549 8544 8542 8542 8542 8541 8539 8539 8539 8539 8538 8536 8536 8536 8536 8535 8535 8535 8535 8535 8535 8535 8534 8534 8534 8534 8533 8533 8533 8533 8533 8533 8533 8533 8533 8533 8533 8533 8533 
99999 99999 99999 99999 99999 99999 99999 99999 99999 99999 99998 99998 99995 99995 99995 99995 99994 99994 99993 99990 99989 99989 99988 99988 99988 99984 99983 99981 99978 99976 99970 99967 99960 99953 99947 99938 99930 99923 99911 99889 99862 99841 99823 99803 99777 99732 99679 99631 99570 99501 99418 99336 99227 99113 98974 98812 98634 98422 98155 97850 97531 97103 96630 96126 95506 94844 94058 93186 92222 91088 89757 88252 86538 84663 82550 80201 77602 74803 71782 68585 65128 61516 57744 53791 49958 46075 42249 38572 35019 31782 28827 26122 23620 21458 19605 17922 16487 15223 14123 13233 12476 11835 11303 10797 10441 10118 9818 9599 9422 9271 9129 9031 8935 8859 8789 8729 8685 8648 8607 8589 8573 8559 8543 8527 8518 8507 8502 8497 8491 8488 8487 8487 8487 8484 8483 8483 8481 8481 8479 8479 8478 8478 8478 8478 8478 8478 8478 8478 8477 8477 8477 8477 8477 8477 8477 8477 8477 8477 8477 8477 8477 8477 
99999 99999 99999 99999 99998 99996 99996 99996 99996 99996 99996 99995 99994 99993 99986 99985 99982 99978 99968 99963 99954 99948 99938 99931 99923 99905 99887 99863 99837 99808 99790 99747 99713 99667 99624 99559 99484 99393 99309 99180 99034 98882 98711 98496 98236 97902 97582 97213 96755 96202 95582 94912 94139 93262 92192 91004 89714 88254 86601 84707 82678 80290 77713 74981 71994 68781 65330 61700 58039 54174 50235 46466 42606 38934 35569 32290 29324 26552 24042 21804 19733 18063 16592 15209 14124 13183 12330 11673 11102 10621 10238 9918 9627 9390 9165 9009 8890 8777 8711 8631 8562 8508 8464 8428 8403 8382 8358 8335 8325 8310 8306 8302 8293 8284 8280 8274 8272 8270 8269 8266 8265 8264 8263 8263 8263 8263 8262 8262 8262 8262 8262 8262 8262 8262 8262 
99999 99999 99999 99999 99999 99999 99998 99997 99996 99996 99996 99996 99996 99994 99994 99990 99987 99987 99984 99982 99981 99978 99976 99973 99966 99960 99952 99942 99940 99934 99924 99913 99895 99877 99855 99835 99797 99762 99728 99683 99616 99565 99503 99394 99293 99169 99005 98842 98664 98465 98210 97913 97572 97176 96723 96170 95574 94858 94098 93216 92192 91022 89720 88154 86565 84686 82607 80281 77694 74903 71957 68853 65327 61715 58026 54167 50165 46239 42393 38933 35525 32267 29272 26458 24042 21882 19938 18166 16682 15423 14359 13447 12630 11963 11399 10946 10516 10168 9895 9648 9432 9257 9103 9007 8898 8810 8747 8685 8625 8587 8561 8525 8497 8480 8464 8451 8438 8429 8420 8416 8410 8403 8398 8394 8391 8390 8389 8388 8384 8383 8380 8379 8378 8376 8376 8374 8373 8370 8370 8369 8367 8367 8367 8366 8365 8365 8365 8365 8364 8364 8364 8364 8364 8364 8364 8364 8364 8364 8364 8364 
99999 99999 99999 99999 99998 99998 99998 99996 99993 99992 99991 99991 99990 99990 99988 99985 99981 99979 99975 99974 99970 99969 99964 99961 99956 99946 99934 99927 99915 99901 99886 99870 99847 99819 99790 99754 99711 99668 99605 99551 99465 99380 99279 99172 99009 98842 98642 98402 98118 97845 97514 97095 96643 96121 95537 94786 93974 93039 92014 90663 89268 87693 85916 83883 81650 79240 76494 73674 70518 67149 63663 59919 56089 52283 48384 44593 40962 37380 34008 30838 27907 25277 22858 20757 18968 17393 15999 14749 13691 12796 12024 11425 10900 10493 10138 9823 9612 9405 9253 9102 8977 8879 8796 8726 8658 8604 8565 8530 8504 8481 8457 8439 8427 8420 8408 8396 8392 8388 8385 8380 8379 8374 8373 8373 8371 8369 8369 8369 8369 8369 8369 8368 8368 8367 8367 8367 8367 8367 8367 8367 8367 8367 8367 8367 8367 8367 8367 8367 
99999 99999 99999 99999 99999 99999 99999 99998 99996 99996 99993 99990 99989 99988 99985 99982 99980 99971 99962 99956 99951 99942 99931 99919 99911 99899 99871 99835 99811 99775 99745 99692 99634 99582 99495 99423 99324 99231 99132 99015 98856 98659 98458 98228 97970 97694 97305 96905 96416 95888 95236 94446 93612 92626 91507 90267 88866 87253 85490 83490 81245 78742 76089 73054 69983 66725 63138 59333 55589 51802 47844 44105 40449 36981 33598 30410 27538 24956 22658 20640 18795 17177 15758 14561 13567 12698 11994 11371 10853 10412 10044 9732 9488 9293 9112 8974 8846 8738 8646 8589 8522 8479 8435 8386 8366 8348 8327 8315 8302 8292 8285 8275 8273 8266 8264 8259 8253 8252 8249 8249 8249 8248 8248 8247 8247 8246 8245 8244 8244 8244 8244 8243 8243 8243 8243 8243 8243 8243 8243 8243 8243 8243 8243 8243 
99999 99999 99999 99999 99999 99998 99998 99998 99997 99996 99996 99996 99995 99995 99995 99994 99992 99992 99992 99990 99990 99987 99986 99985 99984 99984 99980 99979 99976 99975 99972 99966 99962 99956 99952 99943 99934 99922 99912 99897 99877 99863 99851 99823 99798 99757 99718 99683 99622 99559 99476 99373 99283 99153 98999 98834 98649 98431 98187 97867 97521 97130 96634 96057 95436 94749 93899 92921 91801 90506 89159 87676 85915 83894 81680 79262 76586 73542 70251 66913 63276 59614 55841 51959 48085 44177 40467 36860 33554 30496 27544 24913 22582 20469 18575 16948 15605 14481 13487 12657 11932 11347 10827 10397 10038 9772 9544 9363 9196 9050 8931 8828 8735 8683 8620 8576 8542 8507 8468 8441 8424 8411 8395 8380 8370 8360 8355 8355 8351 8346 8340 8338 8337 8337 8336 8335 8335 8334 8334 8334 8333 8333 8331 8331 8331 8331 8331 8331 8331 8331 8331 8331 8331 8331 
99999 99999 99999 99999 99999 99998 99997 99997 99996 99996 99995 99993 99993 99993 99991 99991 99987 99985 99985 99983 99978 99974 99970 99961 99957 99950 99945 99939 99924 99912 99899 99880 99866 99844 99814 99785 99752 99709 99648 99585 99528 99462 99396 99311 99210 99080 98898 98699 98488 98240 97970 97611 97216 96794 96275 95634 94950 94155 93264 92268 91090 89784 88281 86580 84608 82573 80308 77820 75056 71949 68717 65262 61647 57829 54029 50118 46240 42493 38759 35277 31994 28953 26132 23706 21503 19540 17850 16343 15120 14092 13168 12410 11728 11163 10713 10333 10005 9714 9480 9279 9108 8990 8872 8786 8705 8645 8594 8555 8515 8486 8460 8446 8431 8411 8395 8380 8366 8361 8354 8351 8346 8345 8343 8341 8341 8339 8338 8338 8337 8337 8337 8337 8337 8337 8337 8337 8337 8337 8337 
99999 99999 99999 99999 99999 99999 99999 99999 99999 
99999 99999 99999 99999 99998 99997 99997 99996 99996 99994 99989 99988 99984 99980 99971 99968 99966 99953 99946 99936 99924 99909 99890 99878 99851 99823 99789 99754 99716 99672 99610 99538 99479 99386 99274 99135 98974 98802 98617 98396 98112 97804 97436 96974 96445 95897 95251 94524 93637 92637 91575 90303 88844 87234 85461 83379 81036 78539 75825 72808 69695 66261 62641 58904 55090 51260 47358 43567 39908 36306 32896 29783 26957 24395 22172 20209 18449 16866 15565 14463 13496 12649 11926 11322 10799 10347 9984 9691 9435 9231 9064 8919 8774 8669 8587 8519 8462 8422 8386 8340 8318 8295 8276 8261 8249 8241 8233 8223 8216 8212 8206 8202 8201 8198 8196 8195 8194 8194 8194 8190 8189 8188 8188 8187 8187 8187 8187 8187 8186 8185 8185 8185 8185 8185 8185 8185 8185 8185 8185 8185 8185 8185 8185 
99999 99999 99999 99999 99999 99999 99999 99999 
99999 99999 99999 99999 99999 99999 99999 99999 99999 99999 
99999 99999 99999 99999 99999 99998 99997 99997 99997 99995 99995 99995 99995 99994 99994 99994 99993 99992 99990 99989 99988 99986 99986 99986 99983 99983 99980 99977 99972 99967 99961 99959 99956 99948 99943 99934 99924 99912 99897 99875 99858 99839 99814 99786 99759 99720 99675 99620 99560 99485 99399 99304 99196 99060 98896 98703 98481 98236 97955 97600 97202 96768 96283 95713 95021 94241 93348 92351 91171 89899 88467 86810 84877 82759 80474 78012 75332 72349 69088 65671 62015 58269 54493 50604 46659 42917 39307 35726 32386 29319 26377 23915 21691 19738 17990 16530 15176 14106 13206 12413 11748 11182 10706 10305 9956 9675 9438 9237 9077 8927 8803 8714 8639 8573 8520 8473 8432 8398 8367 8345 8328 8306 8288 8278 8269 8263 8261 8255 8252 8249 8247 8246 8241 8239 8239 8237 8235 8234 8234 8234 8234 8234 8234 8233 8233 8233 8233 8232 8232 8232 8232 8232 8232 8232 8232 8232 8232 
99999 99999 99999 99999 99999 99999 99998 99998 99997 99997 99996 99996 99995 99994 99993 99990 99986 99986 99984 99981 99979 99976 99975 99968 99965 99957 99943 99928 99916 99896 99882 99865 99846 99822 99785 99744 99707 99649 99592 99524 99455 99365 99267 99146 98982 98810 98616 98397 98150 97860 97518 97125 96678 96152 95533 94882 94057 93138 92075 90920 89542 88101 86573 84663 82572 80255 77707 74968 71904 68629 65249 61585 57827 54042 50201 46413 42561 38877 35337 32153 29129 26316 23845 21650 19721 17950 16467 15186 14075 13166 12355 11703 11140 10689 10319 9970 9685 9475 9260 9107 8958 8858 8759 8676 8599 8543 8499 8450 8414 8390 8375 8360 8342 8332 8321 8313 8306 8298 8289 8287 8284 8282 8281 8278 8278 8275 8274 8272 8272 8272 8271 8270 8270 8270 8269 8269 8269 8269 8269 8269 8269 8269 8269 8269 8269 8269 8269 
99999 99999 99998 99996 99996 99996 99996 99994 99993 99993 99991 99991 99990 99989 99989 99986 99985 99984 99982 99976 99970 99962 99956 99952 99948 99939 99933 99922 99907 99891 99877 99861 99839 99819 99780 99723 99685 99621 99555 99493 99414 99299 99181 99050 98892 98704 98493 98266 97956 97605 97208 96745 96250 95697 95015 94238 93328 92296 91081 89773 88356 86631 84708 82611 80282 77654 74861 71887 68777 65333 61742 57947 54157 50359 46521 42845 39222 35573 32360 29377 26623 24149 21919 19990 18227 16746 15428 14361 13412 12614 11951 11377 10888 10446 10111 9840 9604 9409 9240 9094 8958 8860 8771 8701 8636 8578 8528 8491 8464 8440 8425 8411 8387 8374 8366 8358 8348 8343 8338 8336 8334 8329 8329 8326 8323 8320 8319 8318 8318 8318 8318 8317 8317 8317 8317 8317 8317 8316 8316 8314 8314 8314 8314 8314 8314 8314 8314 8314 
