1 1 1 1 1 2 2 2 2 2 2 2 2 2 2 4 5 7 8 10 10 10 13 17 25 31 33 35 42 45 56 68 73 89 102 120 131 150 180 206 242 283 339 393 464 546 630 742 860 1010 1171 1350 1567 1780 2058 2403 2791 3231 3721 4264 4941 5685 6533 7516 8693 9989 11514 13229 15089 17182 19480 22019 24942 28064 31327 34770 38440 42052 46029 49926 53737 57491 61207 64691 68006 71113 73876 76307 78499 80463 82184 83713 84967 86005 86934 87722 88402 88952 89407 89796 90109 90379 90629 90834 90984 91128 91253 91340 91423 91488 91539 91583 91621 91635 91662 91690 91710 91734 91746 91751 91755 91765 91767 91773 91780 91786 91790 91792 91795 91798 91799 91799 91803 91804 91807 91807 91808 91809 91810 91810 91811 91812 91813 91814 91814 91814 91815 91815 91815 91815 91815 91815 91815 91815 91815 91815 91815 91815 91815 91815 91815 91815 91815 91815 91815 91815 
1 1 1 1 1 1 1 1 2 5 5 5 5 6 9 15 20 21 23 27 37 43 55 59 70 89 102 121 139 164 204 233 273 325 373 421 494 559 646 731 860 1015 1193 1346 1556 1793 2085 2443 2831 3299 3845 4445 5119 5948 6821 7858 9109 10500 12091 13844 15741 17901 20308 23005 25896 29061 32443 35921 39623 43369 47338 51293 55237 59088 62575 65930 69092 71992 74697 77116 79185 81021 82639 84062 85298 86346 87226 87954 88611 89122 89549 89914 90195 90454 90677 90874 91018 91150 91255 91329 91403 91467 91513 91553 91579 91611 91643 91662 91681 91695 91712 91723 91732 91743 91746 91750 91754 91756 91760 91762 91763 91765 91768 91769 91769 91771 91771 91771 91771 91771 91772 91772 91772 91772 91773 91773 91773 91773 91773 91773 91773 91773 91773 91773 91773 91773 
1 1 1 1 
1 1 1 1 1 2 2 2 3 4 5 6 6 7 8 8 10 11 11 12 13 15 17 23 24 26 28 35 40 53 61 69 77 96 117 138 165 204 238 286 330 379 449 532 618 720 836 971 1146 1339 1555 1801 2097 2463 2852 3310 3863 4510 5209 6036 6930 7960 9096 10415 11894 13621 15581 17743 20028 22619 25469 28605 31982 35416 39045 42922 46951 50803 54671 58399 62012 65543 68814 71696 74382 76932 79016 80864 82540 83950 85172 86181 87068 87821 88482 89054 89537 89898 90231 90488 90686 90872 91024 91151 91263 91351 91427 91494 91542 91587 91638 91667 91689 91703 91724 91737 91746 91754 91760 91763 91767 91774 91779 91781 91785 91787 91790 91791 91791 91793 91795 91795 91795 91796 91796 91796 91796 91797 91797 91797 91797 91797 91797 91797 91797 91797 91797 91797 91797 91797 91797 
1 1 1 4 4 5 8 8 11 13 15 18 19 21 24 28 30 36 39 44 49 53 73 87 104 112 131 158 179 218 255 299 345 393 455 512 591 676 780 900 1063 1219 1392 1607 1861 2155 2524 2897 3362 3898 4509 5237 6052 6959 7976 9170 10572 12112 13840 15783 17895 20269 22885 25817 28901 32281 35774 39592 43414 47383 51228 55050 58849 62587 66010 69151 72124 74805 77208 79286 81127 82707 84152 85347 86324 87174 87935 88551 89070 89521 89870 90169 90410 90595 90762 90909 91045 91145 91250 91315 91376 91413 91452 91478 91510 91523 91544 91557 91572 91591 91599 91609 91617 91625 91629 91631 91636 91640 91643 91646 91649 91649 91652 91653 91653 91654 91654 91656 91656 91657 91657 91657 91658 91658 91658 91658 91658 91658 91658 91658 91658 
1 1 1 1 3 3 3 3 4 4 7 8 8 9 12 16 19 22 29 33 39 48 60 71 85 102 124 151 179 212 243 281 342 396 463 541 644 755 885 1017 1187 1382 1616 1871 2190 2546 2947 3422 3958 4589 5311 6081 7019 8113 9327 10747 12323 14109 16101 18320 20688 23389 26241 29456 32739 36305 39935 43617 47486 51473 55344 59117 62664 66109 69258 72182 74756 77109 79252 81138 82777 84161 85355 86440 87358 88106 88731 89249 89660 90018 90325 90563 90768 90943 91088 91196 91301 91391 91456 91513 91554 91600 91637 91673 91691 91718 91727 91739 91751 91762 91770 91778 91783 91785 91791 91794 91797 91799 91799 91800 91801 91801 91802 91804 91804 91804 91804 91805 91805 91805 91805 91805 91805 91805 91805 91805 91805 91805 91805 
1 1 1 1 1 1 1 1 1 1 
1 1 1 1 1 1 1 1 2 2 2 2 2 2 2 2 
1 1 1 1 2 2 3 3 3 6 8 12 12 14 18 20 22 23 32 40 48 52 68 76 98 117 134 161 195 229 269 320 361 413 486 576 669 781 899 1037 1224 1432 1658 1941 2229 2567 2977 3444 3985 4625 5336 6147 7022 8094 9319 10686 12355 14143 16082 18284 20686 23339 26290 29441 32830 36426 40198 44038 47924 51840 55697 59395 63058 66498 69624 72479 75176 77558 79665 81481 83198 84513 85628 86598 87453 88151 88733 89220 89640 90018 90324 90579 90797 90973 91111 91227 91321 91393 91464 91520 91565 91604 91636 91669 91691 91710 91728 91745 91760 91767 91771 91773 91775 91778 91781 91786 91791 91794 91794 91794 91794 91796 91798 91799 91799 91801 91801 91801 91801 91801 91801 91801 91801 91801 91801 91801 91801 91801 
1 1 1 2 2 3 4 5 6 6 6 7 8 10 11 14 16 19 22 24 26 31 40 46 51 55 66 77 95 108 131 158 188 210 244 284 344 403 459 538 647 762 882 1045 1206 1406 1636 1923 2248 2631 3080 3532 4045 4696 5491 6341 7431 8597 9917 11352 13075 14915 16922 19295 21837 24618 27599 30762 34242 37815 41525 45417 49288 53231 56936 60554 64085 67342 70319 73149 75676 77962 79955 81671 83193 84473 85574 86563 87355 88054 88642 89163 89532 89868 90155 90398 90597 90751 90894 91018 91110 91199 91266 91314 91362 91397 91428 91459 91484 91510 91530 91540 91552 91561 91573 91577 91584 91590 91593 91598 91604 91605 91605 91605 91605 91605 91605 91605 91605 91605 91606 91606 91606 91606 91606 91606 91606 91607 91607 91607 91607 91607 91607 91607 91607 91607 91607 91607 
1 1 2 3 4 4 4 4 5 5 6 6 7 9 9 9 10 10 10 11 13 13 14 14 17 17 20 24 25 27 35 40 47 55 57 65 83 95 110 131 153 180 201 229 267 309 355 418 477 552 652 777 901 1040 1236 1440 1672 1948 2269 2629 3098 3606 4157 4840 5570 6380 7397 8500 9766 11218 12904 14713 16797 19001 21519 24280 27240 30403 33751 37348 41118 44927 49115 52945 56688 60332 63938 67241 70408 73213 75760 78010 80032 81749 83291 84601 85731 86647 87426 88117 88745 89231 89625 89952 90260 90507 90707 90855 90999 91127 91211 91286 91350 91390 91439 91486 91518 91546 91567 91586 91596 91607 91616 91622 91631 91641 91645 91647 91653 91657 91658 91660 91662 91662 91663 91664 91665 91665 91665 91665 91665 91665 91665 91666 91666 91666 91666 91666 91666 91666 91666 91666 91666 91666 91666 
1 1 1 1 1 2 3 5 6 6 6 6 6 6 7 7 8 10 11 13 14 19 19 20 25 29 35 43 50 54 66 75 88 105 118 134 154 178 196 226 265 315 378 434 512 597 697 810 940 1086 1246 1451 1690 1945 2307 2690 3134 3620 4179 4855 5598 6450 7446 8584 9920 11374 12995 14856 16872 19083 21541 24313 27301 30632 34065 37634 41454 45154 48912 52760 56632 60378 63918 67228 70274 73123 75579 77769 79793 81573 83102 84405 85560 86531 87332 88034 88636 89097 89559 89891 90159 90377 90576 90748 90874 90990 91082 91160 91234 91294 91351 91379 91406 91433 91451 91467 91479 91494 91502 91512 91523 91525 91528 91534 91535 91537 91540 91541 91544 91544 91545 91547 91548 91549 91549 91549 91550 91550 91550 91550 91550 91550 91550 91550 91550 91550 91550 91550 91550 
1 1 1 1 1 2 2 2 2 2 3 6 6 6 7 7 10 11 12 13 15 16 17 17 21 24 24 29 33 35 37 41 50 53 62 66 71 84 105 116 136 162 195 226 268 306 353 419 482 544 631 712 839 982 1132 1311 1513 1747 2007 2342 2720 3186 3717 4305 4981 5796 6689 7762 8988 10463 12050 13758 15726 17983 20387 23081 26146 29282 32609 36187 39886 43693 47577 51522 55488 59307 62855 66173 69386 72336 74986 77352 79396 81272 82904 84369 85618 86586 87376 88079 88738 89204 89605 89982 90279 90529 90721 90891 91030 91154 91252 91326 91399 91453 91500 91543 91574 91610 91635 91653 91668 91676 91686 91698 91707 91712 91718 91724 91727 91729 91732 91733 91735 91735 91736 91737 91738 91738 91738 91738 91739 91739 91739 91739 91739 91740 91740 91740 91740 91740 91740 
1 1 1 1 1 1 1 1 1 1 1 1 1 2 2 2 2 2 2 2 3 3 3 3 4 5 8 10 11 11 13 16 19 21 26 28 30 33 43 48 56 65 82 95 110 125 148 175 209 246 283 344 405 467 547 639 755 865 990 1159 1335 1556 1787 2061 2397 2772 3206 3727 4274 4939 5722 6606 7627 8758 10018 11481 13138 15052 17137 19435 21979 24810 27831 31064 34435 38141 42042 45984 50064 53885 57717 61390 64857 68204 71148 73963 76426 78661 80607 82276 83851 85107 86199 87059 87815 88488 89035 89537 89926 90255 90523 90733 90897 91046 91151 91256 91346 91428 91489 91531 91577 91609 91638 91661 91685 91701 91711 91727 91734 91737 91743 91748 91752 91760 91763 91766 91768 91768 91768 91770 91772 91774 91775 91775 91776 91776 91776 91777 91777 91778 91778 91778 91778 91778 91778 91778 91778 91778 91778 
1 1 1 1 3 4 4 4 4 5 6 8 10 12 15 18 20 21 22 29 33 37 47 56 59 67 77 90 104 119 141 161 182 209 232 271 320 383 450 515 605 700 808 936 1071 1236 1447 1669 1941 2255 2585 3017 3508 4093 4744 5520 6397 7349 8497 9789 11246 12849 14664 16701 19053 21614 24315 27372 30601 33953 37570 41352 45262 49151 53033 56944 60618 64094 67468 70582 73309 75931 78098 80076 81849 83296 84560 85643 86565 87397 88048 88648 89212 89628 89928 90225 90458 90690 90850 90983 91099 91196 91285 91365 91437 91484 91515 91561 91592 91621 91647 91660 91680 91692 91697 91707 91714 91718 91723 91725 91727 91731 91732 91736 91738 91742 91744 91745 91745 91745 91745 91745 91745 91745 91745 91745 91745 91745 91745 91745 
1 1 1 1 1 2 2 3 3 4 4 9 9 10 10 11 15 19 26 33 38 44 54 62 68 81 98 118 132 150 172 208 252 296 347 409 477 550 638 739 863 995 1184 1364 1596 1867 2164 2476 2872 3357 3887 4516 5210 6023 7001 8051 9281 10741 12350 14083 16041 18250 20653 23357 26306 29405 32733 36336 40023 43806 47750 51684 55521 59358 62887 66328 69529 72362 75001 77492 79519 81332 82954 84295 85505 86494 87333 88029 88630 89164 89556 89947 90262 90488 90706 90882 91014 91116 91219 91306 91376 91436 91484 91522 91555 91578 91604 91634 91657 91676 91682 91687 91693 91699 91705 91707 91708 91712 91712 91715 91716 91719 91720 91721 91723 91723 91724 91725 91725 91725 91725 91725 91725 91725 91725 91725 91725 91725 91725 
1 1 2 2 3 3 5 7 7 8 11 14 18 20 22 23 24 33 38 44 52 60 71 84 99 117 133 162 192 224 260 316 361 410 475 557 645 764 887 1013 1156 1314 1564 1817 2096 2424 2806 3254 3781 4369 5068 5860 6740 7790 9009 10348 11918 13628 15673 17946 20395 22963 25913 29083 32450 36076 39846 43654 47585 51518 55439 59211 62904 66266 69379 72312 74987 77345 79474 81345 82957 84355 85538 86559 87436 88156 88745 89255 89675 90035 90342 90594 90814 90983 91142 91262 91362 91446 91514 91564 91616 91656 91685 91717 91738 91751 91760 91776 91782 91792 91800 91803 91807 91808 91810 91810 91815 91819 91820 91820 91821 91822 91824 91824 91825 91825 91825 91826 91826 91826 91827 91827 91827 91827 91827 91828 91828 91828 91828 91828 91828 91828 91828 91828 91828 91828 91828 
1 1 1 1 1 1 1 1 1 1 1 2 2 2 2 2 2 2 2 3 3 3 3 3 4 6 7 8 9 10 10 11 14 16 18 22 25 31 36 46 56 66 75 81 96 112 129 150 173 196 238 274 303 350 398 471 550 643 760 885 1015 1183 1364 1579 1820 2105 2453 2827 3313 3856 4510 5202 6002 6932 7994 9237 10576 12123 13880 15868 18133 20542 23223 26106 29195 32483 36043 39722 43542 47391 51214 55131 58902 62535 66000 69216 72172 74894 77281 79372 81269 82861 84261 85525 86564 87419 88170 88785 89278 89697 90063 90370 90640 90839 91006 91162 91272 91380 91459 91531 91608 91652 91683 91715 91735 91760 91781 91793 91809 91818 91823 91830 91838 91840 91846 91849 91850 91855 91859 91861 91862 91862 91863 91865 91865 91865 91865 91865 91866 91866 91866 91866 91866 91866 91866 91866 91866 91866 91866 91866 91866 
1 1 1 3 4 4 5 7 8 8 9 11 12 12 15 16 20 22 25 26 28 35 46 51 60 67 85 100 115 135 153 181 212 240 276 307 363 415 494 580 661 785 924 1069 1232 1451 1709 1996 2313 2731 3216 3743 4336 5053 5799 6663 7703 8995 10358 11907 13603 15571 17807 20327 22932 25729 28813 32229 35660 39341 43160 47097 50965 54789 58634 62240 65761 69001 71989 74607 77023 79222 81044 82714 84088 85304 86352 87180 87913 88531 89009 89467 89846 90172 90420 90634 90799 90949 91068 91193 91279 91345 91409 91454 91488 91537 91565 91585 91597 91614 91620 91634 91640 91650 91656 91658 91663 91669 91672 91676 91678 91679 91680 91683 91684 91685 91686 91686 91686 91686 91686 91687 91687 91688 91688 91688 91688 91688 91688 91689 91689 91689 91689 91689 91689 91689 91689 91689 91689 
1 1 1 1 1 
1 1 1 2 2 3 4 4 4 5 5 7 8 9 10 11 13 19 21 24 28 34 40 45 54 61 71 95 113 131 148 174 193 228 270 315 361 436 512 600 689 800 918 1086 1260 1463 1717 1964 2278 2624 3053 3569 4132 4776 5500 6395 7361 8451 9735 11152 12786 14640 16690 18938 21404 24135 27072 30222 33750 37343 41101 44941 48865 52754 56595 60380 64013 67337 70505 73327 75929 78149 80183 81958 83534 84846 85998 87029 87845 88476 88995 89487 89877 90208 90483 90703 90898 91047 91174 91286 91362 91436 91494 91536 91575 91611 91638 91657 91675 91690 91704 91711 91724 91731 91737 91740 91742 91749 91753 91758 91761 91763 91763 91765 91768 91768 91769 91771 91771 91771 91771 91771 91771 91771 91772 91773 91773 91773 91773 91773 91773 91773 91774 91774 91774 91774 91774 91774 91774 91774 91774 91775 91775 91775 91775 91775 91775 91775 91775 91775 
1 1 1 1 1 1 1 2 2 4 5 7 9 9 10 11 16 19 22 27 27 30 36 44 53 62 72 83 98 119 139 163 196 216 252 311 357 420 480 561 650 763 896 1037 1207 1392 1629 1909 2237 2584 3002 3481 4060 4705 5492 6338 7298 8359 9655 11059 12707 14543 16601 18937 21382 24094 27103 30285 33670 37254 40997 44882 48775 52644 56424 60148 63635 67001 70114 73010 75523 77756 79894 81682 83237 84549 85671 86607 87406 88087 88632 89134 89559 89927 90197 90444 90641 90799 90941 91026 91110 91202 91270 91338 91371 91403 91432 91467 91498 91516 91534 91546 91559 91564 91571 91579 91581 91583 91586 91589 91592 91594 91599 91599 91599 91599 91599 91602 91604 91605 91605 91606 91607 91607 91607 91608 91609 91609 91610 91610 91610 91610 91610 91610 91610 91611 91611 91611 91611 91611 91611 91611 91611 91611 91611 91611 91611 91611 91612 91612 91612 91612 91612 91612 91612 
1 1 1 1 1 1 2 3 3 3 3 3 3 3 3 4 5 6 9 13 14 18 19 21 22 27 32 36 43 53 65 76 86 95 117 136 159 179 207 248 280 316 364 429 503 590 657 751 869 989 1153 1319 1522 1758 2030 2346 2754 3175 3700 4307 5028 5805 6758 7815 9062 10420 11941 13743 15794 17946 20422 23111 26047 29091 32505 36112 39856 43605 47509 51450 55367 59230 62857 66396 69457 72302 74984 77307 79490 81368 82948 84351 85575 86501 87375 88137 88805 89347 89756 90125 90407 90665 90881 91048 91169 91290 91393 91468 91535 91596 91652 91697 91728 91754 91772 91793 91810 91826 91834 91839 91850 91854 91857 91860 91861 91867 91869 91869 91870 91874 91874 91877 91877 91878 91879 91879 91879 91879 91879 91880 91880 91880 91880 91880 91880 91881 91881 91881 91881 91881 91881 91881 91881 
1 1 1 1 1 1 1 1 1 2 3 3 3 3 4 5 6 6 8 11 11 13 15 21 25 29 33 44 48 54 64 73 78 96 120 139 158 181 211 247 291 350 409 462 534 614 714 828 966 1106 1300 1492 1711 1985 2306 2662 3110 3606 4157 4802 5553 6403 7429 8588 9863 11300 12905 14730 16704 19017 21527 24288 27252 30489 34013 37627 41327 45274 49207 53019 56861 60680 64236 67561 70615 73382 75917 78203 80228 81941 83446 84771 85921 86904 87754 88477 89010 89471 89893 90220 90490 90724 90906 91064 91202 91323 91414 91493 91548 91600 91643 91671 91707 91735 91756 91772 91785 91796 91812 91823 91831 91840 91843 91849 91855 91859 91860 91863 91865 91865 91867 91867 91870 91870 91871 91871 91872 91873 91873 91873 91873 91874 91875 91875 91875 91875 91875 91875 91875 91875 91875 
1 1 1 1 1 1 1 1 
1 1 1 1 1 1 1 1 1 1 
1 1 1 2 3 3 3 5 5 5 5 5 6 7 7 9 10 12 14 17 19 23 28 32 36 38 41 51 60 72 88 100 117 138 167 191 224 262 309 360 451 533 611 698 814 949 1097 1300 1487 1714 2013 2324 2703 3132 3638 4201 4872 5684 6586 7625 8803 10138 11675 13348 15215 17232 19568 22256 25108 28239 31567 34998 38618 42420 46375 50412 54205 57965 61690 65110 68277 71254 73960 76467 78627 80527 82234 83771 85007 86046 86985 87733 88357 88943 89404 89809 90117 90389 90633 90803 90959 91094 91202 91301 91375 91452 91511 91547 91580 91603 91622 91642 91665 91672 91685 91691 91700 91703 91708 91712 91720 91725 91725 91727 91729 91729 91730 91730 91730 91732 91735 91736 91737 91738 91739 91739 91739 91739 91739 91739 91739 91739 91739 91739 91739 91739 91739 91739 
1 1 1 1 1 1 1 2 3 3 3 3 3 5 5 5 6 9 11 13 14 18 22 29 33 38 43 58 70 79 96 118 138 162 184 208 236 271 320 382 441 501 576 674 779 892 1035 1207 1399 1598 1883 2171 2518 2916 3347 3849 4424 5108 5896 6777 7841 9043 10428 11942 13635 15568 17729 20116 22722 25533 28715 31993 35415 39130 42839 46699 50599 54447 58208 61811 65206 68468 71455 74122 76547 78720 80626 82301 83743 84934 86053 87001 87800 88492 89039 89506 89897 90232 90499 90719 90923 91076 91210 91319 91414 91477 91535 91590 91640 91677 91708 91729 91746 91761 91776 91785 91787 91801 91805 91812 91820 91822 91823 91824 91825 91828 91828 91828 91830 91831 91831 91831 91831 91831 91831 91831 91831 91831 91831 91831 91831 91831 
1 1 1 1 1 1 1 1 1 2 4 6 9 10 11 14 15 17 17 30 33 40 42 50 65 70 81 97 115 138 160 182 215 252 299 358 404 485 573 662 752 881 1038 1203 1404 1642 1901 2208 2612 3047 3529 4126 4792 5579 6444 7401 8516 9797 11262 12872 14706 16744 19151 21663 24410 27453 30665 34080 37620 41345 45204 49193 53042 56794 60401 63867 67229 70360 73193 75680 77896 79867 81655 83171 84562 85684 86613 87427 88048 88679 89197 89630 89982 90278 90517 90708 90886 91010 91121 91208 91287 91345 91402 91449 91491 91526 91550 91574 91594 91600 91613 91620 91627 91632 91637 91643 91646 91650 91652 91653 91655 91657 91658 91658 91659 91660 91660 91661 91662 91663 91663 91663 91663 91665 91665 91665 91665 91665 91665 91665 91666 91666 91666 91666 91666 91666 91666 91666 91666 91666 
1 1 1 2 2 2 3 4 4 4 5 8 9 10 10 13 23 27 29 33 40 45 52 67 80 102 115 135 160 186 227 278 324 380 439 506 588 689 807 949 1104 1279 1509 1782 2089 2392 2770 3251 3785 4438 5173 5994 6942 8039 9214 10591 12175 13961 15930 18169 20648 23307 26194 29453 32856 36426 40141 43892 47817 51739 55601 59265 62769 66242 69457 72365 74985 77300 79404 81203 82798 84141 85417 86415 87274 87972 88582 89116 89562 89930 90209 90453 90645 90803 90965 91083 91188 91260 91338 91386 91435 91476 91510 91535 91562 91585 91605 91619 91633 91640 91646 91650 91654 91657 91662 91668 91671 91674 91676 91676 91677 91678 91679 91680 91680 91681 91681 91681 91681 91681 91681 91681 91681 91681 91681 91681 
1 1 1 1 1 1 1 1 1 1 1 2 2 2 2 2 2 2 2 3 5 6 6 6 8 9 14 17 19 24 27 32 38 40 50 54 62 70 83 99 118 126 150 170 192 235 269 311 353 417 477 540 638 733 847 983 1127 1330 1530 1807 2050 2371 2789 3268 3806 4423 5093 5879 6812 7827 8974 10395 11892 13677 15520 17651 20065 22703 25412 28458 31628 35036 38673 42507 46446 50270 54154 57956 61690 65255 68562 71484 74181 76690 78840 80668 82313 83789 85067 86141 87026 87832 88481 89009 89474 89846 90180 90434 90696 90897 91055 91166 91268 91356 91438 91495 91547 91583 91620 91647 91669 91686 91702 91717 91726 91732 91741 91748 91751 91754 91759 91761 91762 91766 91767 91768 91768 91771 91771 91771 91772 91772 91772 91772 91772 91772 91772 91772 91772 91772 
1 1 1 1 1 1 1 1 1 3 4 6 6 8 11 14 16 17 22 27 30 37 44 51 63 77 92 112 140 166 192 218 263 314 361 431 494 573 661 782 903 1046 1230 1446 1679 1956 2271 2656 3050 3520 4076 4727 5478 6387 7311 8453 9738 11124 12704 14521 16499 18735 21136 23872 26788 30049 33540 37105 40699 44488 48305 52159 56012 59727 63396 66727 69788 72630 75188 77571 79620 81342 82994 84304 85413 86376 87224 87946 88521 89030 89425 89785 90065 90325 90540 90688 90820 90948 91026 91107 91168 91218 91269 91308 91345 91364 91379 91406 91420 91433 91443 91454 91461 91469 91472 91475 91476 91477 91479 91480 91480 91481 91481 91482 91483 91483 91483 91484 91484 91484 91484 91484 91484 91484 91484 
1 1 1 2 2 2 4 4 6 6 7 9 10 10 11 14 18 24 30 34 36 39 46 51 61 70 87 105 122 140 162 189 230 258 295 344 400 456 530 624 728 845 997 1177 1360 1593 1882 2185 2539 2917 3399 3941 4612 5322 6120 7051 8117 9391 10752 12341 14191 16132 18293 20809 23430 26339 29546 32965 36561 40185 44078 47972 51857 55677 59512 63149 66574 69679 72472 75223 77585 79635 81418 83016 84330 85502 86478 87355 88093 88673 89201 89589 89960 90215 90462 90672 90852 91002 91124 91229 91333 91413 91470 91512 91541 91583 91609 91630 91653 91670 91683 91696 91711 91720 91725 91733 91736 91739 91742 91744 91745 91747 91748 91750 91752 91754 91755 91755 91756 91756 91757 91758 91758 91758 91758 91758 91759 91759 91759 91759 91759 91759 91759 91759 91759 91759 91759 91759 
1 1 1 1 1 1 2 2 2 2 2 2 2 2 2 2 2 2 2 2 3 3 3 3 3 3 
1 2 2 4 4 6 7 11 12 18 20 22 24 28 38 45 56 67 83 102 118 141 166 190 228 261 302 347 414 467 535 638 732 848 1002 1156 1331 1555 1804 2092 2439 2834 3288 3814 4441 5209 6036 6989 8029 9253 10587 12139 13997 15888 18091 20525 23142 26013 29066 32389 35938 39748 43491 47460 51359 55140 58819 62500 66014 69217 72054 74704 77100 79231 81055 82682 84034 85243 86257 87172 87944 88572 89096 89542 89922 90224 90467 90697 90892 91066 91194 91272 91366 91442 91501 91557 91586 91618 91635 91665 91685 91694 91705 91717 91724 91729 91733 91737 91738 91739 91743 91748 91751 91751 91751 91751 91754 91754 91755 91756 91756 91756 91756 91756 91756 91756 91756 91756 91756 91756 91756 91757 91757 91757 91757 91757 91758 91758 91758 91758 91758 91758 91758 
1 1 1 1 1 
1 1 1 1 1 2 2 2 2 2 2 3 4 4 4 5 6 6 7 7 7 9 10 10 11 11 14 19 20 21 22 26 30 34 42 46 54 63 77 95 109 125 140 175 208 246 291 335 396 458 538 622 756 878 1018 1180 1364 1605 1852 2143 2441 2831 3282 3842 4458 5110 5894 6783 7814 9072 10460 12003 13730 15651 17773 20118 22709 25574 28641 31864 35382 39098 42828 46680 50502 54394 58229 61991 65542 68828 71832 74488 76951 79077 80959 82561 84008 85274 86280 87098 87818 88460 88997 89425 89806 90150 90382 90616 90793 90938 91081 91197 91283 91364 91422 91465 91506 91532 91565 91585 91603 91621 91640 91649 91657 91659 91667 91673 91678 91688 91689 91690 91693 91694 91696 91697 91697 91700 91701 91701 91701 91701 91701 91701 91701 91702 91702 91702 91702 
1 1 1 1 1 1 3 3 3 4 6 7 7 7 9 10 13 17 20 24 29 39 48 52 64 77 87 102 115 135 152 182 215 250 289 338 382 443 523 628 725 847 976 1124 1301 1498 1738 2022 2364 2726 3175 3676 4239 4921 5742 6649 7691 8852 10163 11676 13403 15432 17515 19953 22614 25469 28584 31863 35394 38992 42736 46589 50484 54397 58220 61880 65316 68603 71507 74193 76633 78805 80741 82448 83868 85065 86098 87028 87786 88381 88902 89303 89705 90004 90294 90538 90732 90898 91023 91140 91233 91316 91374 91440 91483 91528 91553 91583 91603 91625 91637 91653 91663 91674 91682 91689 91694 91699 91709 91713 91720 91723 91727 91729 91730 91731 91731 91731 91732 91734 91735 91737 91737 91737 91737 91737 91737 91737 91737 91737 91737 91737 91737 91737 
1 1 1 1 2 2 2 2 3 4 5 5 8 9 11 12 14 16 20 31 41 46 51 69 77 88 99 127 147 169 192 218 254 297 366 415 483 577 652 756 895 1049 1207 1406 1650 1920 2215 2567 2957 3450 4025 4644 5379 6191 7138 8142 9301 10729 12321 14085 16003 18173 20640 23325 26156 29291 32585 36150 39825 43717 47627 51384 55244 59122 62715 66125 69359 72264 74838 77187 79218 81047 82678 84090 85317 86414 87316 88052 88674 89195 89656 90030 90322 90572 90795 90995 91146 91261 91371 91475 91545 91600 91657 91694 91722 91754 91782 91802 91821 91837 91849 91858 91866 91872 91881 91885 91892 91895 91898 91900 91902 91903 91904 91904 91904 91904 91905 91906 91906 91906 91906 91907 91907 91907 91907 91907 91908 91908 91908 91908 91909 91909 91909 91909 91909 91909 91909 91909 91909 91909 91909 
1 1 1 1 1 1 1 2 2 2 2 2 2 2 3 3 3 3 4 5 5 5 5 5 5 7 7 7 7 11 13 14 15 20 22 25 28 32 36 38 44 51 56 69 80 97 114 140 170 193 217 250 306 343 412 486 571 650 763 886 1004 1155 1361 1589 1852 2140 2487 2913 3355 3908 4514 5237 6026 6955 8008 9237 10597 12244 13978 15916 18094 20614 23277 26126 29271 32637 36115 39725 43393 47255 51184 54992 58751 62367 65841 68959 71878 74506 76926 79014 80905 82494 83888 85116 86163 87009 87789 88413 88962 89393 89776 90075 90344 90585 90776 90928 91053 91148 91233 91309 91377 91437 91479 91507 91536 91558 91580 91591 91611 91629 91638 91645 91650 91660 91663 91671 91673 91675 91680 91683 91685 91688 91691 91692 91692 91693 91694 91697 91697 91699 91699 91699 91699 91699 91699 91699 91700 91700 91700 91700 91700 91700 91700 91700 91700 91700 
1 1 1 1 1 1 1 1 2 3 3 3 3 3 3 4 6 7 8 10 11 14 14 17 18 23 26 27 30 33 35 41 50 62 77 92 115 129 144 168 196 246 278 325 395 448 525 612 729 845 978 1168 1361 1543 1802 2114 2458 2825 3283 3770 4334 5019 5831 6763 7843 9041 10398 11947 13601 15467 17653 20083 22655 25452 28675 31952 35458 39258 43049 46935 50816 54678 58370 62037 65537 68764 71664 74311 76668 78791 80684 82369 83803 85077 86191 87101 87866 88495 89035 89500 89875 90185 90414 90623 90814 90972 91120 91231 91309 91382 91442 91493 91534 91567 91600 91627 91655 91677 91696 91713 91719 91729 91739 91746 91751 91756 91757 91759 91765 91769 91770 91773 91774 91776 91778 91779 91780 91780 91780 91780 91781 91783 91783 91783 91783 91784 91784 91784 91784 91784 91784 91784 91784 
1 1 1 1 1 1 1 1 1 1 1 
1 1 1 1 1 2 3 3 3 4 4 5 7 9 11 14 16 17 18 22 24 29 37 42 51 67 86 100 120 134 153 177 214 252 286 338 392 447 508 590 692 805 967 1108 1279 1482 1728 1981 2299 2641 3060 3525 4082 4753 5536 6389 7337 8425 9710 11120 12839 14683 16662 18846 21368 24148 27045 30178 33580 37244 40970 44689 48599 52491 56222 59996 63617 66998 70086 72870 75451 77803 79837 81630 83232 84558 85730 86697 87472 88146 88733 89223 89656 89999 90329 90576 90788 90959 91087 91218 91339 91417 91485 91545 91593 91630 91665 91692 91713 91736 91756 91770 91781 91790 91804 91812 91822 91826 91830 91831 91832 91834 91836 91837 91837 91839 91840 91840 91840 91840 91840 91840 91840 91840 91840 91840 91840 91840 91840 
1 1 1 1 1 1 1 2 3 3 3 3 3 3 3 3 3 4 5 7 7 8 12 12 18 19 20 21 27 33 40 43 52 63 69 89 110 123 145 182 211 235 272 324 385 448 516 620 718 830 939 1117 1293 1515 1779 2046 2378 2766 3190 3691 4306 5007 5803 6728 7752 8930 10318 11811 13594 15540 17706 20119 22748 25673 28738 32155 35739 39494 43269 47232 51069 54858 58678 62359 65708 68888 71828 74564 77016 79122 80967 82516 83909 85087 86169 87040 87768 88444 88991 89440 89835 90139 90405 90643 90824 90992 91123 91229 91324 91410 91476 91537 91583 91607 91645 91673 91694 91717 91738 91749 91762 91774 91789 91793 91798 91800 91805 91812 91814 91818 91819 91820 91822 91824 91828 91828 91829 91830 91831 91831 91832 91832 91832 91832 91832 91832 91833 91833 91833 91833 91833 91833 91833 91833 91833 91833 91833 91833 
1 1 1 1 1 1 1 2 3 3 4 7 8 11 11 14 16 18 20 22 28 31 36 53 58 70 78 84 98 106 123 145 164 195 228 260 298 351 404 472 546 633 722 826 979 1111 1272 1499 1747 2017 2326 2677 3111 3608 4191 4848 5595 6511 7512 8604 9883 11377 13077 14937 16944 19292 21806 24722 27783 31145 34600 38234 42035 46042 50001 53879 57836 61518 65003 68272 71263 74085 76540 78761 80684 82432 83851 85103 86161 87087 87861 88509 89078 89499 89869 90174 90449 90683 90844 91009 91142 91262 91351 91450 91500 91554 91598 91628 91663 91692 91718 91732 91748 91762 91773 91784 91791 91797 91805 91808 91810 91817 91821 91825 91825 91827 91828 91829 91830 91830 91830 91830 91831 91832 91833 91833 91833 91833 91833 91833 91833 91833 91833 91833 91833 91833 91833 91833 91833 
1 1 1 1 1 1 2 3 3 4 4 4 4 6 8 10 13 15 17 19 24 30 38 42 47 60 73 78 92 104 124 160 188 214 247 295 345 406 471 527 600 721 856 1006 1201 1401 1636 1939 2270 2658 3117 3626 4179 4918 5709 6616 7676 8852 10156 11705 13385 15341 17513 19993 22597 25425 28534 32018 35526 39235 43126 46827 50730 54487 58287 62031 65514 68721 71703 74436 76828 78997 80786 82419 83843 85097 86137 87066 87795 88430 88964 89447 89795 90104 90375 90608 90796 90927 91046 91133 91234 91312 91374 91426 91466 91500 91520 91546 91564 91579 91601 91610 91619 91626 91630 91635 91639 91643 91645 91648 91650 91651 91652 91652 91654 91658 91658 91658 91659 91660 91660 91660 91660 91660 91660 91660 91660 91660 91660 91660 91660 91660 
1 1 1 1 1 1 1 4 4 4 5 5 7 8 8 10 12 14 16 20 23 24 26 30 32 35 38 46 51 57 64 69 79 90 97 109 124 144 167 191 207 241 291 341 394 451 523 592 692 814 941 1098 1270 1477 1737 2008 2342 2713 3158 3665 4225 4900 5660 6543 7537 8729 10048 11516 13205 15138 17256 19583 22073 24930 27896 31046 34539 38213 41919 45885 49810 53663 57522 61266 64757 68051 70972 73755 76254 78497 80386 82112 83553 84783 85898 86810 87599 88278 88864 89358 89760 90089 90371 90611 90798 90975 91110 91242 91337 91410 91460 91516 91566 91596 91633 91665 91684 91704 91718 91729 91739 91749 91762 91773 91776 91782 91784 91787 91788 91794 91797 91798 91799 91799 91799 91799 91800 91800 91800 91800 91800 91800 91800 91800 
1 1 1 1 2 2 2 2 2 2 2 4 4 7 7 13 16 19 23 26 34 37 45 50 57 62 69 82 104 115 145 164 196 224 271 321 370 426 490 588 685 816 953 1112 1299 1522 1765 2065 2396 2790 3270 3725 4360 5072 5849 6751 7774 8874 10164 11681 13438 15289 17418 19794 22340 25262 28304 31490 35034 38673 42466 46289 50233 54073 57936 61629 65140 68350 71393 73981 76465 78619 80552 82178 83733 84935 85998 86939 87695 88337 88886 89339 89723 90045 90340 90588 90797 90945 91080 91187 91285 91354 91415 91470 91505 91546 91574 91590 91603 91625 91639 91652 91662 91668 91672 91679 91685 91689 91693 91694 91695 91696 91696 91696 91699 91699 91699 91699 91700 91700 91700 91700 91701 91701 91701 91701 91701 91701 91701 91701 
1 1 1 1 1 1 1 1 1 2 2 3 4 5 5 5 6 7 7 9 10 12 13 15 17 21 23 27 30 36 40 52 61 65 77 86 107 129 147 171 199 221 251 281 329 392 458 547 612 699 816 958 1106 1290 1497 1745 2014 2337 2715 3181 3694 4313 5009 5799 6694 7770 8871 10243 11713 13407 15363 17487 19845 22403 25245 28293 31688 35040 38654 42544 46252 50225 54015 57776 61428 64875 68129 71183 73945 76394 78532 80497 82209 83654 84859 85956 86882 87641 88306 88862 89370 89744 90114 90352 90578 90761 90925 91047 91177 91278 91357 91410 91477 91513 91555 91583 91608 91630 91647 91660 91675 91686 91693 91698 91701 91706 91710 91710 91713 91716 91717 91717 91722 91724 91725 91728 91728 91729 91730 91730 91731 91732 91733 91733 91734 91735 91735 91735 91735 91735 91735 91735 91735 91735 91735 91735 
1 1 1 1 1 1 1 2 3 3 8 9 9 11 13 13 13 13 15 19 22 26 37 43 46 55 67 79 95 104 120 146 173 198 229 276 322 380 464 542 625 725 842 986 1150 1345 1558 1828 2098 2392 2746 3169 3664 4238 4920 5659 6486 7512 8715 10061 11508 13175 15049 17085 19452 21997 24726 27818 31012 34524 38124 41942 45856 49648 53478 57242 60944 64417 67681 70772 73516 76007 78316 80349 82059 83520 84832 85980 86916 87738 88400 88967 89442 89823 90188 90475 90703 90873 91032 91173 91282 91367 91445 91502 91557 91594 91630 91659 91683 91702 91710 91717 91724 91732 91738 91744 91750 91754 91761 91763 91764 91765 91767 91769 91769 91770 91772 91772 91773 91773 91774 91774 91774 91774 91774 91774 91774 91774 91774 91774 91774 91774 
1 1 1 1 1 1 2 4 4 4 5 5 5 5 8 11 11 14 15 17 18 22 26 30 33 42 49 54 61 74 84 98 118 137 157 189 220 257 295 347 398 455 525 621 722 845 993 1151 1358 1574 1872 2191 2524 2928 3392 3958 4614 5345 6238 7180 8269 9521 10977 12612 14410 16342 18511 20938 23618 26590 29805 33102 36738 40555 44382 48261 52270 56078 59892 63421 66845 70080 72966 75496 77927 79947 81713 83234 84556 85689 86720 87511 88194 88782 89293 89752 90091 90360 90614 90832 90995 91125 91217 91296 91382 91431 91482 91523 91554 91580 91620 91647 91660 91674 91685 91692 91697 91700 91705 91707 91713 91715 91720 91721 91723 91727 91727 91727 91728 91729 91730 91730 91730 91730 91731 91732 91732 91732 91733 91733 91734 91734 91734 91734 91734 91734 91734 91734 
1 1 1 1 1 2 2 2 2 2 2 2 2 4 4 4 5 5 6 6 6 8 9 12 13 14 14 16 18 22 25 28 35 39 52 56 67 79 92 110 124 150 177 210 244 284 335 381 451 536 620 727 857 985 1158 1356 1585 1830 2130 2448 2874 3357 3933 4574 5242 6108 7085 8140 9383 10689 12250 14118 16140 18386 20822 23421 26259 29376 32833 36291 39982 43851 47810 51700 55605 59271 62856 66228 69407 72308 75005 77359 79409 81214 82793 84198 85399 86399 87276 88012 88649 89154 89544 89873 90169 90419 90597 90778 90919 91036 91135 91233 91298 91338 91389 91422 91447 91468 91492 91512 91530 91545 91561 91570 91576 91578 91579 91583 91588 91589 91590 91593 91593 91596 91597 91597 91598 91598 91598 91598 91599 91599 91599 91600 91600 91600 91600 91600 91600 91600 91600 91600 91600 91600 
1 1 1 1 1 1 3 4 4 4 5 5 7 8 9 10 14 15 16 16 19 22 25 29 34 41 47 52 57 62 77 89 107 112 126 145 171 210 239 279 334 388 449 539 638 749 873 990 1148 1332 1550 1822 2151 2484 2894 3378 3943 4585 5318 6199 7186 8279 9569 11004 12677 14502 16500 18753 21280 23977 26937 30187 33623 37217 40915 44829 48696 52507 56331 60126 63612 66995 70179 73101 75589 77891 79975 81729 83303 84629 85751 86719 87497 88183 88776 89244 89644 89991 90284 90516 90712 90900 91055 91169 91257 91334 91402 91450 91503 91538 91560 91591 91612 91630 91648 91657 91666 91678 91683 91689 91693 91694 91696 91698 91705 91706 91708 91712 91713 91714 91715 91716 91716 91716 91717 91717 91717 91718 91719 91719 91719 91719 91719 91719 91719 91719 91719 91719 91719 91720 91720 91720 91720 91720 91720 91720 
1 1 1 1 1 1 2 4 6 9 10 10 10 11 14 16 16 19 20 21 28 34 36 40 49 56 62 68 82 103 118 139 154 189 223 248 280 317 372 436 520 604 691 803 926 1082 1266 1464 1710 1970 2273 2631 3053 3519 4053 4688 5458 6294 7277 8365 9636 11141 12776 14581 16573 18788 21319 24110 27125 30392 33826 37344 41067 44823 48629 52477 56284 60023 63557 66781 69908 72761 75271 77547 79583 81337 82860 84186 85314 86312 87167 87851 88454 88954 89389 89747 90039 90296 90503 90687 90819 90937 91049 91136 91209 91271 91319 91353 91390 91417 91440 91455 91471 91482 91494 91499 91507 91515 91515 91519 91524 91529 91531 91532 91534 91535 91535 91535 91536 91538 91539 91539 91540 91540 91540 91540 91540 91540 91540 91541 91541 91541 91541 91541 91541 91541 91541 91542 91542 91542 91542 91542 91542 91542 91542 91542 91542 91542 91542 
1 1 1 1 1 2 2 2 2 2 2 2 4 4 5 6 7 9 13 17 19 20 24 28 35 42 49 55 66 77 86 102 118 137 163 190 223 259 310 353 416 462 530 630 742 869 1020 1180 1374 1585 1850 2121 2446 2858 3278 3789 4356 5034 5817 6726 7702 8782 10125 11550 13142 15053 17093 19403 21918 24666 27792 31062 34490 38125 41846 45645 49589 53559 57352 60939 64499 67793 70742 73469 76012 78253 80302 82045 83468 84780 85911 86854 87644 88344 88915 89376 89778 90086 90360 90600 90824 90986 91152 91261 91356 91432 91494 91549 91597 91626 91661 91684 91703 91718 91727 91736 91741 91747 91757 91764 91768 91768 91769 91770 91770 91771 91772 91772 91772 91773 91773 91773 91773 91773 91773 91773 91773 91773 91773 91773 
1 1 1 1 1 1 1 1 1 2 3 4 5 8 12 15 20 29 32 41 49 62 70 89 114 144 165 192 236 296 346 405 470 538 617 722 860 976 1119 1267 1474 1711 1995 2285 2648 3073 3573 4115 4770 5546 6337 7281 8447 9679 11107 12713 14457 16490 18690 21138 23827 26781 29907 33314 36868 40536 44327 48151 52030 55892 59492 63109 66405 69546 72396 75008 77272 79294 81137 82769 84140 85323 86325 87157 87868 88417 88921 89328 89682 89966 90209 90445 90623 90790 90913 91021 91100 91168 91231 91282 91319 91352 91368 91400 91412 91433 91446 91453 91456 91465 91471 91480 91487 91490 91494 91494 91495 91497 91497 91497 91500 91502 91503 91504 91504 91505 91505 91506 91507 91507 91507 91507 91507 91507 91507 91507 91507 91507 91507 91507 91507 
1 1 1 1 2 2 4 4 4 4 5 6 7 9 10 12 14 15 16 16 18 20 21 25 32 41 47 55 65 83 94 111 126 145 173 205 237 286 335 382 435 486 565 673 798 907 1064 1235 1429 1699 1968 2301 2660 3093 3565 4134 4828 5607 6433 7371 8567 9853 11311 13003 14810 16913 19197 21788 24618 27747 30976 34450 38036 41890 45748 49736 53549 57302 60933 64468 67853 70876 73645 76132 78315 80309 81958 83442 84728 85872 86893 87730 88380 88948 89420 89835 90165 90431 90688 90872 91051 91184 91304 91389 91464 91528 91582 91629 91671 91693 91718 91745 91764 91782 91797 91806 91816 91823 91834 91838 91841 91841 91843 91844 91846 91847 91849 91852 91852 91853 91853 91854 91854 91854 91854 91854 91854 91854 91854 91854 91854 91854 91854 91854 91854 
1 1 1 1 1 1 2 2 2 4 5 5 6 7 8 12 13 15 22 25 28 31 31 37 43 50 58 69 82 94 113 132 155 176 213 243 276 321 367 427 484 564 640 750 861 996 1155 1327 1568 1823 2144 2459 2842 3305 3785 4414 5080 5898 6871 7934 9144 10488 12077 13831 15769 17984 20421 23057 25908 29017 32400 35925 39626 43508 47470 51390 55286 59083 62620 66022 69227 72194 74862 77267 79401 81117 82791 84200 85356 86364 87280 88030 88686 89213 89647 89977 90297 90549 90771 90941 91084 91198 91314 91401 91464 91523 91568 91612 91649 91680 91707 91718 91733 91750 91760 91776 91781 91784 91792 91796 91800 91800 91802 91804 91804 91804 91804 91804 91804 91804 91805 91805 91805 91805 91805 91805 91805 91805 91805 
1 1 1 1 2 2 2 2 3 3 5 6 7 9 10 10 12 13 14 16 20 23 27 30 36 40 47 53 65 71 79 92 100 115 143 161 182 219 241 269 314 357 414 490 559 655 769 878 1031 1194 1377 1604 1881 2174 2522 2908 3331 3876 4511 5215 6050 6942 8032 9259 10649 12215 13992 16044 18225 20728 23412 26356 29470 32824 36451 40192 44090 48013 51833 55765 59431 63128 66495 69751 72622 75325 77676 79766 81625 83221 84582 85731 86722 87538 88254 88834 89348 89796 90161 90429 90681 90907 91072 91210 91328 91414 91502 91583 91634 91680 91718 91743 91763 91782 91797 91809 91823 91832 91839 91846 91854 91860 91864 91866 91868 91870 91871 91874 91876 91877 91878 91878 91878 91878 91879 91879 91880 91880 91880 91880 91880 91880 91880 91880 91880 
1 1 1 1 1 2 3 3 4 4 7 9 12 14 21 21 24 26 34 47 56 68 79 91 108 134 168 196 222 255 304 353 405 495 588 681 794 923 1075 1237 1448 1683 1964 2294 2678 3076 3572 4156 4809 5566 6415 7396 8541 9810 11209 12839 14775 16807 19133 21723 24567 27648 30909 34356 37894 41562 45376 49263 53138 56985 60824 64349 67703 70739 73511 76084 78392 80429 82087 83552 84821 85941 86890 87653 88347 88960 89450 89853 90190 90462 90686 90887 91050 91183 91289 91389 91452 91530 91589 91627 91668 91704 91723 91748 91765 91779 91789 91799 91813 91817 91824 91829 91832 91840 91845 91848 91848 91850 91851 91851 91851 91851 91852 91853 91853 91854 91854 91854 91854 91854 91854 91854 91854 91854 91854 91854 91854 
1 1 1 1 1 3 3 3 3 5 5 6 6 7 12 12 13 16 19 21 25 32 37 44 61 73 81 102 123 147 171 206 235 271 310 359 430 502 590 674 778 923 1066 1240 1445 1675 1957 2269 2632 3039 3537 4145 4809 5566 6465 7440 8602 9892 11435 13109 15044 17078 19383 21883 24643 27580 30849 34382 38028 41846 45691 49709 53588 57385 61125 64655 67922 70983 73737 76243 78498 80508 82298 83765 85075 86137 87021 87848 88454 89007 89488 89869 90169 90417 90653 90829 90988 91131 91244 91342 91408 91472 91523 91556 91592 91626 91656 91674 91694 91713 91718 91726 91738 91745 91752 91758 91762 91766 91768 91769 91769 91771 91774 91778 91779 91779 91779 91779 91779 91779 91779 91779 91779 91779 91779 
1 1 1 1 1 3 4 6 7 8 9 11 11 13 13 16 20 22 23 27 33 38 43 51 60 67 78 91 104 116 129 158 182 211 237 281 322 374 442 519 601 709 825 959 1109 1289 1505 1751 2067 2386 2779 3236 3765 4371 5063 5834 6697 7750 8942 10331 11792 13519 15423 17487 19766 22299 25037 28005 31258 34654 38331 42138 45939 49733 53603 57385 60970 64457 67739 70831 73631 76095 78367 80305 82047 83516 84798 85870 86818 87566 88175 88724 89213 89577 89927 90216 90469 90675 90843 90957 91076 91172 91241 91294 91351 91400 91442 91470 91489 91516 91531 91554 91561 91569 91583 91590 91595 91601 91609 91614 91620 91625 91625 91629 91632 91633 91633 91637 91639 91641 91645 91645 91646 91646 91646 91646 91646 91647 91647 91648 91648 91648 91648 91648 91648 91648 91648 91648 
1 1 1 1 1 1 2 3 4 5 6 6 7 9 9 10 11 14 19 23 25 28 32 39 46 51 58 75 86 99 112 132 162 193 228 268 312 355 414 485 591 682 783 881 1043 1210 1407 1623 1882 2168 2513 2879 3333 3856 4436 5133 5923 6863 7946 9085 10480 12045 13761 15633 17850 20345 22978 25910 28915 32238 35715 39403 43248 47096 51086 54958 58694 62419 65786 68982 71963 74563 77008 79152 80962 82591 84035 85300 86366 87222 87949 88582 89094 89509 89894 90211 90479 90685 90865 91003 91104 91211 91290 91366 91434 91474 91521 91555 91581 91605 91622 91639 91658 91669 91679 91689 91695 91699 91701 91704 91707 91709 91710 91711 91711 91713 91714 91714 91714 91715 91715 91715 91715 91715 91715 91715 91715 91715 91715 91715 
1 1 1 1 1 3 3 3 3 3 3 3 3 4 5 6 6 6 7 7 7 8 9 9 10 11 11 12 12 14 15 16 18 19 21 23 26 28 28 31 33 34 38 48 60 72 78 95 105 127 145 175 203 235 276 327 373 438 528 612 709 817 956 1096 1260 1472 1742 2026 2367 2729 3132 3650 4218 4858 5641 6543 7680 8875 10195 11682 13392 15262 17407 19731 22270 25227 28218 31456 34923 38620 42387 46286 50149 53961 57651 61238 64670 68022 71055 73762 76199 78385 80324 82011 83470 84729 85797 86708 87552 88219 88783 89232 89614 89920 90215 90473 90674 90829 90976 91085 91188 91267 91351 91403 91447 91482 91516 91548 91581 91606 91622 91631 91639 91652 91663 91669 91675 91677 91678 91680 91683 91687 91690 91690 91691 91694 91695 91697 91698 91699 91699 91700 91700 91700 91700 91700 91700 91700 91700 91700 91700 91700 
1 1 1 1 1 2 3 3 5 10 12 12 12 13 18 23 26 27 29 32 37 50 58 64 82 96 109 126 152 171 189 210 259 301 357 420 489 577 671 779 899 1050 1236 1452 1683 1952 2272 2638 3076 3594 4141 4827 5561 6425 7429 8571 9923 11361 12994 14930 17014 19352 21965 24710 27712 30857 34316 38013 41685 45502 49465 53291 57155 60763 64253 67555 70640 73436 76019 78308 80413 82169 83654 84942 86051 86991 87791 88494 89059 89533 89891 90198 90477 90697 90902 91090 91207 91317 91401 91470 91526 91572 91612 91650 91690 91723 91749 91773 91791 91804 91814 91819 91831 91837 91839 91842 91848 91850 91851 91853 91856 91857 91861 91861 91862 91862 91862 91862 91862 91862 91863 91863 91863 91863 91863 91863 91863 91863 
1 1 1 1 1 1 1 1 1 1 1 1 1 4 5 5 5 5 11 12 13 14 16 20 26 35 42 49 56 64 77 94 108 133 156 172 191 235 282 320 373 429 482 560 651 749 881 1053 1211 1397 1637 1872 2135 2481 2899 3332 3860 4509 5207 6087 6983 8069 9253 10636 12202 13960 15939 18087 20511 23206 26019 29155 32427 36047 39585 43317 47159 51106 54796 58576 62141 65562 68835 71818 74446 76908 79017 80865 82506 83853 85172 86152 87044 87819 88448 88993 89440 89807 90112 90373 90598 90744 90902 91020 91128 91220 91284 91337 91388 91431 91475 91507 91524 91539 91560 91572 91580 91586 91593 91598 91603 91604 91605 91610 91612 91613 91614 91614 91616 91618 91618 91619 91619 91621 91621 91622 91622 91622 91622 91623 91623 91623 91624 91625 91625 91625 91625 91627 91627 91628 91628 91628 91628 91628 91628 91628 91628 91628 91628 91628 91628 91628 
1 1 1 2 3 6 6 6 7 8 9 11 12 15 19 24 26 29 37 43 55 67 73 86 100 112 130 158 185 208 233 279 313 375 439 521 598 706 819 930 1073 1257 1479 1721 1999 2296 2679 3139 3657 4300 4939 5676 6561 7611 8789 10090 11582 13340 15222 17299 19612 22243 24959 28096 31363 34836 38539 42358 46196 50068 53830 57594 61233 64753 68010 70960 73771 76275 78460 80324 82115 83574 84806 85892 86847 87627 88271 88860 89324 89668 89984 90284 90498 90697 90842 90967 91073 91171 91241 91309 91360 91414 91448 91485 91510 91530 91543 91565 91581 91592 91601 91604 91611 91615 91620 91623 91623 91627 91629 91630 91632 91634 91636 91636 91636 91636 91636 91636 91636 91636 91636 91637 91637 91637 91637 91637 91637 91637 91637 91637 
1 1 1 1 3 4 4 5 5 5 5 12 14 15 19 21 24 27 33 36 43 52 60 68 77 84 93 107 121 137 160 190 225 255 292 337 396 461 527 618 703 803 943 1103 1279 1504 1745 2032 2362 2712 3136 3652 4237 4928 5747 6633 7695 8913 10191 11692 13335 15176 17263 19739 22283 25067 28023 31326 34868 38630 42446 46229 50142 53990 57725 61284 64626 67940 70932 73686 76118 78315 80297 82087 83521 84763 85879 86816 87553 88238 88760 89249 89660 89988 90275 90533 90743 90889 91031 91144 91242 91318 91389 91440 91489 91517 91551 91580 91597 91619 91633 91643 91649 91658 91664 91668 91670 91672 91674 91676 91679 91679 91680 91682 91683 91683 91684 91684 91684 91684 91684 91684 91684 91684 91684 91684 91684 91684 91684 
1 1 1 1 1 1 1 2 3 3 3 6 6 6 8 11 14 21 23 27 35 41 49 55 65 72 83 106 121 142 157 177 211 252 295 360 433 487 549 629 720 845 1001 1147 1350 1580 1836 2134 2469 2853 3303 3827 4399 5087 5853 6738 7735 8896 10246 11714 13414 15348 17420 19730 22294 25002 28109 31393 34804 38416 42074 45883 49915 53836 57522 61294 64756 67976 71021 73769 76173 78429 80368 82066 83512 84859 85982 86901 87661 88285 88831 89325 89668 89996 90282 90513 90712 90866 91011 91121 91206 91289 91344 91396 91446 91489 91515 91542 91565 91583 91603 91612 91623 91634 91643 91648 91653 91660 91661 91663 91666 91666 91666 91668 91669 91670 91670 91670 91671 91671 91671 91672 91672 91672 91673 91673 91673 91673 91673 91673 91673 91673 91673 91673 91673 91673 
1 1 1 1 1 1 2 3 3 3 4 6 7 8 9 11 13 17 21 22 26 29 32 36 37 44 52 62 73 87 97 115 131 151 183 210 242 285 336 394 473 559 656 767 893 1048 1218 1432 1666 1928 2228 2614 3080 3608 4174 4813 5577 6529 7480 8659 9986 11467 13201 15139 17275 19604 22113 24860 28007 31269 34773 38353 42128 46032 49987 53892 57692 61321 64847 68151 71293 73925 76334 78509 80459 82200 83652 84914 85998 86954 87718 88366 88921 89378 89784 90132 90388 90609 90807 90964 91087 91208 91306 91387 91450 91509 91558 91598 91627 91650 91672 91691 91706 91722 91733 91742 91755 91762 91769 91774 91776 91777 91782 91784 91786 91788 91792 91793 91795 91796 91796 91797 91797 91797 91797 91798 91798 91799 91800 91800 91800 91800 91801 91801 91801 91801 91801 91801 91801 91801 91801 91802 91802 91802 91802 
1 1 1 3 3 5 5 6 6 6 7 7 8 10 13 15 17 18 24 26 26 28 36 39 54 64 74 88 99 118 128 150 174 207 244 285 327 380 436 515 616 738 851 974 1120 1290 1494 1762 2011 2339 2718 3164 3645 4247 4934 5654 6526 7488 8635 9912 11369 12995 14879 17003 19276 21881 24665 27572 30914 34318 37833 41637 45532 49405 53242 57101 60739 64274 67597 70769 73570 76057 78316 80316 82082 83545 84808 85885 86868 87635 88337 88916 89420 89811 90135 90404 90641 90842 91014 91164 91285 91401 91480 91546 91601 91659 91694 91723 91751 91778 91801 91814 91822 91829 91838 91846 91851 91856 91860 91863 91863 91865 91866 91867 91868 91869 91869 91869 91869 91869 91869 91869 91869 91869 91869 91869 91869 
1 1 1 1 1 2 2 2 2 2 2 2 2 2 2 2 
1 1 1 2 2 3 4 4 6 7 9 11 12 13 15 18 21 30 35 41 50 52 57 70 84 98 118 143 178 201 233 264 313 361 413 470 544 636 749 877 1009 1197 1380 1558 1781 2100 2478 2856 3304 3813 4414 5048 5891 6814 7819 8984 10264 11750 13373 15284 17489 19849 22422 25314 28349 31589 34981 38645 42395 46164 50104 53982 57876 61508 64987 68281 71289 74018 76433 78717 80650 82345 83759 85031 86070 87030 87800 88435 88976 89459 89851 90157 90414 90652 90836 90975 91129 91221 91306 91370 91445 91504 91537 91565 91602 91627 91644 91665 91682 91691 91703 91711 91718 91723 91728 91728 91731 91735 91737 91739 91743 91745 91747 91748 91749 91751 91752 91753 91753 91753 91753 91753 91753 91753 91753 91753 91753 
1 1 1 1 1 1 1 1 1 2 3 3 3 3 4 6 7 7 7 7 8 10 11 11 14 16 21 26 32 38 43 54 59 67 74 89 104 123 146 167 184 210 248 292 352 413 468 549 640 765 886 1049 1221 1414 1645 1918 2226 2621 3011 3516 4119 4819 5587 6568 7598 8808 10151 11689 13420 15312 17454 19782 22293 25087 28143 31542 35028 38663 42475 46360 50265 54199 57927 61525 65053 68341 71271 73920 76431 78608 80540 82242 83682 84922 85981 86904 87677 88346 88903 89394 89798 90127 90403 90623 90798 90918 91056 91165 91263 91341 91409 91459 91493 91532 91569 91594 91612 91627 91644 91656 91677 91682 91688 91692 91698 91702 91703 91711 91713 91715 91718 91719 91719 91720 91720 91720 91721 91722 91723 91724 91724 91724 91724 91724 91724 91724 91724 91724 91724 91724 91724 91724 91724 91724 
1 1 1 1 1 1 2 2 4 4 4 4 4 6 10 13 13 13 14 19 27 31 33 42 47 61 73 93 102 120 141 160 197 237 278 312 367 427 508 578 660 765 870 1013 1190 1377 1568 1804 2076 2428 2769 3191 3680 4251 4978 5742 6637 7705 8840 10089 11589 13283 15122 17303 19581 22118 24858 27906 31224 34747 38391 42157 45925 49796 53701 57445 61292 64800 68055 71062 73792 76260 78404 80336 82014 83505 84770 85874 86810 87608 88268 88802 89247 89617 89954 90222 90454 90640 90788 90931 91032 91124 91201 91259 91314 91367 91395 91421 91442 91463 91482 91496 91505 91516 91527 91534 91539 91542 91545 91546 91550 91554 91554 91556 91557 91558 91559 91560 91560 91560 91560 91561 91562 91563 91563 91563 91563 91563 91563 91563 91563 91563 91563 91563 91563 91563 91563 91563 91563 91563 
1 1 1 1 1 3 3 3 3 3 3 3 4 6 12 12 14 14 15 19 24 28 35 42 51 60 67 85 94 106 133 156 183 214 252 303 361 423 496 585 670 792 917 1078 1264 1474 1720 1985 2307 2683 3164 3685 4291 4957 5693 6548 7586 8723 10069 11639 13323 15168 17236 19591 22121 24920 27894 31166 34615 38318 42006 45744 49638 53560 57314 61043 64575 67865 70957 73646 76184 78402 80403 82093 83582 84856 85951 86894 87681 88337 88847 89367 89793 90137 90407 90633 90807 90986 91125 91241 91338 91422 91489 91548 91582 91617 91648 91678 91694 91716 91722 91739 91750 91756 91762 91768 91772 91778 91783 91785 91786 91789 91790 91792 91792 91793 91794 91794 91794 91795 91795 91796 91796 91796 91796 91796 91796 91796 91796 91796 91796 
1 1 1 3 4 5 5 5 6 10 10 13 14 18 23 28 37 42 52 57 64 74 83 100 115 135 151 172 200 220 263 296 344 407 473 547 619 719 842 992 1143 1300 1516 1769 2054 2364 2720 3176 3637 4230 4885 5601 6369 7359 8481 9732 11136 12688 14512 16554 18715 21248 23844 26872 30086 33439 37020 40735 44503 48422 52407 56188 59828 63418 66825 69982 72775 75312 77642 79644 81445 83067 84440 85529 86480 87325 88023 88620 89090 89496 89858 90167 90421 90610 90792 90945 91049 91143 91231 91301 91356 91398 91431 91458 91485 91504 91519 91534 91542 91551 91557 91564 91571 91575 91582 91583 91585 91588 91589 91589 91590 91591 91592 91593 91594 91597 91597 91597 91598 91598 91598 91598 91600 91600 91600 91600 91601 91601 91601 91601 91601 91601 91601 91601 91601 91601 91601 
1 1 1 1 1 1 3 3 4 4 6 6 9 12 12 13 14 14 17 18 20 22 24 26 32 36 41 49 56 69 79 90 105 124 155 173 195 235 268 311 353 407 475 565 646 748 889 1037 1209 1407 1607 1904 2212 2540 2961 3424 3950 4557 5251 6054 6950 8011 9233 10628 12227 13936 15932 18195 20658 23292 26253 29396 32718 36175 39806 43500 47448 51196 55019 58622 62200 65546 68762 71656 74280 76701 78827 80661 82291 83782 85001 86020 86927 87732 88340 88839 89262 89646 89966 90227 90446 90647 90781 90900 91025 91131 91208 91279 91333 91368 91406 91433 91448 91467 91482 91492 91505 91519 91530 91541 91549 91552 91557 91563 91567 91567 91568 91571 91572 91572 91573 91576 91577 91577 91577 91577 91577 91577 91577 91577 91578 91578 91578 91579 91579 91579 91579 91579 91579 91579 91579 91579 91579 91579 91579 91579 
1 1 1 1 1 1 1 2 2 2 2 2 2 2 2 3 5 6 6 8 14 16 19 24 27 35 41 55 62 77 85 103 119 138 171 198 231 278 336 391 455 521 600 690 806 940 1079 1260 1474 1702 1990 2353 2741 3151 3691 4338 5063 5812 6746 7807 8965 10422 11969 13731 15712 17930 20459 23174 26110 29273 32537 36171 39897 43971 47848 51783 55689 59262 62886 66432 69537 72470 75118 77465 79526 81340 82948 84300 85455 86461 87341 88024 88622 89168 89559 89894 90204 90465 90688 90843 90991 91112 91221 91314 91410 91474 91523 91572 91611 91645 91668 91685 91699 91713 91724 91732 91738 91745 91749 91755 91758 91761 91763 91764 91765 91765 91766 91767 91768 91768 91769 91769 91769 91769 91769 91769 91769 91769 91769 91769 91769 91769 91769 
1 1 1 1 1 3 4 4 4 4 4 6 7 9 11 14 15 17 19 23 30 37 46 53 62 67 73 84 95 120 141 165 184 219 253 300 346 420 482 561 655 767 887 1028 1173 1346 1575 1813 2107 2418 2782 3235 3799 4397 5125 5967 6884 7917 9130 10559 12233 13949 15936 17940 20444 23039 25864 28922 32254 35782 39424 43175 47042 51023 54859 58559 62142 65596 68793 71764 74401 76838 78939 80823 82465 83953 85142 86178 87043 87795 88433 88994 89438 89785 90121 90358 90563 90780 90923 91050 91171 91260 91328 91378 91424 91467 91500 91526 91554 91587 91605 91623 91639 91648 91656 91666 91670 91678 91681 91687 91690 91691 91691 91694 91696 91697 91698 91699 91700 91701 91702 91702 91702 91702 91702 91702 91702 91703 91703 91703 91703 91703 91703 91703 91703 91703 91703 91703 91703 
1 1 1 1 2 3 3 4 5 6 6 8 10 15 15 15 16 16 18 23 28 32 39 42 53 63 79 100 112 137 154 181 211 246 278 336 399 454 519 603 700 795 916 1061 1236 1416 1651 1967 2297 2643 3040 3533 4106 4714 5414 6228 7217 8311 9570 10978 12521 14327 16312 18594 21011 23716 26701 29768 33280 36646 40369 44174 48129 52021 55744 59541 63248 66670 69747 72620 75250 77544 79625 81353 82912 84276 85450 86401 87299 88007 88641 89144 89563 89920 90207 90454 90663 90843 90980 91104 91189 91261 91336 91387 91435 91489 91528 91547 91567 91589 91609 91622 91631 91643 91651 91661 91663 91670 91672 91672 91673 91674 91675 91676 91678 91678 91678 91678 91680 91681 91681 91681 91681 91681 91681 91681 91681 91681 91681 91681 91681 91681 
1 1 1 1 1 1 2 3 4 5 6 7 8 8 8 8 13 14 17 19 21 28 36 40 48 59 68 85 96 116 126 142 166 200 219 258 303 354 412 492 594 681 788 882 1047 1214 1419 1667 1941 2272 2624 3065 3545 4083 4735 5523 6381 7421 8527 9766 11224 12829 14621 16564 18809 21359 24084 27048 30091 33502 36982 40677 44406 48338 52356 56289 59990 63453 66882 70053 72891 75466 77789 79785 81597 83126 84535 85646 86618 87445 88181 88733 89244 89643 90009 90336 90553 90753 90926 91057 91155 91253 91335 91399 91476 91516 91543 91574 91606 91623 91640 91655 91666 91678 91686 91696 91700 91706 91709 91711 91713 91713 91714 91716 91716 91718 91718 91718 91718 91718 91718 91719 91719 91719 91719 91719 91719 91719 91719 91719 
1 1 3 3 5 5 5 8 9 10 12 13 13 15 15 17 19 21 21 23 28 32 33 35 41 50 57 68 74 88 101 118 136 156 181 218 257 305 352 404 482 560 641 739 858 992 1160 1364 1590 1813 2092 2406 2810 3278 3822 4390 5054 5851 6747 7744 8922 10336 11835 13509 15465 17524 19930 22541 25257 28412 31682 35193 38812 42506 46346 50350 54186 57957 61629 65199 68413 71453 74133 76577 78796 80770 82383 83855 85098 86175 87070 87833 88451 88973 89427 89808 90138 90408 90613 90800 90933 91080 91200 91292 91354 91413 91472 91524 91555 91580 91604 91622 91647 91662 91673 91682 91689 91699 91702 91707 91711 91715 91716 91721 91724 91728 91730 91730 91734 91734 91734 91734 91735 91735 91735 91735 91735 91735 91735 91736 91736 91736 91736 91736 91737 91737 91737 91737 91737 91737 
1 1 1 1 1 1 1 1 1 1 2 4 6 7 8 10 13 15 17 20 20 25 26 30 34 36 41 51 62 71 77 86 97 116 146 177 206 229 264 305 358 424 483 548 634 739 856 1007 1163 1364 1598 1880 2158 2511 2940 3440 4009 4605 5373 6205 7205 8341 9604 10996 12669 14455 16487 18775 21381 24154 27044 30277 33683 37377 41132 45003 48912 52958 56728 60490 64069 67487 70458 73297 75781 77973 80077 81873 83446 84742 85853 86834 87605 88273 88879 89345 89745 90086 90366 90583 90761 90910 91043 91157 91252 91337 91389 91446 91478 91513 91540 91569 91587 91605 91623 91634 91643 91650 91656 91659 91664 91669 91674 91678 91682 91684 91684 91685 91687 91688 91688 91688 91691 91691 91691 91693 91693 91695 91695 91695 91695 91695 91695 91695 91695 91695 91695 91695 91695 91695 
1 1 1 1 1 2 3 3 3 3 3 3 3 3 4 4 7 7 7 7 10 11 13 16 19 19 23 30 32 41 49 64 75 85 105 128 149 176 203 233 276 328 375 433 513 591 696 814 941 1070 1229 1431 1663 1943 2250 2631 3046 3515 4061 4707 5472 6392 7328 8449 9767 11172 12797 14612 16695 18988 21499 24179 27209 30564 33946 37588 41311 45125 48974 52922 56703 60393 64061 67386 70456 73241 75825 78142 80145 81877 83438 84746 85881 86856 87665 88365 88939 89482 89875 90248 90529 90786 90987 91148 91280 91398 91477 91533 91595 91658 91696 91730 91769 91792 91812 91830 91841 91858 91871 91883 91890 91898 91904 91909 91913 91913 91916 91919 91919 91919 91920 91921 91921 91922 91924 91924 91924 91925 91926 91926 91926 91926 91926 91926 91926 91926 91926 
1 1 1 1 1 1 1 1 3 3 4 4 5 6 8 8 8 10 12 14 18 21 24 28 32 37 44 52 60 65 74 85 96 110 126 145 162 191 220 257 304 355 399 454 506 591 704 827 979 1131 1320 1545 1776 2066 2413 2754 3207 3725 4316 5022 5851 6715 7694 8878 10199 11738 13515 15477 17604 19994 22562 25399 28460 31717 35106 38660 42542 46451 50316 54186 58065 61638 65156 68422 71474 74302 76735 78859 80769 82552 83987 85189 86282 87191 87978 88604 89152 89588 89981 90300 90561 90758 90934 91087 91204 91316 91393 91456 91517 91559 91605 91634 91668 91700 91719 91730 91745 91760 91772 91777 91787 91793 91801 91804 91807 91810 91814 91815 91818 91818 91819 91822 91823 91824 91825 91825 91827 91827 91827 91828 91828 91828 91830 91830 91830 91830 91831 91831 91831 91831 91831 91831 91831 91831 
1 1 1 1 1 1 1 1 2 2 2 3 5 5 6 6 7 8 12 12 13 14 14 14 15 19 20 23 27 28 31 36 40 47 56 62 77 95 107 124 145 160 185 212 251 291 345 408 464 521 597 675 782 905 1047 1218 1425 1645 1891 2204 2561 2972 3420 3985 4634 5294 6137 7130 8163 9429 10779 12387 14202 16171 18396 20822 23522 26474 29659 33043 36661 40344 44138 47921 51772 55609 59352 62873 66300 69383 72323 74962 77282 79348 81217 82809 84185 85355 86351 87259 87986 88591 89131 89551 89896 90159 90433 90646 90829 90956 91083 91179 91285 91356 91416 91463 91505 91539 91586 91613 91626 91641 91649 91668 91676 91685 91696 91702 91704 91706 91707 91708 91709 91712 91714 91716 91716 91716 91717 91717 91717 91717 91718 91718 91718 91718 91718 91718 91719 91719 91719 91720 91721 91721 91721 91721 91721 91721 91721 91721 91721 
1 1 1 2 3 3 4 7 9 9 10 10 14 16 18 22 28 34 37 46 57 66 81 89 106 124 148 178 204 237 286 340 390 453 547 635 734 850 1000 1183 1367 1577 1817 2123 2498 2901 3354 3862 4452 5153 5947 6878 7900 9070 10400 11875 13660 15636 17810 20190 22761 25559 28620 31831 35385 39102 42866 46717 50598 54430 58168 61763 65286 68554 71460 74250 76675 78821 80739 82404 83830 85049 86091 87006 87748 88379 88896 89344 89727 90056 90320 90522 90721 90879 91028 91148 91241 91307 91373 91418 91453 91476 91501 91524 91552 91567 91585 91599 91613 91619 91629 91632 91637 91642 91647 91648 91650 91652 91655 91656 91657 91659 91661 91662 91662 91662 91662 91662 91662 91663 91663 91663 91663 91663 91664 91664 91664 91664 91664 91664 91665 91665 91665 91665 91665 91665 91665 91665 91665 91665 91665 
1 1 2 2 2 3 4 5 7 7 7 7 8 12 15 17 19 19 21 23 24 31 35 37 44 50 55 66 86 109 134 165 184 211 261 310 357 412 484 574 668 793 932 1089 1270 1505 1751 2054 2424 2800 3277 3833 4466 5242 6047 6946 8014 9198 10566 12157 13934 15894 18074 20470 23055 25969 29141 32411 35983 39637 43448 47349 51274 55193 58875 62490 65872 69023 71971 74641 77035 79195 81068 82765 84162 85328 86330 87146 87918 88514 89030 89476 89831 90150 90400 90603 90773 90925 91047 91157 91250 91312 91358 91406 91441 91469 91503 91531 91551 91562 91575 91587 91599 91606 91616 91621 91625 91629 91632 91636 91639 91640 91641 91644 91645 91645 91646 91646 91646 91647 91647 91648 91648 91648 91648 91648 91648 91648 91648 91648 91648 91648 91648 
1 1 1 1 1 1 1 1 1 2 3 5 5 5 5 6 6 7 7 7 11 13 14 14 18 22 24 29 32 44 50 55 64 72 77 98 107 121 145 164 188 220 252 292 332 389 449 525 609 717 814 941 1071 1242 1421 1654 1895 2184 2513 2913 3427 3987 4590 5253 6063 7029 8070 9300 10679 12199 13991 15851 17930 20355 23050 25858 28942 32213 35820 39573 43344 47121 51042 54949 58701 62279 65691 68891 71771 74431 76776 78920 80803 82436 83860 85031 86082 86960 87677 88357 88890 89343 89719 90036 90321 90526 90711 90859 91004 91121 91204 91282 91336 91377 91422 91462 91495 91518 91532 91549 91571 91583 91599 91610 91615 91618 91621 91625 91625 91627 91628 91628 91630 91630 91630 91630 91630 91631 91632 91633 91633 91633 91634 91634 91634 91634 91636 91636 91636 91636 91636 91636 91636 91636 91636 91636 91636 91636 91636 
1 1 1 1 1 1 1 1 2 3 3 5 5 6 6 6 6 7 8 10 10 11 13 15 16 16 19 25 28 37 42 46 54 67 71 82 94 108 119 141 164 183 210 240 261 309 369 439 516 613 719 821 965 1136 1319 1508 1768 2036 2363 2748 3202 3713 4315 5008 5746 6635 7630 8807 10120 11586 13318 15303 17477 19820 22414 25254 28419 31792 35432 39026 42940 46828 50742 54526 58366 61975 65517 68657 71586 74268 76632 78831 80759 82413 83864 85094 86143 87065 87774 88411 88987 89460 89859 90197 90485 90706 90886 91029 91151 91260 91359 91452 91512 91556 91604 91631 91658 91671 91696 91714 91735 91743 91754 91759 91763 91769 91779 91782 91785 91785 91787 91791 91791 91792 91792 91792 91792 91793 91793 91793 91793 91793 91793 91794 91794 91794 91794 91794 91794 91794 91794 91794 91794 91794 
1 1 1 1 1 1 2 4 6 7 7 10 11 12 16 19 25 30 30 35 40 52 63 72 83 97 114 134 153 174 207 234 273 318 360 431 499 573 654 749 887 1047 1212 1386 1604 1823 2123 2459 2824 3257 3794 4400 5070 5846 6738 7794 8893 10239 11755 13532 15478 17552 19943 22545 25489 28563 31849 35430 39080 42806 46594 50407 54451 58180 61855 65336 68567 71595 74239 76755 78938 80887 82536 83944 85156 86236 87106 87822 88438 88960 89376 89738 90052 90326 90532 90708 90859 90990 91096 91179 91258 91326 91386 91440 91474 91501 91522 91536 91551 91570 91581 91588 91597 91605 91610 91614 91617 91618 91622 91623 91625 91627 91631 91634 91634 91635 91636 91637 91637 91638 91638 91639 91639 91639 91639 91640 91640 91640 91640 91640 91640 91640 91640 91640 91640 91641 91641 91642 91642 91642 91642 91642 91642 91642 91642 91642 
1 1 1 4 4 5 5 6 8 9 12 13 14 14 14 17 17 20 23 27 30 35 39 41 46 51 64 74 96 109 114 138 152 182 222 262 308 355 416 501 604 707 812 926 1062 1235 1458 1695 1952 2283 2650 3045 3546 4160 4849 5604 6476 7421 8560 9784 11162 12805 14597 16634 18939 21428 24144 27064 30169 33590 37113 40899 44762 48607 52420 56284 60070 63576 66959 70084 72946 75477 77804 79849 81593 83145 84472 85650 86637 87434 88140 88750 89253 89677 90019 90289 90519 90730 90903 91034 91153 91254 91326 91386 91431 91476 91515 91541 91570 91592 91608 91626 91646 91654 91662 91671 91674 91678 91682 91684 91686 91688 91691 91691 91693 91693 91694 91695 91695 91695 91696 91696 91697 91697 91697 91697 91697 91697 91697 
1 1 1 1 3 4 4 5 7 7 7 7 7 9 10 12 12 16 16 18 22 23 29 33 35 41 51 58 69 78 87 98 114 132 160 176 209 251 293 347 394 460 543 632 741 874 1018 1196 1366 1572 1835 2137 2491 2881 3338 3868 4481 5235 6024 6906 7979 9161 10515 12099 13809 15734 17915 20394 23003 25847 28956 32382 35903 39621 43433 47256 51226 55079 58670 62412 65789 69025 71900 74619 77040 79146 81016 82648 84019 85217 86236 87076 87858 88445 89027 89461 89849 90147 90401 90640 90819 90968 91093 91210 91292 91379 91442 91488 91538 91575 91607 91632 91650 91665 91679 91684 91698 91717 91722 91727 91736 91741 91744 91747 91751 91753 91756 91760 91761 91762 91763 91763 91764 91764 91765 91765 91765 91766 91766 91766 91766 91766 91766 91766 91766 91766 91766 91766 91766 91766 91766 91766 
1 1 1 2 3 5 6 9 14 18 19 21 21 23 28 32 41 45 54 62 69 75 83 102 124 141 161 189 219 253 295 332 401 474 544 622 716 840 968 1126 1324 1526 1780 2045 2398 2800 3217 3757 4328 4981 5755 6601 7605 8709 10016 11517 13177 15005 17078 19344 21850 24571 27588 30762 34188 37786 41467 45275 49309 53125 56934 60638 64101 67435 70514 73325 75909 78210 80186 81961 83442 84700 85842 86772 87602 88285 88866 89355 89764 90126 90397 90610 90816 90958 91104 91236 91328 91414 91480 91536 91576 91621 91641 91668 91681 91700 91712 91719 91732 91744 91751 91753 91756 91759 91762 91764 91765 91766 91768 91769 91769 91769 91770 91771 91771 91773 91773 91773 91773 91773 91773 91773 91773 91773 91773 
1 2 3 3 3 4 5 6 6 9 11 12 15 15 17 20 21 21 24 30 34 38 45 56 62 72 83 94 105 120 139 169 197 223 267 307 373 436 526 620 732 852 990 1166 1344 1566 1845 2140 2477 2909 3367 3916 4530 5263 6082 7011 8103 9334 10696 12208 13970 15938 18087 20526 23170 26089 29222 32632 36245 39944 43708 47498 51381 55229 58955 62487 65968 69143 72119 74653 77032 79112 80957 82544 84033 85315 86353 87196 87943 88577 89081 89499 89880 90183 90431 90654 90823 90970 91094 91196 91288 91356 91419 91457 91512 91539 91566 91585 91601 91616 91632 91649 91655 91662 91670 91675 91679 91680 91687 91688 91689 91692 91693 91694 91695 91696 91697 91697 91697 91697 91697 91697 91697 91697 91697 91697 91697 
1 1 1 1 1 1 1 1 1 2 4 4 4 4 8 10 11 12 16 22 30 36 46 54 61 76 85 91 108 130 163 189 214 263 303 345 406 479 567 661 775 922 1060 1242 1450 1690 1980 2333 2714 3142 3644 4177 4827 5584 6433 7433 8591 9898 11425 13103 14871 16876 19133 21677 24394 27490 30723 33979 37544 41256 45030 48854 52744 56613 60249 63717 67070 70173 72953 75446 77750 79811 81582 83124 84463 85638 86560 87406 88093 88658 89092 89539 89897 90209 90491 90706 90876 91004 91117 91229 91317 91379 91437 91494 91528 91570 91602 91624 91645 91657 91669 91680 91692 91698 91708 91713 91715 91720 91726 91727 91730 91732 91733 91733 91735 91738 91740 91742 91743 91743 91744 91744 91744 91744 91744 91744 91744 91744 91744 91744 91744 91744 
1 1 1 1 1 1 1 2 2 2 2 2 2 2 5 5 5 5 5 5 7 7 8 10 10 10 12 13 13 15 16 20 30 33 36 42 49 61 72 84 96 118 138 159 186 219 242 283 337 397 458 536 626 739 856 1003 1153 1338 1564 1818 2108 2483 2871 3326 3846 4516 5273 6121 7099 8187 9459 10908 12526 14390 16403 18658 21158 23857 26828 30022 33466 37086 40772 44564 48509 52354 56239 59936 63415 66890 69988 72712 75414 77826 79850 81610 83179 84525 85639 86662 87510 88233 88843 89358 89792 90138 90404 90632 90840 91003 91157 91271 91374 91447 91519 91574 91616 91651 91683 91719 91737 91750 91761 91779 91785 91794 91795 91797 91801 91802 91803 91805 91806 91809 91812 91812 91815 91815 91816 91819 91821 91821 91821 91821 91821 91822 91822 91822 91822 91822 91822 91822 91822 91822 
1 1 1 1 1 1 2 2 4 5 5 7 7 10 12 15 17 19 24 26 28 36 42 51 69 78 88 100 109 118 142 165 209 237 287 338 392 460 527 596 687 805 936 1089 1262 1468 1695 1966 2263 2629 3052 3572 4131 4763 5554 6466 7456 8520 9798 11273 12924 14752 16843 19118 21681 24469 27442 30640 34014 37517 41291 45064 49009 52949 56760 60559 64162 67419 70590 73305 75830 78079 80099 81878 83440 84624 85754 86696 87480 88156 88734 89213 89638 89948 90227 90447 90637 90818 90955 91062 91167 91236 91296 91353 91406 91439 91476 91496 91514 91529 91540 91549 91561 91573 91578 91581 91585 91590 91591 91592 91593 91594 91595 91596 91596 91596 91596 91596 91596 91596 91596 91596 91596 91596 91596 
1 1 1 1 1 1 1 1 2 2 2 2 2 2 3 3 7 9 11 11 14 15 16 21 25 29 34 40 44 53 56 71 80 98 108 125 150 180 210 235 275 336 387 438 500 581 682 772 910 1052 1236 1419 1656 1927 2260 2614 3054 3545 4092 4700 5467 6289 7304 8496 9707 11239 12840 14614 16727 19035 21550 24272 27224 30414 33877 37494 41215 45068 48964 52841 56714 60424 63942 67266 70376 73158 75697 78031 80057 81798 83283 84597 85722 86651 87491 88195 88786 89266 89677 90014 90302 90541 90731 90892 91020 91116 91211 91292 91367 91437 91490 91530 91561 91590 91605 91623 91642 91661 91665 91675 91680 91688 91693 91694 91697 91698 91700 91700 91703 91703 91705 91706 91706 91706 91706 91707 91707 91707 91707 91707 91707 91707 91707 91707 91707 91707 
1 1 1 3 3 3 3 3 3 3 7 7 8 9 9 12 13 15 19 23 26 27 32 36 41 59 66 75 84 106 131 147 162 196 224 254 299 366 440 514 605 712 826 965 1109 1278 1478 1717 1974 2314 2696 3131 3633 4222 4866 5673 6568 7513 8637 9909 11408 13066 14884 16992 19234 21810 24521 27481 30657 34137 37758 41628 45363 49206 53157 57000 60732 64214 67615 70686 73454 75983 78210 80239 82024 83542 84845 85947 86898 87692 88400 88958 89444 89848 90190 90454 90681 90877 91040 91211 91335 91445 91520 91585 91638 91681 91734 91771 91795 91823 91847 91863 91875 91884 91896 91902 91911 91917 91919 91921 91925 91926 91927 91927 91928 91928 91930 91930 91931 91931 91931 91931 91931 91932 91932 91932 91932 91932 91932 91932 91932 91932 91932 91932 
1 1 1 1 1 1 1 1 2 4 5 5 5 5 7 8 10 12 13 15 18 23 28 35 41 56 66 74 82 94 115 128 148 174 201 237 273 330 398 463 537 619 720 841 986 1167 1355 1570 1792 2078 2418 2774 3231 3763 4354 5064 5889 6798 7803 8985 10334 11903 13567 15486 17663 20053 22656 25517 28572 31782 35213 38793 42575 46379 50261 54047 57847 61567 65111 68368 71418 74097 76481 78768 80704 82369 83817 85065 86151 87057 87841 88496 89069 89474 89879 90200 90468 90724 90907 91054 91186 91307 91397 91477 91538 91591 91632 91674 91704 91726 91744 91756 91772 91786 91794 91799 91805 91809 91813 91816 91819 91825 91827 91829 91829 91829 91833 91834 91834 91834 91834 91834 91834 91834 91834 91834 91834 91834 91834 91834 
1 1 1 1 1 
1 1 1 1 1 1 1 1 2 2 2 2 3 3 3 3 3 3 4 5 7 7 12 14 15 16 16 18 20 31 35 38 44 51 62 74 88 112 134 159 186 205 242 289 340 406 484 552 654 757 902 1050 1204 1380 1612 1857 2164 2512 2917 3383 3928 4519 5183 5973 6866 7923 9138 10508 11940 13618 15535 17620 20092 22722 25732 28738 32011 35418 39068 42877 46709 50688 54553 58398 62158 65622 68850 71761 74476 76989 79167 80961 82663 84099 85380 86372 87293 88063 88765 89324 89758 90132 90434 90696 90915 91089 91246 91347 91466 91539 91596 91657 91717 91752 91792 91822 91842 91865 91885 91895 91905 91912 91922 91930 91931 91932 91938 91943 91944 91949 91950 91950 91952 91952 91952 91952 91952 91952 91953 91953 91953 91953 91953 91953 91953 91953 91953 91953 
1 1 1 1 1 1 1 1 2 4 4 4 4 4 6 7 9 15 17 17 24 30 34 38 42 50 53 64 82 90 101 122 139 165 195 227 275 318 381 437 520 594 693 789 926 1060 1250 1453 1697 1983 2307 2680 3092 3596 4132 4818 5577 6423 7429 8533 9777 11170 12776 14569 16616 18939 21428 24104 27082 30354 33736 37352 41216 44900 48713 52568 56409 60163 63584 66883 69968 72760 75346 77572 79582 81370 82917 84257 85360 86367 87243 87954 88569 89078 89456 89826 90129 90387 90562 90727 90880 90988 91089 91178 91249 91302 91357 91387 91428 91453 91472 91498 91510 91524 91537 91545 91554 91558 91565 91571 91576 91577 91578 91581 91583 91586 91587 91587 91589 91590 91590 91590 91590 91591 91591 91591 91591 91591 91591 91592 91592 91592 91592 
1 1 1 1 1 1 1 1 1 2 3 3 3 3 3 3 4 9 10 11 12 15 18 21 22 26 31 43 49 63 70 78 90 105 119 137 167 198 227 255 299 340 401 458 531 629 726 842 964 1096 1272 1495 1693 1942 2270 2648 3105 3560 4118 4758 5474 6339 7305 8413 9678 11113 12757 14619 16609 18861 21335 24002 26898 30096 33442 37063 40847 44632 48478 52309 56142 59824 63365 66784 69923 72728 75226 77555 79682 81423 82997 84355 85520 86502 87305 87948 88564 89009 89432 89753 90042 90295 90498 90673 90816 90924 91015 91095 91162 91218 91268 91309 91327 91358 91382 91399 91413 91424 91432 91439 91443 91447 91447 91448 91451 91456 91458 91458 91458 91459 91461 91461 91461 91461 91462 91464 91464 91464 91464 91465 91465 91465 91465 91465 91465 91465 91466 91466 91466 91466 91467 91467 91467 91467 91467 91467 91467 91467 91467 91467 91467 91467 91467 
1 1 1 1 1 1 1 1 1 1 2 2 5 5 5 5 6 6 7 10 11 11 12 12 12 16 17 19 22 24 30 33 40 47 53 62 70 77 89 111 138 159 177 197 223 268 321 369 430 499 582 664 773 887 1026 1188 1366 1578 1845 2150 2469 2897 3370 3874 4494 5156 5942 6814 7778 8912 10243 11748 13462 15337 17450 19799 22398 25197 28218 31415 34872 38484 42256 46209 50042 53925 57751 61428 64981 68218 71173 73878 76380 78542 80395 82078 83513 84777 85877 86767 87524 88165 88697 89203 89559 89882 90182 90401 90578 90729 90871 90969 91065 91141 91211 91271 91315 91352 91393 91411 91427 91441 91457 91473 91482 91493 91498 91503 91509 91512 91513 91513 91513 91516 91517 91517 91519 91519 91521 91521 91522 91522 91522 91522 91522 91522 91522 91522 91523 91523 91523 91523 91523 91523 91523 91523 91523 91523 91523 91523 91523 91523 
1 1 1 1 2 4 4 4 4 4 4 5 6 7 14 15 18 22 32 37 46 52 62 69 77 95 113 137 163 192 210 253 287 333 376 441 516 607 691 820 966 1118 1289 1504 1764 2098 2418 2787 3245 3798 4418 5088 5861 6738 7808 8996 10286 11746 13399 15293 17322 19710 22287 25019 28006 31219 34670 38300 41961 45826 49765 53534 57394 61066 64431 67710 70676 73448 75958 78196 80267 81937 83408 84791 85876 86817 87670 88327 88898 89379 89762 90082 90373 90610 90835 90991 91110 91223 91289 91369 91438 91492 91536 91572 91597 91618 91642 91665 91675 91690 91694 91698 91707 91716 91720 91726 91728 91730 91731 91734 91735 91736 91737 91737 91737 91737 91738 91738 91738 91738 91738 91738 91738 91738 91738 
1 1 1 1 1 1 2 3 4 4 4 4 4 6 6 10 13 13 16 18 19 22 24 27 34 40 48 58 60 66 76 87 105 123 145 165 203 238 272 317 384 435 497 606 707 831 995 1158 1336 1535 1790 2087 2428 2824 3277 3830 4426 5142 5902 6784 7808 8978 10280 11846 13435 15314 17393 19719 22306 25097 28043 31147 34673 38285 41974 45833 49835 53761 57607 61067 64475 67733 70728 73542 75958 78118 80062 81834 83318 84577 85641 86553 87370 88037 88601 89054 89484 89832 90105 90352 90568 90743 90897 90993 91102 91190 91253 91315 91375 91413 91439 91475 91503 91520 91536 91549 91562 91571 91580 91584 91590 91597 91602 91606 91609 91610 91611 91612 91616 91617 91620 91621 91622 91624 91624 91626 91627 91630 91630 91631 91633 91633 91633 91634 91635 91635 91635 91635 91636 91636 91636 91636 91636 91636 91636 91636 91636 91636 91636 91636 
1 1 1 1 2 2 2 4 7 8 9 9 10 10 12 15 19 21 25 26 30 31 36 39 44 54 66 73 85 99 114 130 153 181 210 246 289 332 395 449 535 620 721 828 991 1158 1358 1598 1882 2155 2486 2905 3357 3879 4463 5214 6026 6961 7986 9337 10732 12307 14084 16117 18350 20760 23506 26326 29482 32851 36337 40081 43911 47717 51616 55407 59038 62620 65992 69162 72093 74723 77142 79243 81032 82607 84001 85251 86309 87204 87976 88575 89100 89507 89862 90177 90388 90595 90747 90898 91023 91121 91204 91274 91342 91396 91435 91470 91496 91519 91543 91561 91573 91580 91592 91604 91608 91612 91615 91620 91621 91626 91627 91627 91629 91631 91631 91631 91631 91631 91631 91632 91632 91633 91633 91633 91633 91633 91633 91633 91633 91633 91633 91633 91633 91633 91633 91633 
1 1 1 1 1 1 1 2 4 4 7 10 11 12 15 18 20 29 38 44 49 58 69 81 89 101 129 165 189 225 255 308 366 418 505 577 676 769 868 985 1144 1341 1542 1772 2030 2306 2695 3095 3584 4112 4764 5554 6388 7374 8493 9733 11134 12747 14510 16510 18755 21258 23911 26946 30017 33275 36862 40667 44411 48198 52156 55895 59551 63019 66402 69590 72462 75044 77342 79360 81205 82823 84242 85439 86433 87302 88006 88629 89147 89588 89956 90268 90512 90707 90888 91026 91154 91262 91354 91411 91478 91521 91565 91614 91634 91652 91673 91685 91698 91708 91715 91725 91727 91734 91736 91741 91747 91748 91751 91751 91751 91752 91752 91753 91753 91754 91755 91756 91756 91756 91756 91757 91757 91757 91757 91757 91757 91757 91757 91757 91757 91757 91757 91757 
1 1 1 1 1 2 2 2 3 4 4 4 5 5 5 6 8 8 8 10 10 13 14 15 16 16 20 21 24 25 28 34 38 44 48 57 66 78 88 103 123 137 149 177 202 243 282 317 378 441 524 627 717 847 1001 1166 1351 1569 1813 2133 2479 2870 3366 3943 4564 5251 6101 7079 8199 9494 10841 12324 14085 16106 18320 20738 23414 26458 29749 33087 36724 40386 44159 48041 51915 55823 59533 63140 66446 69504 72456 75087 77418 79531 81425 83052 84395 85519 86513 87343 88068 88653 89173 89603 89962 90228 90456 90637 90804 90950 91069 91172 91265 91317 91380 91424 91458 91493 91532 91559 91576 91589 91605 91620 91630 91640 91645 91645 91649 91654 91660 91662 91663 91663 91664 91665 91665 91666 91666 91666 91667 91667 91669 91669 91669 91669 91669 91669 91669 91669 91669 91669 91669 91669 
1 1 1 1 1 2 3 3 4 4 5 7 7 7 9 9 13 15 15 17 22 26 30 39 43 50 55 61 76 88 101 120 134 156 186 215 248 291 352 415 472 538 604 689 790 920 1102 1301 1512 1760 2030 2389 2784 3206 3725 4366 5050 5845 6736 7732 8910 10216 11719 13420 15392 17427 19692 22180 24944 28051 31283 34738 38353 42171 45971 49882 53760 57507 61241 64723 68006 71047 73868 76294 78497 80460 82150 83657 84880 85908 86832 87590 88272 88837 89287 89667 89995 90286 90520 90721 90892 91010 91128 91214 91295 91355 91406 91445 91485 91514 91540 91554 91569 91589 91605 91620 91634 91639 91646 91649 91654 91655 91657 91659 91659 91661 91662 91662 91663 91663 91663 91663 91663 91663 91663 91663 91663 91663 91663 
1 1 1 1 1 1 1 1 1 
1 1 1 1 2 3 3 4 4 6 11 12 16 20 29 32 34 47 54 64 76 91 110 122 149 177 211 246 284 328 390 462 521 614 726 865 1026 1198 1383 1604 1888 2196 2564 3026 3555 4103 4749 5476 6363 7363 8425 9697 11156 12766 14539 16621 18964 21461 24175 27192 30305 33739 37359 41096 44910 48740 52642 56433 60092 63694 67104 70217 73043 75605 77828 79791 81551 83134 84435 85537 86504 87351 88074 88678 89201 89653 90016 90309 90565 90769 90936 91081 91226 91331 91413 91481 91538 91578 91614 91660 91682 91705 91724 91739 91751 91759 91767 91777 91784 91788 91794 91798 91799 91802 91804 91805 91806 91806 91806 91810 91811 91812 91812 91813 91813 91813 91813 91813 91814 91815 91815 91815 91815 91815 91815 91815 91815 91815 91815 91815 91815 91815 91815 
1 1 1 1 1 1 1 1 
1 1 1 1 1 1 1 1 1 1 
1 1 1 1 1 2 3 3 3 5 5 5 5 6 6 6 7 8 10 11 12 14 14 14 17 17 20 23 28 33 39 41 44 52 57 66 76 88 103 125 142 161 186 214 241 280 325 380 440 515 601 696 804 940 1104 1297 1519 1764 2045 2400 2798 3232 3717 4287 4979 5759 6652 7649 8829 10101 11533 13190 15123 17241 19526 21988 24668 27651 30912 34329 37985 41731 45507 49396 53341 57083 60693 64274 67614 70681 73623 76085 78309 80262 82010 83470 84824 85894 86794 87587 88252 88818 89294 89695 90044 90325 90562 90763 90923 91073 91197 91286 91361 91427 91480 91527 91568 91602 91633 91655 91672 91694 91712 91722 91731 91737 91739 91745 91748 91751 91753 91754 91759 91761 91761 91763 91765 91766 91766 91766 91766 91766 91766 91767 91767 91767 91767 91768 91768 91768 91768 91768 91768 91768 91768 91768 91768 
1 1 1 1 1 1 2 2 3 3 4 4 5 6 7 10 14 14 16 19 21 24 25 32 35 43 57 72 84 104 118 135 154 178 215 256 293 351 408 476 545 635 733 854 1018 1190 1384 1603 1850 2140 2482 2875 3322 3848 4467 5118 5943 6862 7925 9080 10458 11899 13427 15337 17428 19745 22293 25032 28096 31371 34751 38415 42173 45958 49799 53587 57439 61123 64663 67847 70871 73684 76155 78350 80279 82050 83533 84814 85925 86834 87645 88297 88860 89311 89681 90030 90315 90525 90740 90893 91042 91142 91241 91324 91401 91457 91501 91550 91586 91610 91625 91640 91658 91668 91679 91687 91694 91702 91711 91713 91716 91718 91719 91722 91722 91725 91726 91728 91728 91728 91729 91730 91730 91730 91731 91731 91731 91731 91731 91731 91731 91731 91731 91731 91731 91731 91731 
1 1 2 4 4 4 4 6 7 7 9 9 10 11 11 14 15 16 18 24 30 38 44 48 52 61 67 78 93 109 123 139 161 181 220 277 315 379 445 507 586 701 819 950 1108 1296 1507 1734 2044 2395 2792 3255 3750 4303 4985 5762 6672 7704 8919 10227 11644 13369 15292 17389 19718 22346 25139 28113 31223 34667 38258 42053 45843 49641 53479 57155 60778 64427 67640 70623 73377 75851 78081 80010 81773 83254 84572 85639 86588 87386 88049 88623 89112 89554 89889 90160 90396 90591 90760 90906 91042 91140 91229 91299 91364 91422 91472 91509 91536 91560 91575 91589 91613 91626 91634 91642 91652 91657 91662 91664 91666 91671 91671 91674 91677 91680 91681 91682 91682 91682 91682 91683 91683 91683 91683 91683 91683 91684 91684 91686 91686 91686 91686 91686 91686 91686 91686 91686 
