1 0 0 1 0 0 1 1 1 2 0 0 2 1 2 2 3 7 2 7 11 9 11 12 17 15 29 35 43 46 59 71 76 104 123 187 211 184 265 319 385 460 558 684 820 937 1125 1423 1664 1887 2224 2735 2999 3364 3701 4196 4579 4967 5208 5318 5274 5064 4846 4547 4142 3642 3165 2709 2226 1862 1511 1252 940 754 608 517 408 333 262 178 159 103 89 80 61 43 35 24 20 13 10 15 12 9 9 5 3 1 1 3 3 2 1 1 3 0 0 0 0 0 1 1 0 0 0 0 0 0 0 0 0 0 0 0 
1 0 0 0 0 0 2 0 0 0 0 0 0 3 5 0 1 2 1 5 4 3 8 7 7 7 9 15 16 21 27 41 33 38 52 70 83 105 90 162 196 197 246 307 406 464 536 638 785 849 1175 1322 1503 1808 2113 2566 2774 3217 3501 4084 4483 4765 5074 5222 5272 5154 5114 4744 4247 3844 3378 3031 2434 1863 1673 1307 1053 845 634 509 424 307 240 188 132 133 98 82 67 50 40 25 19 24 17 6 8 8 3 2 3 4 1 2 1 2 1 0 1 0 0 0 0 1 0 1 0 0 0 0 0 0 0 0 0 0 0 
1 0 0 0 0 0 1 0 0 2 0 1 1 2 0 1 5 2 3 11 5 7 12 6 12 14 19 23 23 31 41 36 59 66 95 96 120 145 172 193 246 310 368 446 478 629 701 900 1060 1215 1496 1728 2034 2343 2704 3071 3656 3964 4295 4676 4995 5129 5237 5199 5088 4864 4388 4066 3420 3007 2477 2078 1688 1415 1166 903 750 534 435 355 281 222 180 136 106 77 80 48 42 34 25 15 19 12 13 5 6 7 1 2 3 4 1 0 0 2 1 1 0 0 0 0 0 0 0 0 0 0 0 0 0 0 0 0 0 
1 0 0 0 0 0 2 0 0 1 1 0 2 2 0 2 3 5 3 4 4 11 12 17 16 11 21 28 32 48 47 54 63 94 93 122 145 173 208 254 314 387 435 519 664 833 926 1059 1341 1563 1870 2207 2503 2835 3312 3664 4085 4553 4722 5047 5254 5264 5228 4956 4727 4243 3859 3388 2869 2324 1949 1651 1242 1032 852 638 514 429 320 218 183 156 117 85 67 61 55 39 29 22 16 19 12 9 11 2 3 4 4 0 1 0 0 0 2 0 0 1 0 0 0 0 0 0 0 0 0 0 0 
1 0 0 0 0 1 1 1 1 1 1 1 2 1 4 2 7 5 6 7 17 20 12 14 14 18 40 51 50 57 55 74 111 138 132 159 226 254 319 405 421 564 599 756 889 1115 1249 1518 1786 2085 2367 2873 3163 3551 3952 4334 4767 4937 5172 5316 5250 5071 4708 4403 4006 3291 2953 2450 2091 1651 1376 1100 817 697 559 457 313 281 224 182 159 97 89 69 60 43 32 26 17 14 10 6 7 3 5 5 2 2 2 4 1 1 1 0 0 0 0 0 0 0 0 0 0 0 
1 0 0 0 0 0 0 0 1 1 0 0 0 0 2 1 3 4 1 0 3 4 9 7 11 12 9 24 15 18 32 17 36 44 56 63 63 97 99 129 175 183 233 266 351 444 458 617 712 860 1074 1249 1505 1759 2032 2400 2740 3067 3422 3969 4447 4714 4949 5182 5366 5281 5041 4854 4413 3941 3540 2991 2521 2046 1724 1385 1133 910 693 581 452 325 278 227 182 131 99 95 62 51 38 29 24 12 12 12 10 5 9 4 4 4 2 3 0 0 1 1 0 0 1 1 0 0 0 0 0 0 0 0 0 
1 0 0 0 0 0 0 0 0 0 1 0 1 1 1 0 0 2 1 6 6 5 1 2 9 13 9 12 17 22 27 32 34 57 63 61 88 106 133 139 185 262 276 322 390 499 561 609 820 969 1151 1344 1638 1844 2315 2539 2947 3401 3887 4118 4627 4967 5045 5226 5300 5179 4930 4644 4125 3710 3237 2733 2295 1812 1583 1262 953 700 613 476 380 324 205 185 130 112 88 53 53 44 28 29 18 19 17 11 9 9 4 5 2 2 8 2 2 1 1 0 2 0 0 1 0 0 0 0 0 0 0 0 0 
1 0 0 0 0 1 0 0 0 3 2 2 1 3 2 1 6 11 6 6 13 12 13 17 28 30 29 44 47 50 81 75 110 123 128 154 184 236 279 312 412 470 591 748 822 884 1257 1428 1590 2031 2294 2565 2883 3402 3770 4337 4576 4782 5078 5268 5231 5145 4980 4588 4032 3625 3150 2636 2249 1846 1582 1162 958 826 599 492 408 338 228 202 139 115 74 75 46 44 32 35 25 14 18 8 7 8 3 4 4 0 3 2 2 0 0 0 0 0 0 1 0 0 0 0 0 0 0 0 
1 0 0 0 0 0 2 0 0 0 2 0 2 1 0 3 0 1 2 3 2 5 5 3 5 5 7 7 10 14 14 29 23 18 32 45 45 60 69 63 85 122 162 156 220 234 290 359 412 550 607 705 852 1044 1310 1530 1722 2016 2333 2682 3079 3460 4067 4323 4741 4957 5200 5274 5358 5159 4889 4329 3984 3470 3069 2508 2086 1585 1387 1112 872 714 583 420 362 264 221 140 133 88 80 48 58 33 27 21 17 16 10 6 6 5 3 4 1 0 2 3 0 0 0 0 1 0 0 0 0 0 0 
1 0 0 0 0 1 0 0 0 1 1 2 1 0 0 2 3 1 8 7 3 11 8 13 19 12 17 17 24 32 45 51 59 57 76 94 112 153 165 194 257 306 358 423 524 593 774 906 1055 1275 1532 1785 2051 2379 2690 3170 3466 3940 4371 4646 4985 5186 5228 5402 5180 4664 4317 3894 3490 2952 2530 2063 1754 1343 1154 858 663 583 431 354 247 214 159 151 109 86 69 65 38 30 23 20 14 15 7 10 11 2 5 2 3 1 0 0 2 3 2 0 1 0 0 0 0 0 0 0 0 
1 0 0 0 0 0 2 0 0 1 1 3 2 3 0 3 4 4 5 3 8 9 9 15 10 18 25 26 46 38 48 54 100 75 109 140 138 216 215 280 334 368 434 587 678 828 985 1183 1314 1576 1862 2187 2594 2974 3378 3642 4103 4508 4799 5013 5286 5393 5271 5037 4572 4125 3702 3206 2723 2345 2008 1538 1262 1021 766 663 488 408 301 249 207 144 128 79 82 59 42 31 29 19 19 7 13 6 4 5 5 2 1 1 0 5 0 0 0 3 0 0 1 1 0 1 0 0 0 0 0 0 0 0 0 0 0 0 
1 0 0 0 0 0 0 3 0 0 1 3 2 0 0 2 2 1 2 2 3 5 12 8 6 14 16 12 21 24 34 20 43 54 77 58 107 125 144 152 182 234 296 356 428 469 599 674 885 1023 1205 1403 1693 2004 2327 2698 3052 3401 3798 4270 4579 4916 5142 5332 5176 5185 4874 4450 4082 3560 3203 2638 2203 1807 1399 1160 879 767 583 470 343 299 234 183 157 108 68 66 49 62 21 22 22 11 8 14 8 7 2 1 5 2 1 1 0 0 0 0 2 0 0 0 0 0 0 0 0 0 0 
1 0 0 0 0 0 0 0 
1 0 0 0 2 0 1 0 0 0 0 0 1 1 1 0 4 0 1 5 2 6 2 10 8 10 8 13 15 15 26 30 45 47 48 72 89 83 105 142 168 204 239 305 387 416 464 589 758 862 1037 1234 1456 1710 2014 2291 2704 3078 3523 3849 4374 4653 5102 5250 5278 5235 5094 4813 4506 3995 3508 3065 2529 2143 1723 1443 1130 867 701 559 435 333 264 228 170 136 128 76 61 42 35 17 19 23 14 10 8 7 6 6 2 3 0 4 3 2 1 0 0 0 0 0 0 0 0 0 0 0 0 0 0 0 0 0 0 
1 0 0 0 0 0 0 1 1 1 1 0 2 2 0 1 3 5 2 1 6 6 12 6 10 20 18 20 26 23 45 45 50 65 86 86 109 140 177 208 289 288 299 434 461 588 682 886 1003 1235 1387 1653 1966 2242 2613 2993 3391 3859 4217 4596 5041 5173 5146 5231 5247 4873 4584 4051 3654 3197 2729 2126 1700 1554 1123 941 706 536 442 363 302 260 158 143 87 81 69 56 49 28 23 25 19 8 11 8 4 6 5 5 3 2 0 1 1 0 2 0 0 1 0 0 0 0 0 1 0 1 0 0 0 0 0 0 0 0 0 1 0 0 0 0 0 0 0 0 0 0 
1 0 0 0 0 1 0 0 1 0 0 0 0 0 0 1 2 3 1 2 0 1 6 2 7 2 6 4 5 7 8 16 14 13 17 29 22 28 35 48 46 53 68 98 111 120 149 193 221 252 366 406 498 580 724 838 1042 1222 1435 1576 2003 2342 2648 3169 3425 3875 4244 4578 4750 5332 5294 5285 5143 4850 4497 4114 3562 3103 2637 2168 1796 1480 1119 910 759 571 466 371 299 236 161 177 111 84 57 40 47 35 32 26 10 14 6 9 3 3 3 2 5 0 1 0 1 0 0 0 0 0 0 0 1 0 0 
1 0 0 0 0 2 0 0 0 1 3 3 1 5 2 5 12 6 8 14 15 8 19 21 21 23 41 51 43 51 66 85 113 138 162 180 208 252 346 377 506 532 694 784 919 1144 1314 1542 1815 2130 2481 2882 3294 3643 4044 4546 4933 5044 5171 5346 5242 4988 4684 4295 3840 3314 2870 2361 1896 1576 1263 1039 778 644 520 364 271 250 187 164 102 92 68 55 41 31 19 27 22 10 10 12 9 5 3 9 1 2 2 1 1 2 0 0 0 0 0 0 0 0 0 0 0 0 
1 0 0 0 0 1 1 2 0 0 0 2 1 7 5 10 6 3 7 8 16 9 24 24 26 34 38 56 64 75 94 132 119 148 191 215 296 328 387 447 555 749 827 979 1182 1445 1599 1877 2313 2528 2957 3383 3864 4245 4560 4929 5097 5160 5385 5262 4872 4520 4138 3600 3213 2744 2204 1795 1486 1184 986 731 587 488 365 302 214 170 150 110 93 72 60 45 35 27 14 18 10 11 9 4 6 5 5 3 1 1 1 0 5 0 0 0 0 0 0 0 0 0 0 0 0 0 0 0 0 0 0 
1 0 0 0 0 0 1 0 0 3 0 0 2 2 1 2 0 7 3 4 2 5 3 6 3 13 13 14 20 26 26 24 35 42 39 63 84 79 96 122 143 197 232 287 299 341 463 595 706 800 1047 1078 1438 1636 1922 2279 2602 2864 3400 3863 4218 4571 4754 5061 5318 5262 5117 5011 4574 4136 3705 3091 2730 2260 1887 1507 1224 998 814 593 511 336 310 237 178 162 112 90 80 49 49 35 26 23 17 9 12 10 5 5 9 3 2 1 2 2 0 0 0 0 0 0 0 0 0 0 0 0 0 
1 0 0 0 1 1 0 0 0 0 1 2 2 0 2 2 3 4 3 6 7 8 11 20 18 15 20 32 36 39 56 58 73 123 114 152 146 201 275 304 312 414 536 611 743 861 984 1259 1451 1752 1993 2300 2759 3159 3500 3928 4372 4802 5006 5239 5177 5232 5137 4977 4498 3945 3451 3055 2535 2097 1698 1352 1113 917 739 544 392 319 277 213 163 143 97 74 67 53 43 42 27 15 15 8 6 4 2 4 4 1 2 1 1 1 0 0 2 1 0 0 0 0 0 0 0 0 0 0 0 0 0 
1 0 0 0 0 0 0 1 1 1 0 1 1 2 4 2 6 5 8 8 9 11 13 23 20 21 18 26 25 52 62 57 87 110 116 132 197 206 233 268 350 452 532 611 820 916 1113 1266 1505 1783 2050 2405 2832 3178 3655 4013 4465 4797 5085 5080 5353 5280 5110 4957 4283 3775 3332 2882 2418 2060 1676 1293 1062 824 635 511 392 346 235 217 159 137 99 74 63 57 28 36 14 17 16 12 7 8 5 2 3 2 2 1 2 1 0 3 0 0 1 0 0 0 1 0 0 0 0 0 0 0 0 
1 0 0 0 1 0 1 0 1 1 1 3 8 3 7 5 1 2 3 6 11 9 16 18 15 26 36 38 50 44 63 79 102 144 145 202 208 245 327 383 490 577 688 813 957 1182 1299 1619 1936 2142 2521 2857 3413 3817 4132 4523 4754 5054 5287 5192 5166 5076 4734 4262 3753 3358 2693 2322 1874 1507 1221 1039 738 638 500 370 309 231 195 134 117 83 72 60 34 31 27 14 21 11 14 10 5 2 2 1 0 3 0 2 0 0 1 0 1 1 0 0 1 1 0 0 0 0 0 0 0 1 0 0 0 0 0 0 0 0 0 0 0 
1 0 0 0 0 2 1 0 0 1 0 0 2 5 1 0 2 1 4 6 3 6 9 7 9 15 10 21 11 25 26 30 43 47 48 63 87 104 106 120 154 201 247 279 348 416 468 633 702 856 1046 1226 1439 1724 1957 2354 2710 3074 3438 3995 4288 4619 4888 5202 5336 5364 5101 4780 4463 3955 3615 3069 2568 2145 1790 1473 1170 912 721 541 442 336 291 215 171 138 104 69 57 51 40 25 21 23 14 9 6 8 8 5 5 0 2 4 1 1 0 0 0 0 0 1 1 0 0 0 0 0 0 0 0 1 0 0 0 0 0 0 0 0 0 0 0 
1 0 0 0 2 1 0 0 2 0 0 4 3 5 3 1 4 12 5 9 11 18 20 20 30 47 34 45 78 81 86 125 133 172 213 247 283 357 440 532 637 793 934 1029 1311 1585 1820 2107 2535 2836 3321 3621 4238 4423 4702 5174 5341 5367 5233 5073 4708 4286 3879 3312 2820 2375 1994 1574 1225 1009 818 637 498 390 318 244 206 137 132 100 79 57 40 33 32 15 14 10 10 5 9 5 3 4 3 2 5 0 0 0 0 0 0 0 0 0 0 0 0 0 
1 0 0 0 0 0 1 0 1 1 0 2 2 2 1 0 4 4 2 5 4 8 4 2 5 13 10 13 18 18 20 26 32 34 51 72 70 73 93 132 142 175 184 239 337 343 438 576 623 693 922 1024 1253 1531 1848 2134 2316 2818 3277 3611 4008 4445 4820 4938 5206 5286 5216 4927 4663 4394 3923 3530 2910 2420 2021 1647 1339 1013 868 686 589 447 343 253 218 158 127 105 72 46 52 26 28 20 25 12 6 8 7 2 6 1 2 2 3 1 3 2 0 0 0 0 0 0 0 0 2 0 0 0 0 0 0 0 0 0 
1 0 0 0 0 1 0 0 0 2 0 0 0 0 2 2 5 3 3 5 7 6 7 6 15 17 20 20 29 41 22 37 60 51 95 88 102 124 168 199 240 286 329 387 496 612 732 880 1085 1163 1430 1689 2012 2328 2662 3031 3482 3856 4184 4529 5053 5161 5201 5264 5086 4842 4651 4171 3498 3162 2661 2177 1797 1445 1179 964 703 588 445 351 262 229 192 123 79 75 66 42 32 26 28 20 12 4 9 7 4 3 2 2 2 1 0 2 0 1 1 0 0 2 0 0 0 0 0 0 0 0 0 0 0 0 
1 0 0 0 2 1 2 1 3 3 2 4 8 7 15 8 12 13 14 14 22 34 33 44 46 60 77 98 103 122 155 200 236 286 350 435 483 593 723 857 1048 1219 1427 1725 2001 2283 2717 3105 3490 3831 4343 4584 4992 5212 5170 5228 5141 4813 4565 4035 3591 3078 2540 2152 1752 1401 1246 964 658 579 463 389 281 217 152 152 111 100 69 45 38 39 19 20 15 16 10 7 7 6 6 6 4 1 1 0 0 1 0 1 1 1 0 0 0 0 0 0 0 0 1 0 0 0 0 0 0 0 0 0 0 
1 0 0 0 0 1 0 1 2 1 1 3 1 3 4 3 2 7 9 7 8 9 9 16 22 20 25 39 42 45 76 97 115 108 137 161 191 245 310 364 408 503 609 799 975 1133 1268 1566 1738 2078 2492 2852 3272 3585 4062 4584 4805 5036 5205 5262 5164 5013 4738 4240 3889 3429 2913 2363 2010 1640 1358 1074 833 647 520 391 314 256 200 151 134 112 72 52 49 38 32 25 10 19 9 8 4 5 4 3 3 2 0 0 2 2 0 0 0 0 0 1 0 0 0 0 0 0 0 0 0 0 0 
1 0 0 0 0 0 0 2 0 1 0 1 0 1 2 1 1 3 1 5 2 6 5 9 11 11 7 10 11 16 27 38 37 44 52 61 75 107 119 140 139 177 229 274 303 421 469 550 667 773 928 1135 1309 1628 1790 2184 2462 2801 3224 3743 4007 4521 4749 5080 5241 5293 5159 4985 4727 4255 3848 3305 2840 2313 1970 1599 1319 1013 766 651 495 412 317 244 203 157 111 95 70 50 41 36 42 15 17 21 10 6 9 3 2 3 1 4 0 0 0 1 1 0 0 0 0 0 0 0 0 0 0 0 0 0 0 0 0 
1 0 0 0 0 0 0 0 0 2 4 0 2 1 2 2 1 3 3 5 12 6 10 12 12 13 19 36 28 35 50 59 78 85 98 124 171 185 212 239 330 391 477 600 667 782 991 1183 1399 1688 1987 2246 2573 2960 3371 3877 4300 4674 4918 5082 5275 5256 5297 4850 4570 4140 3643 3239 2612 2221 1801 1484 1165 917 766 668 476 356 290 249 178 136 107 81 78 68 52 27 23 19 13 11 6 3 10 10 7 1 0 5 2 1 0 2 1 0 0 0 0 0 0 0 0 0 
1 0 2 1 1 0 0 1 2 1 1 0 1 4 0 3 4 5 12 9 7 11 15 18 31 30 32 39 42 66 77 111 120 128 141 224 261 269 358 401 537 619 729 860 1025 1240 1441 1645 2005 2387 2675 3050 3484 3945 4260 4703 4958 5027 5212 5343 5159 4812 4448 4077 3458 3146 2595 2093 1769 1389 1182 967 731 599 436 320 327 246 177 130 107 77 79 41 58 32 28 16 16 4 6 4 6 4 2 1 1 0 1 0 2 1 0 0 0 0 0 0 0 0 
1 0 1 2 1 0 1 2 2 3 5 5 9 6 6 6 5 15 14 26 35 21 20 50 54 68 85 90 123 144 177 161 240 331 371 467 460 572 725 915 1077 1208 1490 1709 2063 2350 2701 3153 3547 3897 4357 4581 5069 5060 5289 5383 5012 4803 4448 3959 3433 3005 2556 2183 1734 1413 1124 869 735 575 487 365 277 242 182 141 105 66 65 46 33 25 21 14 8 19 8 6 6 3 1 1 2 0 0 1 2 0 0 0 0 0 0 0 
1 0 0 0 0 1 0 2 0 2 2 4 0 3 3 8 5 6 12 14 11 14 19 19 25 25 36 47 51 62 63 85 92 109 146 178 207 241 303 399 467 549 652 809 928 1092 1300 1483 1830 2114 2425 2720 3233 3696 3910 4324 4722 5000 5191 5206 5260 5144 4762 4397 3944 3456 2946 2387 2007 1666 1359 1050 862 646 542 405 325 275 205 160 124 87 68 58 45 44 26 20 23 21 19 11 6 7 7 4 2 2 1 1 0 1 0 0 2 2 0 0 0 1 1 0 0 0 0 0 1 0 0 0 0 0 0 1 0 0 0 0 0 
1 0 0 2 0 1 1 2 1 4 4 3 7 4 5 12 13 18 16 22 20 28 35 47 44 47 70 84 86 107 153 175 215 268 254 370 440 517 643 811 931 1077 1345 1536 1828 2106 2475 2837 3269 3704 4073 4487 4868 5055 5208 5373 5276 5088 4724 4370 3923 3240 2930 2396 1917 1579 1301 1013 811 625 522 365 298 243 197 174 120 82 58 50 41 36 24 23 14 12 13 8 5 5 6 1 4 1 6 1 1 0 2 0 0 0 0 1 0 0 0 0 0 0 0 0 0 0 0 0 
1 0 0 0 1 0 1 0 2 2 1 1 3 4 0 2 6 2 13 12 7 14 20 21 14 41 30 41 64 59 60 96 121 124 156 195 202 292 350 418 522 578 739 876 989 1144 1449 1697 1924 2414 2639 3097 3514 3897 4346 4553 4955 5168 5262 5232 5268 4846 4441 4146 3557 3047 2669 2156 1714 1418 1104 906 703 614 465 345 285 216 173 146 135 105 61 62 47 37 30 28 17 9 12 6 4 1 7 3 0 2 1 1 1 0 0 0 0 0 0 0 0 0 0 0 
1 0 0 0 0 0 0 0 0 1 0 1 1 0 1 1 2 0 3 1 4 0 5 7 4 2 8 10 16 10 8 12 21 29 27 35 34 51 71 64 63 91 130 163 212 218 269 335 372 441 541 650 745 941 1088 1235 1586 1888 2085 2413 2836 3336 3711 4083 4449 4649 5167 5233 5287 5093 5015 4695 4360 3907 3364 2844 2388 1980 1595 1240 1071 796 680 503 373 311 259 234 160 98 107 78 55 47 33 28 23 14 5 6 6 7 7 4 1 2 1 3 0 1 0 1 1 0 0 0 0 0 1 0 0 0 0 0 0 0 0 0 0 0 0 0 0 0 
1 0 0 0 0 0 0 0 0 0 0 1 2 0 1 1 5 3 4 2 4 3 4 12 5 15 10 13 17 26 30 26 44 42 55 84 68 88 105 133 176 202 229 282 385 409 532 629 724 891 1096 1251 1455 1685 2054 2407 2777 3155 3414 3971 4317 4728 4901 5109 5229 5254 5087 4676 4432 3974 3580 2957 2456 2196 1730 1426 1077 924 709 584 453 354 305 228 194 131 102 89 68 44 29 47 27 19 13 9 16 12 5 5 4 2 3 0 0 1 0 0 0 1 0 1 0 0 0 0 0 0 0 0 0 0 0 
1 0 0 0 0 2 0 0 2 0 0 0 1 4 6 3 5 4 5 5 11 13 13 16 17 21 34 40 42 42 64 50 83 98 122 149 160 205 235 332 370 478 560 645 777 909 1086 1333 1525 1854 2090 2503 2957 3269 3653 4022 4495 4793 4991 5207 5397 5207 5120 4621 4365 3856 3375 2884 2378 2003 1521 1251 1050 823 633 495 437 336 257 170 162 115 88 75 65 35 37 29 22 25 17 10 3 2 6 1 3 1 1 2 0 0 2 0 0 0 0 0 0 0 0 0 
1 0 0 0 0 0 0 0 0 0 0 2 0 1 0 2 1 3 5 2 1 0 7 5 7 6 6 13 12 17 21 21 19 34 32 53 57 63 71 106 104 142 178 208 257 286 319 405 498 622 808 818 1089 1204 1466 1765 2087 2360 2735 3164 3517 3893 4262 4599 5019 5152 5289 5265 5080 4823 4493 4050 3378 3020 2531 2117 1762 1384 1138 905 712 547 443 368 282 227 148 120 100 93 60 44 32 25 22 26 10 18 12 6 4 6 5 3 2 0 4 1 0 0 1 0 0 0 0 0 0 0 0 0 0 
1 0 0 0 0 0 1 1 0 1 3 1 0 2 2 3 5 7 4 4 1 8 8 17 17 9 19 23 27 39 37 56 56 75 78 131 124 136 192 231 291 345 405 515 584 696 825 1012 1163 1439 1632 1978 2276 2670 3034 3333 3897 4145 4699 4845 5084 5320 5270 5170 4913 4514 4101 3638 3196 2676 2270 1840 1514 1206 957 721 577 421 367 301 226 171 131 107 78 64 52 35 31 21 26 4 11 8 8 5 5 1 2 3 1 1 1 1 0 0 1 0 0 0 1 0 0 0 0 0 0 1 0 0 0 0 0 0 0 
1 0 0 0 0 1 0 0 0 0 0 1 2 0 1 0 1 1 1 3 0 0 1 6 4 4 1 2 6 5 6 17 17 15 19 29 25 38 40 46 69 65 88 115 122 161 178 215 253 377 405 454 561 642 808 919 1100 1349 1525 1851 2150 2491 2926 3256 3558 4023 4339 4830 5059 5205 5280 5236 5058 4731 4337 3799 3338 2760 2407 1937 1591 1339 1067 802 657 521 399 322 253 188 167 129 99 70 64 44 38 36 25 20 13 7 7 9 5 6 6 2 0 0 3 0 2 0 0 0 0 0 1 0 0 0 1 0 0 0 0 0 0 0 0 0 0 0 0 0 
1 0 0 0 0 0 0 2 0 0 3 0 0 0 3 3 4 3 1 9 7 4 10 12 18 21 22 25 32 41 47 70 82 76 114 118 167 204 229 302 362 397 515 628 764 929 1048 1293 1439 1786 2017 2414 2751 3160 3576 3981 4328 4680 4920 5207 5477 5333 5145 4795 4387 3996 3515 3011 2474 2073 1636 1359 1097 853 730 530 395 308 272 209 157 116 86 82 67 53 31 28 19 15 9 9 12 6 3 6 2 2 3 5 2 0 0 0 0 0 0 0 0 0 1 0 0 0 0 0 0 0 
1 0 0 0 0 0 0 1 0 2 0 1 0 0 0 1 1 0 0 0 2 2 2 3 1 0 5 2 2 1 4 4 5 7 11 11 7 13 19 19 15 30 36 51 62 72 72 92 117 147 151 208 244 315 382 469 540 656 778 938 1081 1301 1548 1782 2125 2535 2800 3238 3659 4165 4456 4724 5060 5252 5219 5355 5093 4774 4270 3830 3312 2937 2408 1943 1639 1300 1005 804 643 485 393 336 234 180 158 120 103 72 70 31 31 20 16 14 15 6 6 6 3 7 3 4 1 1 0 0 0 0 0 0 0 0 0 0 0 0 0 0 
1 0 0 0 0 0 1 1 0 0 0 0 1 0 2 0 1 1 2 2 3 3 2 2 5 6 3 9 5 17 15 16 19 21 34 42 44 70 58 69 98 122 118 153 196 215 259 346 383 456 606 732 823 995 1178 1408 1678 2077 2205 2721 3121 3446 3880 4235 4571 4989 5231 5224 5301 5138 4816 4497 4126 3546 3173 2664 2124 1754 1494 1177 971 710 566 467 353 268 208 187 161 113 84 50 50 37 28 22 18 20 8 7 5 9 0 2 3 0 2 1 2 0 0 0 0 1 0 0 1 1 1 0 0 0 0 1 0 0 0 0 0 0 0 0 0 0 0 
1 0 0 0 0 0 0 0 0 0 0 1 2 0 1 1 1 0 1 3 1 8 6 4 13 7 11 18 17 22 27 31 47 53 65 70 91 95 144 185 220 206 263 353 450 526 568 669 840 1006 1186 1460 1723 1990 2297 2575 3053 3318 3901 4189 4769 4923 5132 5145 5330 5257 4964 4560 4117 3580 3166 2641 2234 1739 1453 1151 947 660 579 447 369 282 184 181 125 122 78 73 41 39 39 24 20 13 12 4 8 3 6 3 1 0 1 0 0 0 1 0 0 0 0 0 0 0 0 
1 0 0 0 0 0 1 0 2 0 1 0 1 2 4 3 1 2 4 5 8 11 18 10 18 18 13 28 44 36 69 60 82 104 115 130 147 179 246 326 295 425 501 629 751 892 1042 1272 1433 1756 2022 2395 2763 3109 3448 3880 4443 4739 5004 5241 5376 5154 5160 4693 4476 3931 3462 3046 2507 2096 1732 1412 1107 887 714 567 446 322 293 205 184 124 112 71 53 49 45 30 21 13 15 14 12 10 5 2 2 3 4 4 2 1 0 1 0 0 0 0 0 0 0 
1 0 0 2 1 0 3 2 0 4 1 3 3 3 5 10 8 5 11 9 15 11 15 25 28 42 39 48 61 58 107 125 131 169 195 269 297 322 380 507 586 712 845 947 1185 1379 1664 1868 2329 2639 2955 3466 3796 4203 4678 4920 5131 5303 5251 5082 4945 4578 4041 3591 3181 2665 2205 1847 1486 1139 927 745 614 448 349 314 230 187 147 111 90 67 42 45 36 38 17 15 15 9 11 3 3 1 9 3 2 0 1 1 0 0 1 0 0 0 0 0 0 0 0 
1 0 0 0 0 0 0 0 0 1 0 0 0 0 0 0 3 0 0 2 1 0 3 0 2 2 5 2 5 9 5 8 14 21 17 11 11 26 31 35 26 34 66 67 64 132 129 152 171 195 224 289 371 444 524 573 713 949 1055 1248 1509 1738 2016 2346 2626 3119 3598 4099 4259 4811 5027 5098 5313 5327 4998 4806 4348 3998 3486 2945 2531 2171 1798 1366 1110 889 676 558 425 310 263 221 184 123 93 81 59 51 40 27 26 20 14 18 10 12 4 5 2 0 2 1 2 1 0 2 0 2 0 0 0 0 0 0 0 0 0 
1 0 0 0 0 2 0 0 0 0 0 0 0 1 4 1 1 0 4 3 5 0 6 9 9 12 6 20 23 19 37 44 36 47 55 70 108 111 130 172 198 235 308 353 409 482 604 754 882 1033 1204 1464 1728 1972 2373 2702 3116 3507 3939 4242 4828 4952 5254 5258 5320 5093 4914 4457 4013 3623 3061 2519 2035 1758 1379 1160 848 685 542 433 347 239 205 153 119 94 82 71 47 37 38 14 24 11 13 7 6 2 7 7 2 0 1 3 1 3 1 0 0 0 1 0 0 0 0 0 0 1 0 0 0 0 1 0 0 0 0 0 0 
1 0 0 0 0 0 0 0 0 0 1 0 0 0 3 1 2 0 1 2 1 2 4 1 4 8 7 1 11 8 12 13 21 26 27 29 35 52 76 85 96 130 149 190 201 245 334 388 426 538 671 738 901 1117 1320 1605 1861 2148 2359 2750 3229 3698 3985 4463 4834 5040 5170 5372 5276 4975 4783 4362 3805 3335 2835 2413 1990 1573 1297 1056 868 673 501 418 319 251 194 174 130 89 67 60 44 35 32 22 20 13 6 6 7 6 3 6 1 4 1 2 0 2 0 0 0 0 0 0 0 0 0 0 0 0 0 0 
1 0 0 0 0 1 2 0 0 0 2 1 0 0 1 0 2 1 0 2 0 1 4 2 3 8 7 4 8 3 19 16 22 27 23 42 41 60 70 88 114 130 135 192 213 299 346 387 436 539 676 905 999 1101 1355 1634 1933 2303 2635 2944 3324 3797 4253 4585 4841 5103 5196 5293 5218 4994 4507 4248 3816 3197 2769 2195 1886 1494 1226 953 758 573 479 373 297 227 166 138 114 92 78 53 47 31 23 17 11 10 8 8 4 4 2 3 0 1 2 0 0 0 1 0 0 0 0 0 0 1 0 0 0 0 0 0 0 0 1 0 0 0 0 0 0 0 0 0 
1 0 0 0 0 1 1 0 1 2 2 2 0 4 1 2 4 7 5 6 13 9 17 10 20 12 23 29 36 52 59 77 85 107 116 140 159 225 253 311 393 416 541 630 763 884 1136 1301 1594 1837 2144 2485 2929 3261 3514 3933 4439 4748 5164 5283 5276 5246 5016 4769 4303 3832 3451 2816 2394 1967 1652 1305 1000 806 673 480 416 334 276 171 146 114 95 65 75 45 35 27 18 17 15 13 12 5 8 6 3 4 2 1 2 2 0 1 0 0 0 0 0 0 0 0 0 0 0 
1 0 0 0 1 0 0 1 0 0 0 0 0 1 0 0 0 0 2 2 1 2 3 3 3 1 3 6 5 7 8 7 12 17 22 28 25 29 29 32 65 73 73 92 109 133 154 210 241 297 329 382 467 622 748 896 1078 1224 1506 1743 1952 2355 2629 3117 3532 3899 4228 4673 4949 5195 5272 5195 5093 4943 4380 4041 3476 3055 2593 2200 1729 1439 1058 934 748 565 472 393 295 229 159 126 109 82 64 62 26 26 22 14 22 8 11 2 8 4 6 3 2 1 1 1 2 0 0 0 1 0 1 1 0 0 0 0 0 0 0 0 
1 0 0 0 0 0 1 1 0 0 0 1 0 1 2 1 3 5 2 2 3 5 7 7 20 11 13 21 22 18 31 35 48 55 69 70 96 123 154 170 211 229 274 366 429 514 592 727 832 1051 1243 1455 1805 2008 2353 2655 3100 3451 3901 4342 4817 5094 5229 5232 5252 4936 4865 4459 3977 3504 3063 2551 2093 1841 1374 1098 863 667 605 448 353 275 231 171 122 101 92 60 42 39 31 24 19 13 10 6 4 3 4 6 1 1 2 1 1 1 0 1 0 0 0 0 0 0 0 0 0 0 0 0 0 
1 0 1 0 0 0 0 0 0 
1 0 0 0 0 0 0 2 0 1 1 0 0 5 3 2 4 7 7 10 6 14 20 15 15 18 27 36 38 59 62 71 84 120 140 174 177 239 270 314 402 472 600 725 831 1045 1207 1416 1740 2112 2252 2633 3093 3456 3745 4295 4561 4959 5124 5266 5257 5186 4828 4517 4047 3575 3197 2577 2252 1820 1459 1172 908 761 587 464 349 319 210 177 137 116 89 74 39 49 33 29 21 9 11 12 12 12 3 3 1 6 2 2 0 4 1 0 1 0 0 1 0 0 0 0 0 0 0 
1 0 0 0 0 0 1 1 1 0 0 0 1 0 3 1 0 1 2 0 2 4 6 4 3 5 10 13 13 18 21 16 26 37 40 44 80 70 84 108 117 164 182 240 266 330 358 480 575 691 840 902 1125 1376 1638 1839 2207 2570 2789 3380 3722 4067 4576 4754 5041 5259 5208 5274 5024 4734 4200 3825 3261 2805 2336 1911 1521 1242 1026 825 572 484 432 310 247 186 133 90 87 67 54 45 40 24 20 15 12 7 3 5 4 4 1 2 2 1 1 0 0 1 0 1 0 1 0 0 0 0 0 0 0 0 0 0 
1 0 0 0 0 0 0 0 1 0 0 0 0 1 1 0 0 0 3 3 3 6 5 3 7 16 7 10 12 16 24 33 40 38 52 57 69 99 112 123 161 192 248 275 370 455 504 639 681 935 1049 1298 1480 1721 2010 2380 2693 3038 3603 3965 4387 4698 4962 5303 5313 5262 5082 4804 4476 3904 3541 2988 2491 2091 1677 1385 1092 875 649 571 449 349 250 195 171 135 102 76 70 42 42 35 20 22 11 16 9 5 6 6 6 2 0 2 0 1 2 2 1 1 0 0 0 0 0 0 0 0 0 0 0 0 0 0 
1 0 0 0 0 0 0 2 1 0 0 0 1 0 1 1 1 6 0 0 0 3 7 7 5 6 7 11 8 16 19 26 29 28 44 39 45 78 95 96 119 140 164 224 257 316 386 433 535 648 808 919 1154 1298 1547 1720 2076 2487 2824 3211 3606 3982 4443 4704 4966 5168 5400 5203 5083 4640 4315 3845 3532 2898 2424 1980 1658 1394 1020 919 679 538 404 347 250 180 169 137 96 78 58 40 33 24 28 18 14 4 7 6 3 3 0 2 2 0 2 2 1 1 1 1 0 0 0 1 0 0 0 0 0 0 0 1 0 0 0 0 0 0 0 
1 0 0 0 0 2 0 2 1 1 0 2 1 3 3 2 1 4 6 10 7 7 8 17 14 13 26 30 30 38 61 49 70 94 120 112 170 190 227 272 366 398 511 594 698 822 959 1196 1344 1625 1918 2319 2604 3090 3337 3806 4125 4652 4923 5022 5352 5237 5196 4943 4631 3989 3674 3214 2600 2321 1821 1486 1209 922 803 605 445 383 283 220 173 152 109 97 69 56 52 28 34 14 21 14 12 13 9 11 6 5 0 1 2 1 3 1 1 0 1 1 0 0 0 1 0 0 0 0 0 0 0 0 0 0 0 0 
1 0 0 0 0 0 0 0 0 0 2 0 0 1 3 1 2 0 3 4 2 3 5 4 5 10 9 13 19 13 32 30 31 42 33 64 72 93 89 129 124 170 214 266 299 362 429 604 650 770 959 1052 1263 1559 1799 2146 2459 2849 3232 3592 4031 4346 4801 5053 5176 5390 5239 4970 4809 4293 3892 3412 2830 2415 1903 1699 1306 1047 900 668 499 436 305 285 195 169 125 111 75 53 42 35 39 20 17 11 13 7 7 4 6 7 1 1 1 1 1 3 1 1 1 0 0 0 0 0 0 0 0 0 0 0 
1 0 0 1 1 0 0 3 1 1 2 1 5 3 7 5 7 6 7 13 7 16 20 31 31 38 41 56 94 78 94 120 163 177 219 277 325 368 458 549 650 770 928 1147 1302 1651 1867 2148 2531 2890 3344 3667 4135 4459 4810 5059 5233 5361 5294 5003 4615 4315 3785 3247 2728 2274 1962 1613 1317 996 822 634 507 383 297 249 209 155 112 101 73 55 43 30 28 22 24 6 6 13 11 4 2 3 2 3 0 1 1 1 2 1 0 0 0 0 0 1 0 0 0 0 0 0 0 1 0 0 0 0 0 0 0 0 
1 0 0 0 0 0 0 1 0 1 0 0 0 0 0 0 1 3 1 0 1 0 2 3 7 4 1 5 3 9 13 11 11 15 13 23 25 31 45 40 51 73 83 98 125 150 196 195 256 297 374 441 536 598 827 862 1104 1316 1559 1788 2152 2422 2831 3150 3733 4089 4511 4801 4932 5260 5259 5163 4978 4816 4329 3882 3407 2869 2426 1948 1610 1281 985 829 725 526 443 350 265 217 169 120 86 86 69 44 51 30 18 23 18 10 8 7 5 4 3 4 0 2 1 3 1 0 0 0 2 0 0 1 0 0 0 0 0 0 0 0 0 0 
1 0 0 0 0 0 0 0 0 1 1 0 0 0 0 1 3 1 0 0 0 0 3 3 3 6 0 3 10 5 9 4 9 12 26 21 22 31 39 26 45 64 73 103 108 151 161 218 259 324 369 448 539 575 798 878 1098 1305 1557 1840 2124 2446 2788 3298 3530 4109 4306 4717 5175 5134 5229 5377 5121 4669 4310 3835 3405 2868 2452 2006 1615 1290 1080 835 660 510 442 317 282 227 165 148 111 71 72 47 51 29 23 15 13 9 6 3 5 1 5 2 4 0 1 2 0 1 0 0 0 0 0 0 0 0 
1 0 0 0 0 0 3 0 0 1 7 1 5 2 5 7 11 12 11 18 24 29 17 27 34 47 77 60 86 124 107 155 185 264 259 318 402 508 627 642 819 993 1206 1402 1617 1923 2222 2728 2895 3441 3881 4270 4558 4874 5178 5222 5327 5029 4952 4588 4083 3653 3223 2505 2295 1791 1505 1191 992 760 575 442 410 314 247 185 173 116 78 69 57 46 37 14 20 17 10 13 6 4 3 4 4 0 0 0 0 0 0 0 0 0 0 0 1 0 1 0 0 0 0 0 0 0 0 
1 0 0 0 0 0 1 2 1 0 0 3 2 2 1 1 1 1 2 6 4 7 6 9 11 10 18 17 21 29 32 42 46 68 75 75 101 111 142 171 224 255 263 339 449 514 630 715 874 1074 1240 1415 1738 2047 2378 2751 3041 3457 3864 4291 4651 4941 5197 5259 5229 5061 4894 4475 4038 3439 3031 2653 2174 1680 1427 1202 890 673 589 404 319 293 234 158 124 121 73 61 50 36 27 17 18 16 7 9 8 4 3 0 5 0 0 0 1 3 0 1 0 0 0 0 0 0 0 0 0 0 0 
1 0 0 0 0 0 0 0 1 0 2 2 0 1 1 0 3 4 2 4 4 7 9 7 14 12 13 28 18 25 31 43 51 52 54 80 86 125 161 186 212 277 308 342 413 500 679 773 970 1068 1285 1567 1783 2105 2399 2768 3265 3557 4004 4379 4711 4979 5231 5241 5324 5122 4782 4207 3928 3393 2961 2428 2031 1725 1299 1087 781 670 541 416 331 275 209 164 143 104 92 49 43 44 25 34 23 12 12 12 11 5 2 4 0 0 1 1 0 1 1 0 1 0 0 0 0 0 0 0 0 
1 0 0 0 0 0 1 0 0 0 0 1 1 1 1 0 2 0 1 3 5 1 0 2 2 7 10 5 11 12 9 17 20 28 19 38 46 62 46 77 92 105 123 144 229 237 288 329 394 509 565 715 853 1009 1172 1428 1682 1958 2371 2707 2978 3340 3783 4367 4636 5022 5135 5290 5283 5174 4802 4581 4153 3582 2992 2687 2214 1751 1478 1175 930 717 582 459 379 265 218 169 146 87 78 62 46 45 25 24 12 16 9 9 9 5 7 1 2 4 3 1 0 2 0 1 0 0 0 0 0 0 0 0 0 0 0 0 0 
1 0 0 0 0 3 1 2 1 1 4 4 7 5 6 11 12 11 15 19 27 24 31 40 51 61 71 71 78 124 133 170 201 241 290 333 406 509 632 761 874 1026 1209 1374 1723 2033 2302 2670 3028 3456 3795 4212 4651 5069 5173 5081 5387 5118 4764 4465 4161 3623 3119 2601 2174 1791 1434 1180 879 690 581 451 349 269 181 160 135 112 84 65 56 42 32 34 16 9 10 8 9 9 9 2 5 4 2 1 1 0 2 0 0 1 0 0 0 0 2 0 0 0 0 0 0 0 0 0 
1 0 0 0 0 0 0 0 0 0 0 0 1 1 0 0 0 2 3 1 3 1 1 1 4 5 6 8 8 10 4 21 24 9 29 34 29 28 45 68 70 79 105 128 179 165 225 279 337 373 510 595 699 779 926 1128 1408 1633 1824 2247 2663 3013 3344 3807 4299 4591 4837 5117 5324 5337 5218 4809 4666 4172 3710 3285 2690 2226 1859 1487 1196 998 787 584 448 381 288 217 167 128 124 82 65 40 43 42 21 18 18 11 6 7 4 8 4 3 2 0 1 0 0 0 2 0 0 0 0 0 0 0 0 0 0 0 
1 0 0 2 2 0 1 1 1 1 5 3 4 4 7 10 3 6 12 19 16 27 20 34 39 55 63 73 91 89 121 135 155 202 271 315 338 443 493 651 756 924 1101 1308 1506 1764 2053 2406 2862 3109 3631 3970 4452 4588 5114 5121 5366 5161 5035 4776 4360 3837 3439 3046 2437 2033 1668 1337 1063 902 688 588 416 326 278 212 169 128 105 57 65 43 38 31 25 16 9 7 7 10 5 6 1 5 3 4 2 1 0 2 1 1 0 0 0 0 0 0 0 0 0 0 0 1 0 0 0 0 0 0 0 0 
1 0 0 0 0 0 0 0 0 0 0 1 0 1 0 3 0 1 3 1 3 6 5 4 10 7 11 7 17 15 22 31 40 37 45 49 83 72 112 117 150 190 231 261 325 370 450 557 697 758 947 1057 1364 1553 1757 2082 2511 2914 3192 3735 3946 4364 4792 5001 5204 5306 5104 5007 4630 4245 3956 3454 2800 2392 1975 1646 1331 994 829 680 578 419 357 311 164 148 132 97 82 67 49 35 30 12 18 21 9 11 9 9 4 2 3 1 1 0 2 0 1 0 1 1 0 0 0 0 0 0 0 0 0 
1 0 0 0 0 0 0 1 1 1 0 2 2 3 2 3 6 5 6 4 10 4 18 21 25 19 22 46 43 57 64 59 106 115 142 187 182 266 309 385 473 503 678 779 896 1031 1304 1579 1786 2163 2529 2747 3292 3457 4029 4422 4796 4886 5291 5266 5215 5056 4624 4238 3910 3282 2915 2525 2066 1597 1390 1070 773 660 548 444 364 296 197 181 142 109 84 76 51 34 28 25 17 16 11 12 2 7 7 1 4 2 4 0 1 2 1 1 2 0 0 0 1 0 1 0 0 0 0 0 0 0 0 0 0 0 0 
1 0 0 0 0 0 0 0 1 0 0 0 0 0 0 2 1 0 1 4 3 3 5 3 4 7 5 7 6 8 25 8 24 32 43 35 37 53 73 89 129 129 118 161 230 236 284 347 454 478 636 731 854 956 1275 1481 1681 2033 2392 2750 3126 3443 3881 4330 4621 5003 5203 5253 5257 5215 4883 4357 4081 3656 3029 2528 2188 1727 1346 1123 884 693 550 454 337 226 222 168 136 91 79 60 41 22 33 33 13 9 11 12 6 9 3 5 3 1 0 1 2 0 0 0 1 0 0 0 0 0 0 0 
1 0 0 0 0 1 1 0 3 1 1 4 5 4 3 8 5 8 14 5 11 17 19 26 31 30 43 46 57 82 106 96 123 158 196 217 272 373 415 444 593 701 805 948 1211 1414 1713 1937 2242 2603 3063 3310 3932 4154 4662 4873 5245 5271 5240 5083 4969 4516 4030 3698 3149 2655 2236 1816 1517 1211 964 783 590 443 347 287 222 177 160 98 81 70 67 37 24 19 28 20 18 10 7 8 8 3 4 1 0 2 3 0 1 0 1 0 0 0 0 0 0 0 0 0 0 0 0 
1 0 0 0 0 0 0 0 0 0 1 0 0 1 0 2 2 0 1 2 4 6 3 4 4 5 11 12 14 11 13 13 20 34 31 43 60 64 88 83 114 145 165 221 262 288 361 453 502 623 779 853 1094 1301 1527 1772 2135 2344 2833 3205 3691 3879 4259 4813 4989 5123 5338 5082 5032 4695 4369 3953 3480 2897 2519 2075 1676 1347 1096 874 662 543 453 345 286 205 152 132 106 107 76 38 49 30 17 23 9 13 12 6 5 4 3 2 6 2 2 2 1 1 0 1 0 0 0 0 0 0 0 0 0 0 0 
1 0 0 0 0 0 0 0 0 0 1 0 0 0 0 0 0 2 0 0 0 0 0 0 1 2 2 4 4 2 6 3 6 6 7 7 8 8 13 15 29 31 36 39 45 55 63 79 94 141 151 173 210 294 341 405 458 532 710 802 1010 1162 1329 1620 1879 2215 2633 2922 3335 3687 4170 4471 4811 5083 5293 5124 5190 5099 4527 4150 3741 3231 2793 2291 1894 1571 1213 1022 816 659 520 392 306 256 196 155 130 86 78 56 56 27 27 18 15 12 7 9 10 4 8 1 2 0 0 1 1 3 2 0 1 0 0 0 0 0 0 0 0 0 0 0 0 0 0 0 
1 0 0 0 1 1 0 0 0 3 1 4 1 2 1 5 3 5 6 6 11 7 14 5 16 28 36 30 50 59 70 91 105 106 169 220 207 281 295 426 453 559 712 830 1026 1229 1483 1690 2046 2338 2542 2938 3406 3877 4292 4738 4823 5140 5278 5379 5148 4959 4409 4016 3657 3123 2638 2220 1813 1426 1158 949 755 555 488 328 289 226 181 154 103 96 59 51 47 27 29 22 11 10 9 8 7 3 5 3 1 0 3 5 0 0 0 0 0 0 0 0 0 0 0 0 0 
1 0 0 2 1 0 1 1 1 3 3 4 4 5 9 8 14 12 5 20 25 20 29 46 46 47 69 80 99 121 138 131 232 262 299 353 431 504 616 710 891 1053 1258 1469 1751 2023 2339 2752 3143 3550 3994 4383 4633 4959 5180 5230 5408 5090 4826 4480 3932 3539 2902 2445 2102 1703 1417 1078 940 707 528 407 364 276 202 175 134 116 70 62 52 38 33 25 23 11 17 12 4 3 2 4 4 1 4 1 0 1 0 0 0 0 0 1 0 0 0 0 1 0 0 0 0 0 0 0 
1 0 0 0 0 1 0 0 0 0 1 1 0 2 1 2 1 0 5 3 5 9 4 8 11 4 15 11 12 21 30 29 41 46 58 66 86 97 139 139 188 224 252 324 367 469 585 639 821 883 1059 1265 1614 1725 2108 2471 2821 3250 3597 3995 4349 4710 5002 5284 5249 5143 4985 4770 4382 3960 3316 2934 2402 2055 1644 1281 1121 826 658 551 458 319 244 204 143 120 102 66 54 43 31 23 21 18 8 12 5 7 4 4 1 2 4 1 0 2 0 0 0 0 0 0 0 0 0 0 0 0 0 0 
1 0 0 2 0 1 1 1 2 0 2 2 5 4 9 7 9 6 9 11 18 19 21 22 40 47 43 51 60 99 105 131 143 181 250 244 331 397 475 570 698 818 937 1157 1409 1585 1852 2158 2648 3047 3346 3797 4288 4602 4901 5031 5205 5285 5235 4993 4653 4122 3694 3111 2646 2300 1830 1508 1240 999 747 583 507 371 291 249 178 130 129 98 59 60 48 32 21 21 18 13 11 4 9 3 10 5 1 2 0 3 1 2 0 1 0 0 0 0 0 0 0 0 0 0 0 0 
1 0 0 0 1 2 1 1 1 1 5 0 5 4 3 9 3 4 11 15 14 23 15 21 28 43 39 51 62 76 82 109 135 148 183 216 262 333 415 455 572 678 805 932 1088 1325 1564 1840 2120 2492 2815 3116 3660 4070 4449 4762 4967 5330 5285 4987 4922 4809 4362 3792 3422 2844 2347 2029 1655 1349 1021 802 708 522 395 328 260 173 136 138 110 79 66 54 38 25 23 14 19 8 10 9 4 3 4 5 2 3 1 0 1 2 1 0 0 1 0 0 0 0 0 0 0 0 0 0 0 0 
1 0 0 1 0 1 1 0 1 4 1 0 1 3 3 5 9 6 9 10 14 23 20 25 29 41 55 57 71 93 109 147 157 196 265 307 387 411 542 616 702 881 1141 1210 1461 1717 1944 2392 2644 3086 3538 3988 4291 4625 4997 5028 5241 5189 5171 4860 4463 4089 3502 3051 2600 2127 1786 1444 1095 903 686 598 465 344 253 205 163 127 111 95 69 55 43 31 16 20 18 13 8 2 4 7 3 3 2 0 1 2 0 1 1 0 0 2 0 0 0 0 0 0 0 0 0 
1 0 0 0 1 1 0 0 0 2 1 0 0 1 2 3 1 1 2 4 2 5 7 6 13 13 18 24 39 20 34 40 60 52 83 88 126 167 185 227 255 312 375 444 538 676 802 929 1115 1351 1559 1861 2164 2509 2859 3286 3688 4074 4474 4882 5351 5183 5248 5245 4979 4614 4345 3861 3368 2740 2333 2002 1500 1250 1018 768 620 490 403 334 255 183 147 110 108 81 54 49 30 33 30 10 11 10 8 5 1 3 5 1 1 2 0 2 0 0 1 0 0 0 0 1 0 0 0 0 0 0 0 0 0 
1 0 0 0 0 0 1 2 0 0 2 0 1 5 3 2 5 5 6 10 10 6 11 18 28 19 29 49 57 68 65 72 108 142 167 178 219 260 333 406 500 587 697 887 984 1199 1373 1754 1960 2328 2557 2989 3443 3945 4238 4610 4916 5115 5203 5327 5028 5020 4444 4173 3643 3102 2663 2167 1797 1475 1156 943 720 614 483 337 311 209 173 162 120 81 86 60 40 40 23 26 14 10 18 8 8 5 4 3 4 2 0 1 1 1 1 0 1 0 1 0 0 0 1 0 0 0 0 0 0 0 0 0 0 0 0 0 
1 0 0 0 0 0 0 0 2 0 0 2 1 0 0 2 3 3 6 0 3 2 4 13 6 6 15 16 20 19 19 36 33 45 50 57 71 98 105 138 175 210 244 270 385 427 505 645 740 897 1013 1217 1442 1752 2028 2400 2766 3087 3542 4023 4393 4577 5016 5012 5424 5235 5240 4923 4325 3954 3427 3142 2593 2051 1691 1358 1101 871 696 566 459 363 278 192 152 126 103 72 58 61 43 25 27 15 18 8 9 4 8 3 1 2 2 1 2 0 1 0 1 0 0 0 0 0 0 0 0 0 0 0 
1 0 1 0 2 2 1 1 1 0 2 3 5 0 5 4 5 2 10 12 13 7 10 16 13 19 32 35 51 49 69 85 95 146 147 171 190 238 311 373 469 521 602 775 956 1110 1246 1526 1731 2128 2443 2795 3164 3705 4009 4359 4709 4983 5238 5251 5406 4980 4831 4336 3888 3378 2921 2493 2050 1607 1274 1058 845 697 521 438 359 239 206 149 139 101 68 55 45 44 35 19 22 16 9 8 12 2 2 2 0 4 0 0 1 0 3 0 0 0 0 0 0 0 0 0 0 0 1 0 0 1 0 0 0 1 0 0 0 0 1 0 0 0 0 0 0 0 0 0 
1 0 0 0 0 1 0 2 1 0 2 3 1 2 1 1 3 3 3 7 4 11 8 13 13 14 27 28 29 38 45 61 67 96 104 116 153 174 219 276 362 400 459 563 653 779 993 1210 1406 1550 1844 2195 2571 2910 3432 3894 4108 4385 4804 5000 5234 5267 5150 4886 4693 4204 3747 3213 2818 2257 1972 1538 1243 983 833 640 469 372 297 254 208 158 134 93 73 51 43 39 27 22 9 10 16 7 4 2 4 2 3 0 2 1 0 1 0 0 0 0 0 0 0 0 0 0 
1 0 0 0 0 2 1 1 0 2 3 2 2 3 5 3 4 6 13 11 17 19 20 25 35 31 31 42 58 57 93 117 125 146 168 189 230 307 384 467 524 643 784 939 1098 1311 1574 1819 2040 2486 2815 3205 3652 3997 4326 4747 5063 5223 5388 5273 5002 4747 4355 3907 3357 2859 2483 1916 1627 1297 1072 842 664 527 423 336 254 185 172 142 94 76 53 48 35 24 31 26 15 9 9 5 4 2 4 2 2 1 1 0 0 0 0 0 0 0 1 0 0 0 0 0 0 0 0 0 0 0 0 
1 0 0 0 2 2 0 2 0 1 3 0 1 4 3 5 4 8 4 7 12 14 14 14 27 24 39 42 44 61 56 82 92 127 177 177 227 275 346 363 486 556 689 806 955 1151 1385 1589 1803 2164 2550 2947 3401 3754 4204 4608 4747 5075 5367 5418 5111 4893 4501 4140 3687 3383 2775 2323 1958 1486 1229 1009 809 611 506 386 306 252 181 149 105 75 72 46 48 35 32 25 14 15 15 3 6 5 4 2 1 2 1 2 2 2 0 0 0 0 0 0 0 0 1 1 0 0 0 0 0 0 0 0 0 0 0 0 0 0 
1 0 0 0 
1 0 0 0 0 1 0 0 1 4 0 4 3 1 2 1 5 6 13 5 7 7 10 12 20 22 17 30 41 44 58 86 82 79 113 148 164 229 264 288 360 471 524 625 755 921 1101 1267 1538 1836 2025 2403 2760 3185 3696 4028 4447 4731 5017 5350 5162 5223 5085 4757 4375 3868 3430 2850 2459 2121 1663 1288 1028 864 670 547 414 345 270 213 178 126 108 66 57 43 41 27 21 17 14 9 13 9 8 4 3 2 2 0 2 3 3 1 0 0 0 1 0 0 2 0 1 0 0 0 0 0 0 0 0 0 
1 0 0 0 0 0 2 1 4 0 0 1 4 2 5 5 5 5 10 11 8 16 14 15 25 29 39 51 45 56 62 84 104 126 153 184 224 242 307 370 483 559 643 821 971 1142 1361 1568 1918 2116 2490 2824 3321 3617 4117 4480 4766 5098 5226 5188 5241 4881 4661 4216 3793 3391 2800 2352 1967 1600 1254 1062 814 598 480 383 310 258 196 159 132 84 88 58 34 41 28 21 9 14 9 11 10 6 4 3 0 1 1 0 1 1 0 0 0 0 0 0 0 0 0 0 0 0 0 
1 0 1 0 1 1 0 0 1 1 0 1 0 1 1 0 3 1 1 1 2 3 7 8 9 7 8 12 15 22 19 22 31 50 63 48 60 93 102 124 141 162 215 230 314 372 445 514 676 782 896 1099 1283 1555 1781 2071 2530 2788 3235 3707 4133 4416 4536 5096 5139 5316 5143 5108 4668 4354 3893 3350 2893 2476 2031 1607 1311 1073 868 697 494 444 310 295 197 169 117 100 74 53 38 39 23 16 13 9 11 6 7 3 3 3 5 0 4 1 1 1 0 0 1 0 0 0 0 1 0 0 0 0 0 0 0 
1 0 0 1 1 0 0 0 0 1 2 1 1 1 0 3 2 6 2 1 8 6 3 10 13 15 11 9 14 30 41 36 30 51 55 78 110 120 131 162 195 241 280 384 421 501 617 688 851 997 1215 1353 1679 2045 2395 2599 3063 3472 3902 4189 4674 4799 5119 5267 5387 5096 4861 4507 4065 3566 3093 2580 2168 1860 1397 1212 874 723 580 484 375 269 205 188 155 127 58 60 48 42 38 33 32 13 14 12 7 2 6 5 3 1 1 1 1 0 0 1 0 0 0 0 0 0 0 0 0 0 0 0 
1 0 0 0 0 0 0 1 0 0 1 2 0 2 1 0 2 2 2 2 2 7 5 3 7 8 9 11 19 27 26 37 49 42 68 78 66 95 101 156 195 194 240 280 360 427 487 628 791 887 1044 1253 1443 1811 2056 2528 2753 3192 3601 3882 4407 4615 5023 5264 5300 5246 4986 4806 4530 3807 3365 3013 2502 2011 1760 1382 1094 830 748 519 466 332 258 208 190 157 92 82 61 40 45 27 20 17 17 9 5 7 5 7 4 5 5 1 2 0 0 0 0 0 1 0 0 0 0 0 0 0 0 
1 0 0 0 2 1 0 0 0 0 2 2 1 3 5 2 6 2 8 9 8 3 14 17 22 28 27 29 41 49 58 81 95 114 137 140 159 234 270 314 389 491 538 659 737 1013 1150 1374 1611 1828 2182 2481 2934 3409 3649 4088 4615 4948 5047 5112 5289 5169 4898 4656 4258 3728 3364 2747 2391 1941 1592 1235 1046 782 646 496 385 298 237 169 149 121 96 74 64 47 22 39 14 17 13 14 8 5 2 3 0 4 2 2 0 2 2 0 0 0 0 0 0 0 0 0 0 
1 0 0 0 0 0 0 0 1 0 0 0 0 0 2 1 3 2 1 0 7 1 5 5 8 8 11 12 18 14 22 15 24 53 37 60 62 75 73 95 138 137 176 209 267 339 388 430 536 700 821 917 1122 1265 1594 1826 2080 2484 2942 3203 3633 3964 4450 4835 5009 5177 5279 5289 4945 4688 4303 3862 3325 2858 2404 1963 1613 1271 1059 855 650 508 390 313 248 189 167 123 100 67 74 47 35 21 21 17 15 19 6 9 7 3 5 2 0 4 2 0 1 1 0 0 0 1 0 0 0 0 0 0 0 0 0 
1 0 0 0 0 2 0 0 1 2 2 0 0 1 1 2 6 2 0 3 6 5 6 3 12 10 15 16 15 27 20 30 43 47 56 66 89 121 139 170 175 220 270 371 372 484 585 707 824 965 1159 1363 1580 1865 2189 2575 2901 3387 3729 4054 4460 4771 5222 5251 5358 5129 4917 4782 4311 3682 3086 2724 2198 1960 1595 1222 1045 778 600 483 431 289 252 189 132 122 79 70 70 48 45 39 25 11 12 11 6 5 6 2 1 0 0 2 0 0 1 0 2 0 1 0 0 0 0 0 0 0 0 0 0 0 0 0 0 0 
1 0 0 1 1 0 2 0 0 1 0 0 3 1 1 2 1 1 4 6 4 7 9 8 12 13 24 36 36 34 43 49 73 82 88 130 129 209 204 246 276 373 404 511 612 775 874 1038 1252 1500 1774 2095 2353 2718 3104 3553 3916 4445 4738 4900 5198 5439 5140 5017 4896 4497 3964 3423 2985 2525 2119 1725 1337 1073 892 694 542 432 327 269 212 175 124 80 82 61 40 33 40 23 11 14 6 11 3 4 3 3 4 4 1 2 1 0 0 0 1 0 0 0 0 0 0 0 0 0 
1 0 0 0 0 0 0 2 1 1 2 1 3 4 8 8 3 5 12 10 9 12 38 23 37 60 46 63 70 81 141 142 190 209 238 311 355 428 536 683 771 908 1127 1270 1558 1756 2073 2322 2792 3154 3430 4085 4299 4726 5006 5181 5171 5174 4895 4869 4441 4029 3500 3003 2484 2037 1676 1353 1097 862 696 555 439 334 248 220 168 156 74 94 54 54 38 33 24 19 21 12 15 12 6 3 2 4 3 2 5 0 1 0 2 0 0 0 0 1 0 0 0 0 0 0 0 0 0 0 0 0 0 0 
1 0 0 0 
1 0 0 0 1 0 1 1 0 1 2 1 4 2 4 6 4 4 3 10 11 8 14 7 19 32 26 28 42 53 58 86 86 103 133 142 196 234 290 308 370 460 572 639 836 955 1113 1299 1584 1901 2071 2535 2836 3299 3491 3999 4479 4846 5195 5211 5203 5191 5030 4699 4296 3907 3394 2842 2283 1983 1522 1244 1008 800 642 532 394 298 257 189 177 123 87 78 56 42 36 30 21 16 14 10 8 4 3 6 1 3 3 0 0 0 0 0 0 1 1 0 0 0 0 0 0 0 0 0 0 0 0 
1 0 0 0 0 0 0 0 0 0 1 3 2 2 0 2 2 3 5 5 12 11 10 17 17 23 14 38 32 51 54 46 77 100 99 133 149 214 217 275 356 375 472 626 719 843 1027 1141 1441 1781 2069 2272 2579 3029 3404 3848 4131 4493 4963 5169 5379 5209 5140 4915 4496 4154 3601 3092 2695 2198 1820 1450 1229 874 746 579 443 370 301 185 207 125 101 90 60 51 40 41 31 16 12 14 3 9 9 2 0 6 3 2 0 1 1 1 2 2 0 0 0 0 0 0 0 0 0 0 
1 1 1 1 0 0 1 0 4 4 2 5 3 4 3 7 10 12 14 5 14 21 18 21 35 46 50 60 49 85 117 134 128 159 226 277 315 380 453 550 699 776 989 1117 1365 1553 1884 2261 2594 3034 3314 3728 4206 4590 4813 5249 5114 5257 5289 4946 4633 4232 3672 3277 2720 2201 1872 1513 1242 908 767 653 477 388 330 242 163 148 95 102 77 45 38 28 34 19 15 9 16 11 10 3 2 1 3 2 1 2 0 0 0 2 0 1 0 0 0 0 0 0 0 1 0 1 0 0 0 0 0 0 0 0 
1 0 0 2 1 2 1 1 2 2 6 3 8 9 9 11 19 24 24 24 23 45 45 53 73 72 101 111 143 185 232 221 306 359 424 565 669 708 909 1062 1212 1473 1798 2075 2368 2870 3214 3634 3982 4437 4671 5089 5180 5312 5293 5045 4714 4410 3913 3393 2961 2459 2025 1677 1350 1117 906 619 545 393 311 256 212 183 124 99 73 57 50 30 26 22 22 15 13 8 4 0 4 5 6 4 3 0 0 0 0 0 0 0 0 0 0 
1 0 0 0 0 0 0 0 2 0 1 2 1 0 1 1 2 2 2 0 2 3 3 5 9 11 16 4 17 16 21 23 24 21 37 43 54 83 95 97 132 151 166 208 270 336 406 461 552 652 739 899 1095 1259 1553 1761 2162 2449 2852 3151 3592 4077 4445 4751 4910 5241 5185 5262 5018 4743 4368 3961 3507 2822 2460 2053 1618 1268 1066 859 654 528 435 329 248 205 136 101 91 83 56 42 39 31 23 15 9 13 5 3 3 3 1 2 1 2 1 0 0 2 0 0 0 0 0 1 0 0 0 0 0 0 0 0 
1 0 0 0 1 0 0 1 1 0 1 1 0 3 1 3 4 5 8 6 3 11 10 14 23 29 18 37 41 46 69 71 105 116 127 181 199 225 281 360 444 547 659 684 872 1111 1287 1590 1720 2060 2421 2787 3156 3543 3929 4405 4798 5062 5139 5395 5257 5082 4766 4387 4007 3397 2995 2481 2102 1642 1372 1083 868 663 545 423 316 237 185 161 117 98 57 56 36 38 31 18 24 12 12 8 4 3 4 2 4 1 1 2 0 0 3 0 0 0 0 0 0 0 0 0 0 1 0 0 0 0 0 0 0 
1 0 0 0 1 2 0 1 1 0 2 0 7 1 2 6 10 3 4 7 9 16 30 31 30 25 36 41 67 80 80 89 120 149 174 209 229 288 389 445 491 626 747 908 1013 1193 1448 1762 2066 2381 2706 3277 3517 3947 4385 4761 4911 5208 5135 5263 5095 4829 4311 3946 3489 3131 2546 2071 1737 1382 1145 834 708 589 458 350 302 227 161 125 121 99 63 53 41 30 23 25 15 12 3 6 7 5 5 2 3 3 1 1 0 0 0 1 0 1 0 0 0 0 0 0 0 0 0 0 0 0 0 0 0 0 0 0 0 
1 0 0 0 0 0 0 0 0 1 1 1 0 1 0 2 2 2 2 1 2 1 4 4 4 2 4 5 14 12 14 16 22 23 28 40 35 59 71 66 99 103 121 160 175 222 246 335 395 460 569 649 769 1002 1057 1345 1667 1871 2208 2473 2900 3217 3764 4070 4493 4691 5143 5385 5258 5228 4949 4667 4237 3811 3247 2838 2275 2045 1531 1209 949 807 676 514 394 317 244 167 156 129 95 75 68 45 35 22 23 15 17 7 14 4 7 3 4 2 2 4 0 2 1 0 1 0 0 0 1 0 0 0 0 0 0 0 
1 0 0 0 0 0 0 0 2 0 0 0 0 0 0 0 1 0 2 1 1 1 0 4 1 3 3 3 4 3 10 13 16 14 10 19 33 36 54 41 72 86 80 115 114 160 171 219 309 337 385 475 583 756 913 978 1148 1441 1611 1907 2246 2584 3052 3367 3857 4156 4491 4814 5118 5120 5196 5247 4911 4607 4200 3657 3210 2732 2281 1871 1457 1191 970 720 588 461 394 311 237 213 129 123 83 71 66 44 47 34 19 20 21 10 4 8 3 2 2 2 2 0 2 2 0 1 0 0 0 0 1 0 0 0 0 0 0 0 0 0 
1 0 0 1 1 0 1 0 2 1 2 1 3 4 5 5 8 7 10 9 10 14 14 31 34 30 37 58 63 72 104 106 133 172 199 216 302 345 452 484 646 692 875 1023 1214 1439 1719 1929 2387 2738 3048 3432 3931 4261 4526 5030 5323 5298 5293 5083 4774 4477 4039 3669 3020 2526 2170 1803 1415 1112 927 753 591 450 362 260 190 188 124 123 80 66 44 41 29 34 17 18 8 6 10 6 5 1 4 4 5 2 1 1 1 0 0 0 1 0 1 0 0 0 0 0 0 0 0 0 0 0 0 0 
1 0 0 0 0 1 1 0 0 1 1 1 2 8 4 1 4 6 6 5 9 9 11 28 17 26 22 30 42 56 54 75 96 99 132 146 164 223 254 297 350 455 540 674 802 953 1088 1351 1561 1816 2148 2427 2898 3242 3738 4168 4450 4823 5234 5142 5230 5251 4842 4641 4278 3896 3350 2854 2357 1889 1562 1345 1016 834 649 509 431 323 281 181 153 126 105 81 53 41 33 25 20 22 13 5 9 7 3 7 5 4 3 0 3 1 0 1 0 0 0 0 0 0 0 0 0 0 0 0 0 0 0 0 0 
1 0 0 0 0 0 1 0 1 1 0 0 0 2 0 1 1 4 1 1 1 3 6 2 5 3 9 7 5 12 15 13 16 23 38 35 31 60 48 83 94 105 130 151 190 209 260 318 396 525 617 719 840 951 1222 1338 1678 1925 2197 2663 2954 3350 3778 4087 4590 4847 5020 5218 5250 5230 4913 4585 4232 3743 3252 2677 2257 1801 1507 1191 960 817 636 485 391 282 253 179 147 123 95 88 53 46 29 27 34 16 13 6 5 5 4 2 1 3 4 2 3 2 0 0 0 0 0 0 2 0 0 0 0 0 0 0 0 0 0 0 0 
1 0 0 2 0 1 0 1 1 1 4 1 2 4 3 3 5 12 8 11 26 11 20 27 32 43 67 66 68 102 105 139 134 184 233 302 318 400 471 562 715 793 952 1135 1376 1576 1885 2174 2568 2958 3335 3715 4273 4564 4990 5079 5171 5384 5131 4997 4543 4272 3637 3223 2793 2256 1827 1460 1247 948 798 582 495 386 286 241 175 147 114 87 87 43 58 34 22 13 14 15 12 8 4 2 3 4 3 1 1 1 0 1 0 0 1 0 0 0 1 0 0 0 0 0 0 0 0 
1 0 0 0 0 0 0 0 0 0 2 0 0 0 0 1 1 0 0 0 0 7 4 2 1 4 6 6 5 5 15 6 24 27 25 21 30 40 39 45 63 74 95 122 150 206 228 261 329 357 474 588 750 792 1004 1166 1397 1571 1878 2231 2506 2999 3317 3776 4278 4601 4768 5124 5302 5289 5059 5030 4636 4206 3709 3167 2767 2271 1840 1548 1124 1003 786 607 469 375 294 222 179 127 109 81 73 62 53 36 30 25 11 17 5 5 2 6 3 6 1 1 0 1 0 0 1 0 0 1 0 0 0 0 0 0 0 0 
1 0 0 0 0 0 0 1 2 2 0 0 1 1 2 2 3 6 8 2 9 10 8 7 13 19 15 12 24 42 49 44 70 79 87 110 129 163 181 248 259 307 451 541 635 697 893 964 1160 1476 1710 2033 2297 2679 3028 3460 3787 4156 4593 5000 5173 5225 5326 5095 4892 4475 3997 3544 3146 2673 2172 1784 1422 1173 974 742 587 473 355 296 228 191 146 104 106 73 46 36 30 23 28 15 10 9 6 3 7 6 6 2 4 0 1 0 0 2 2 2 2 1 0 0 0 0 0 0 0 0 0 0 0 
1 0 0 0 1 1 1 0 0 2 1 1 1 1 4 1 4 2 3 5 9 8 13 18 5 13 24 31 22 31 32 52 70 77 76 91 132 140 171 223 266 330 357 454 591 687 803 928 1071 1332 1558 1812 2130 2532 2948 3342 3588 4045 4604 4936 5029 5290 5244 5152 4921 4773 4241 3709 3378 2854 2304 1970 1590 1308 961 758 650 507 385 307 237 207 158 110 87 59 75 54 31 27 25 21 17 12 10 12 6 4 2 3 4 2 3 0 0 0 0 0 0 1 0 0 1 0 0 0 0 0 
1 0 0 0 0 0 1 0 1 1 0 2 2 1 0 1 2 8 2 6 8 12 13 9 16 10 20 28 33 46 43 58 62 87 87 109 127 172 216 279 332 376 432 542 656 766 893 1076 1295 1502 1831 2181 2498 2797 3314 3495 4123 4513 4842 5055 5221 5361 5366 4824 4720 4316 3746 3315 2882 2447 1994 1612 1335 1063 801 653 516 416 340 274 218 154 115 105 71 59 51 29 22 24 10 14 8 7 7 8 2 2 2 0 5 1 0 0 0 0 1 1 0 0 0 0 0 0 0 0 0 0 
1 0 0 0 0 0 2 1 0 0 2 5 0 5 3 7 5 5 11 17 24 21 29 27 38 44 59 71 89 108 119 154 162 207 274 299 397 482 580 632 714 915 1058 1293 1605 1837 2129 2464 2842 3266 3666 3962 4567 4788 5064 5300 5245 5154 5064 4738 4334 3844 3421 2872 2391 1966 1574 1252 978 864 631 541 365 339 251 200 153 138 107 81 72 41 30 37 19 14 16 7 8 5 5 6 5 2 3 1 2 4 0 0 0 2 1 0 0 0 0 0 0 0 0 0 0 0 
