1 1 1 2 2 2 3 4 4 6 6 6 8 7 9 11 14 21 23 29 39 46 53 63 75 84 104 138 176 212 262 319 379 463 563 717 888 1027 1232 1491 1789 2170 2603 3151 3802 4508 5382 6504 7817 9249 10958 13059 15220 17642 20255 23132 26221 29407 32565 35433 37990 39974 41425 42263 42362 41581 40258 38156 35623 32840 29600 26337 23015 19872 16934 14359 12059 9989 8227 6695 5420 4375 3461 2799 2196 1742 1379 1090 846 664 500 394 311 263 216 171 138 104 81 63 52 39 26 21 20 18 16 12 10 8 8 8 6 5 5 5 4 2 2 2 2 1 1 0 
1 1 1 1 1 1 3 2 2 2 2 2 2 5 10 10 11 12 13 18 22 24 31 35 40 44 49 58 71 90 110 146 171 204 248 304 363 443 511 648 818 966 1157 1409 1732 2110 2521 3016 3629 4276 5209 6218 7375 8763 10378 12307 14368 16670 19156 22001 25051 28143 31292 34268 36935 39156 40998 42126 42541 42143 41081 39440 37025 34053 30960 27695 24349 21097 18037 15260 12676 10618 8614 6984 5590 4457 3541 2803 2218 1740 1434 1116 894 705 564 442 359 279 218 168 126 103 83 65 53 39 28 22 20 16 12 10 8 7 4 4 4 4 2 1 1 1 1 1 1 1 0 
1 1 1 1 1 1 2 2 2 4 4 4 5 7 6 7 11 12 14 24 29 35 46 50 59 69 84 100 119 141 176 203 247 299 375 454 554 667 796 945 1144 1390 1675 2030 2404 2895 3426 4122 4952 5895 7022 8382 9900 11658 13652 15913 18567 21362 24266 27377 30446 33396 36146 38520 40458 41842 42335 42264 41210 39604 37343 34667 31674 28452 25139 21969 18889 16049 13456 11230 9288 7536 6142 4921 3957 3105 2468 1982 1586 1258 998 789 642 505 395 303 249 187 144 109 78 68 57 38 29 25 20 14 12 11 10 7 4 3 2 1 1 1 1 1 1 1 1 1 0 
1 1 1 1 1 1 3 2 2 3 4 3 5 7 7 9 12 16 19 22 25 34 45 61 76 80 98 126 151 185 217 263 310 382 457 549 672 817 974 1181 1426 1743 2072 2485 3008 3658 4392 5204 6259 7469 8910 10575 12489 14568 16981 19623 22384 25501 28516 31607 34538 37173 39376 41049 42119 42411 41945 40805 39059 36567 33737 30706 27336 23981 20923 17920 15101 12623 10482 8645 7030 5658 4534 3581 2793 2245 1768 1408 1133 877 676 526 429 351 292 227 174 132 102 80 60 43 35 25 21 17 15 10 8 8 5 3 2 1 1 1 1 1 0 
1 1 1 1 1 2 3 4 5 5 6 7 9 9 13 15 21 25 28 34 48 65 73 78 89 104 140 186 223 269 314 369 446 558 657 778 959 1168 1412 1741 2052 2502 2976 3542 4236 5108 6078 7240 8571 10156 11935 14069 16370 18937 21669 24628 27760 30839 33802 36569 38987 40831 41935 42343 42091 41031 39279 36998 34281 31120 27916 24692 21567 18518 15762 13165 10888 8976 7375 6037 4877 3885 3087 2467 1971 1559 1255 1005 823 647 507 404 292 231 182 142 102 74 58 48 40 31 27 20 17 13 12 6 5 3 3 3 1 0 
1 1 1 1 1 1 1 1 2 3 2 2 2 2 4 5 8 11 11 11 14 17 26 31 41 51 55 78 91 101 127 134 166 202 244 292 341 416 487 591 734 886 1073 1275 1562 1909 2253 2763 3324 4024 4862 5815 6967 8364 9875 11687 13764 16004 18482 21258 24375 27440 30574 33613 36445 38867 40753 42071 42556 42337 41387 39558 37383 34659 31630 28429 25188 21950 18933 15955 13318 11119 9283 7562 6200 4972 3960 3145 2513 2011 1557 1233 987 759 580 444 334 239 198 155 125 98 84 64 60 42 32 25 16 13 11 8 6 5 3 3 3 2 1 1 0 
1 1 1 1 1 1 1 1 1 1 2 2 3 4 4 4 3 5 6 12 18 23 24 25 31 43 50 61 75 93 116 140 169 222 271 317 386 478 583 697 844 1060 1265 1512 1836 2221 2650 3122 3761 4490 5401 6454 7723 9083 10877 12789 14979 17483 20219 23063 26219 29409 32412 35365 37937 40048 41623 42538 42651 41996 40555 38531 36046 33027 29952 26723 23304 20009 17047 14373 11999 9946 8060 6573 5229 4169 3316 2590 2023 1599 1276 1007 794 627 506 391 300 234 192 154 126 104 94 79 58 49 36 23 23 17 14 13 10 7 6 5 3 2 1 1 0 
1 1 1 1 1 1 1 1 1 4 6 8 9 12 14 14 20 31 35 38 48 58 68 82 103 129 150 190 226 266 322 380 466 559 660 770 903 1084 1303 1551 1870 2229 2681 3265 3908 4589 5594 6693 7900 9462 11228 13096 15138 17585 20312 23317 26375 29387 32315 35269 37786 39940 41524 42455 42331 41523 40118 38092 35532 32697 29556 26276 23076 19965 17021 14374 12022 9985 8185 6589 5297 4184 3378 2678 2097 1686 1335 1035 803 621 505 414 321 248 203 162 132 102 77 58 46 33 25 17 14 12 10 11 9 7 3 2 1 1 1 0 
1 1 1 1 1 1 3 2 1 1 3 3 5 6 5 5 5 6 8 11 11 16 21 22 25 30 36 42 47 60 71 92 108 120 147 180 220 264 323 370 439 540 665 775 949 1144 1356 1639 1963 2384 2848 3415 4069 4885 5919 7103 8435 9960 11702 13691 15998 18527 21362 24285 27412 30507 33543 36320 38882 40811 41989 42441 42331 41270 39716 37391 34823 31687 28496 25112 21933 18869 15947 13304 11073 9080 7429 5961 4797 3782 3003 2394 1894 1486 1180 954 750 589 454 360 259 206 154 119 88 67 55 46 34 24 17 11 10 8 5 4 2 1 0 
1 1 1 1 1 2 1 1 1 2 3 5 6 6 6 7 9 10 18 24 26 35 41 53 68 74 87 101 115 141 179 222 273 319 372 445 534 661 782 931 1136 1383 1674 2004 2426 2878 3505 4219 5035 6025 7213 8575 10162 11949 13907 16218 18604 21421 24334 27442 30510 33555 36179 38724 40665 41766 42350 42140 41200 39502 37302 34587 31643 28311 25013 21766 18576 15753 13216 10958 9095 7383 5953 4812 3872 3031 2426 1952 1552 1218 954 747 591 474 367 298 244 200 165 128 92 71 60 54 42 31 19 15 13 12 7 6 4 4 3 2 0 
1 1 1 1 1 1 3 3 3 4 5 7 9 10 10 13 17 21 23 25 32 37 43 56 65 79 100 123 160 186 225 270 353 406 495 606 713 883 1041 1265 1524 1802 2145 2596 3137 3780 4548 5453 6476 7656 9045 10741 12716 14922 17410 19935 22682 25727 28785 31800 34839 37526 39700 41354 42230 42446 41847 40537 38578 36071 33316 30227 27003 23779 20504 17621 14812 12342 10249 8416 6876 5526 4397 3517 2839 2236 1800 1408 1107 852 666 508 408 311 240 193 147 111 88 66 54 40 34 30 24 18 15 14 11 11 8 9 5 4 4 3 2 2 1 1 1 1 1 0 
1 1 1 1 1 1 1 4 4 4 4 7 9 8 8 10 11 10 12 12 14 19 29 37 41 52 65 77 96 114 139 153 190 235 299 339 427 523 646 770 912 1082 1322 1612 1948 2288 2762 3286 3992 4794 5704 6802 8099 9623 11416 13423 15666 18052 20720 23635 26664 29837 32897 35792 38136 40218 41674 42347 42401 41558 40120 37935 35464 32424 29121 25810 22511 19475 16499 13906 11450 9463 7771 6314 5152 4087 3287 2614 2042 1644 1253 995 786 607 458 379 306 238 184 132 103 82 66 50 36 30 19 9 6 5 4 3 3 3 3 2 1 1 0 
1 1 1 1 1 1 1 0 
1 1 1 1 3 3 4 3 2 2 2 2 3 4 5 5 8 8 9 14 16 21 21 31 38 47 53 65 74 85 107 131 171 208 241 303 372 438 519 637 771 940 1129 1361 1663 1978 2336 2790 3372 4020 4843 5810 6912 8211 9741 11495 13535 15797 18349 21057 24074 27144 30365 33445 36300 38669 40586 42001 42541 42419 41492 39922 37718 35006 31964 28669 25432 22196 19098 16237 13626 11293 9238 7522 6060 4885 3948 3108 2430 1928 1506 1172 934 707 547 428 337 262 215 174 130 106 92 75 59 43 31 25 19 17 14 9 6 6 6 4 3 2 2 2 1 1 1 1 0 
1 1 1 1 1 1 1 2 3 4 5 5 6 8 8 9 11 15 15 16 22 27 36 40 49 64 80 98 122 131 170 206 247 300 367 435 522 632 773 942 1169 1386 1608 1959 2315 2770 3296 3985 4763 5722 6759 8009 9518 11205 13171 15371 17788 20483 23391 26445 29659 32690 35511 38042 40159 41609 42418 42400 41690 40315 38392 35598 32528 29440 26061 22744 19507 16562 14027 11596 9543 7743 6282 5009 4009 3211 2519 1993 1574 1244 973 769 616 487 386 310 236 177 143 115 96 77 63 47 37 24 19 14 12 8 7 5 5 3 2 3 3 3 3 3 3 1 1 1 1 1 1 2 2 1 1 1 1 1 1 1 1 0 
1 1 1 1 1 2 2 2 2 2 2 2 2 2 2 3 5 8 8 9 8 9 13 15 20 22 26 28 33 38 45 56 68 78 90 116 132 154 176 216 246 282 334 416 506 593 708 858 1036 1231 1527 1857 2267 2705 3290 3946 4765 5708 6777 7985 9518 11313 13283 15697 18148 20921 23827 26776 29691 32932 35771 38369 40366 41725 42463 42438 41594 40066 38040 35370 32363 29177 25758 22474 19426 16563 13887 11519 9538 7816 6342 5135 4131 3300 2632 2082 1633 1291 1026 809 621 484 372 294 241 191 149 119 92 63 49 43 31 25 19 15 10 6 5 4 4 2 0 
1 1 1 1 1 3 3 3 3 4 7 9 10 14 16 20 31 36 42 50 61 64 80 98 113 131 164 204 235 274 326 389 477 593 723 859 1013 1219 1489 1781 2186 2596 3123 3728 4441 5325 6336 7526 8871 10463 12371 14522 16948 19566 22310 25461 28639 31711 34577 37340 39690 41423 42319 42532 42076 41009 39063 36662 33794 30515 27264 23918 20712 17736 14943 12551 10244 8307 6698 5381 4289 3440 2708 2154 1666 1309 1029 804 635 508 393 318 257 203 151 131 100 87 72 60 47 38 29 22 15 11 9 7 6 3 2 1 1 0 
1 1 1 1 1 2 3 5 5 4 4 6 7 14 19 28 32 33 37 43 54 62 86 108 125 154 185 229 283 344 422 527 617 725 879 1059 1291 1539 1835 2170 2606 3193 3848 4604 5554 6667 7888 9287 11067 12939 15112 17576 20326 23280 26319 29470 32505 35264 37929 40237 41658 42458 42507 41722 40307 38250 35661 32627 29535 26314 23020 19824 16912 14189 11786 9743 7938 6465 5251 4159 3315 2647 2093 1649 1335 1056 816 663 500 399 314 232 195 145 117 97 81 64 58 44 33 23 18 14 12 9 7 6 5 2 2 1 1 1 1 1 1 1 0 
1 1 1 1 1 1 2 2 2 4 4 4 6 8 9 9 8 15 17 20 20 24 26 30 31 43 54 66 85 105 126 143 167 195 223 272 339 403 476 573 690 848 1045 1256 1493 1735 2114 2596 3168 3799 4615 5427 6548 7828 9289 11084 13036 15137 17580 20355 23245 26266 29239 32287 35191 37713 39762 41498 42286 42338 41697 40245 38212 35735 32923 29731 26458 23167 20048 17141 14472 12086 9978 8165 6600 5273 4248 3398 2731 2146 1693 1342 1079 858 660 527 420 333 249 209 153 129 106 76 61 50 33 23 19 15 12 8 3 1 1 1 1 1 0 
1 1 1 1 2 3 3 3 1 1 2 4 5 5 6 8 11 15 18 24 29 35 43 61 75 84 100 128 157 189 234 280 341 442 530 660 773 931 1144 1371 1614 1950 2362 2834 3411 4103 4845 5822 6948 8310 9812 11551 13623 15969 18544 21309 24363 27545 30607 33628 36343 38828 40761 42214 42836 42564 41571 39892 37531 34749 31650 28476 25257 22018 18942 16084 13347 11007 9089 7422 5994 4807 3856 3015 2401 1900 1518 1223 927 722 594 476 382 294 233 170 133 100 75 52 37 32 22 15 16 14 10 7 7 6 5 4 3 2 2 2 2 1 0 
1 1 1 1 1 1 1 2 3 4 4 4 5 6 10 12 17 21 29 37 44 52 65 82 97 111 123 142 163 204 253 299 373 460 557 662 818 970 1140 1339 1618 1992 2413 2882 3541 4242 5119 6110 7285 8645 10184 11983 14122 16461 19078 21899 24899 28068 31189 34046 36846 39139 41041 42470 42815 42346 41178 39353 36986 34296 31197 27884 24465 21142 18055 15375 12755 10595 8711 7077 5754 4622 3705 2932 2288 1811 1437 1133 878 677 542 425 336 269 212 170 132 97 76 66 52 42 36 32 26 22 18 13 11 5 6 5 4 2 2 1 1 1 0 
1 1 1 1 2 2 3 3 4 5 6 8 15 18 24 26 27 29 30 35 44 51 64 78 91 112 142 169 208 243 295 362 439 563 671 835 1000 1191 1475 1779 2170 2614 3163 3789 4540 5458 6473 7724 9181 10791 12664 14790 17292 20025 22875 25890 28893 31922 34913 37513 39725 41509 42550 42855 42206 40889 38843 36422 33350 30050 26675 23418 20234 17257 14587 12135 10002 8172 6612 5313 4288 3430 2714 2125 1686 1352 1055 835 650 498 380 307 250 193 158 113 85 67 48 39 31 25 18 16 14 12 10 9 7 6 6 5 4 3 3 3 3 3 2 2 2 1 1 1 1 1 1 1 0 
1 1 1 1 1 3 3 3 3 4 4 3 5 10 10 10 10 11 15 21 21 25 31 37 44 57 64 82 83 104 126 146 183 219 252 293 362 445 528 624 736 905 1109 1323 1597 1906 2266 2744 3306 3955 4771 5738 6841 8209 9681 11482 13555 15808 18252 21121 24101 27078 30086 33196 36106 38622 40676 41944 42501 42292 41572 39969 37702 35068 32021 28844 25599 22330 19237 16313 13678 11385 9377 7651 6227 5003 3938 3098 2455 1927 1515 1192 914 710 558 443 329 266 213 177 134 99 74 58 47 39 31 23 21 14 11 11 10 7 4 3 2 2 2 2 2 3 2 2 2 2 2 2 2 2 1 1 0 
1 1 1 1 3 4 4 3 5 4 4 8 10 14 16 16 20 32 34 41 49 64 80 94 120 161 186 222 289 348 417 519 622 765 929 1117 1352 1650 1987 2415 2914 3557 4302 5081 6085 7322 8758 10345 12289 14438 16880 19465 22407 25393 28386 31635 34708 37399 39624 41392 42515 42841 42496 41209 39342 36856 33993 30762 27508 24179 20932 17837 14998 12455 10199 8345 6832 5500 4414 3569 2811 2212 1716 1362 1100 877 700 555 425 324 234 167 141 118 94 65 52 39 33 25 18 13 10 9 6 6 4 4 2 0 
1 1 1 1 1 1 2 2 3 4 3 5 6 8 8 8 12 15 17 21 24 29 32 32 36 47 52 62 73 88 103 122 146 171 211 275 332 384 460 571 681 809 957 1132 1406 1669 2016 2467 2939 3459 4173 4975 5965 7169 8579 10238 11977 14113 16522 19150 21912 24913 28095 31097 34122 36785 39086 40820 41917 42405 42035 41066 39245 36957 34208 31097 27887 24560 21392 18353 15494 13068 10777 8832 7236 5826 4717 3764 3013 2442 1916 1493 1176 901 700 528 389 305 236 185 142 118 92 72 54 44 38 29 25 18 16 10 9 6 4 4 5 4 4 3 3 2 2 2 1 0 
1 1 1 1 1 1 1 1 1 3 2 2 2 2 4 6 11 14 17 21 25 30 36 40 52 64 84 96 119 155 170 197 248 286 367 440 520 621 749 902 1091 1316 1550 1853 2259 2753 3331 4032 4873 5732 6838 8131 9687 11439 13451 15694 18214 20879 23672 26566 29866 32884 35594 38164 40274 41633 42407 42487 41702 40310 38131 35452 32391 29277 25964 22668 19517 16556 13923 11568 9498 7787 6334 5066 3991 3196 2502 1942 1515 1198 926 734 570 429 336 257 202 151 119 90 69 51 40 37 21 16 15 12 8 9 8 5 3 2 2 2 2 1 1 1 1 0 
1 1 1 1 3 4 6 6 9 10 12 16 23 29 41 49 58 65 76 87 103 130 154 186 224 274 342 419 500 598 718 880 1075 1281 1573 1935 2314 2782 3330 4004 4823 5783 6868 8227 9748 11461 13461 15712 18259 20894 23902 26939 30103 33129 35809 38264 40353 41771 42444 42369 41532 39886 37790 35095 32134 28858 25747 22535 19315 16426 13838 11557 9544 7797 6275 5080 4066 3205 2565 2018 1604 1305 1013 779 607 480 384 293 234 194 156 121 98 80 58 46 37 30 24 19 16 13 10 6 4 4 4 4 3 2 2 2 2 2 2 2 1 1 1 1 0 
1 1 1 1 1 2 1 2 4 5 6 9 9 12 15 15 17 24 29 34 41 48 54 69 86 102 124 158 188 227 287 365 463 549 648 773 917 1113 1370 1670 1981 2374 2859 3488 4271 5193 6177 7397 8727 10331 12230 14315 16694 19253 22079 25276 28382 31459 34421 37025 39317 41128 42253 42475 42080 40996 39223 36767 33981 30875 27585 24314 21066 17960 15181 12704 10533 8542 7034 5674 4564 3658 2893 2314 1846 1491 1173 944 738 573 449 344 264 199 151 118 92 68 48 36 31 26 17 14 10 10 6 3 3 3 3 3 2 2 1 1 1 1 0 
1 1 1 1 1 1 1 3 3 4 4 5 4 5 7 7 8 10 11 14 16 21 23 32 41 49 55 62 70 78 100 131 161 195 237 283 346 440 536 634 746 863 1053 1263 1496 1840 2173 2591 3107 3703 4444 5327 6305 7574 8886 10546 12334 14371 16774 19491 22234 25277 28341 31471 34436 37142 39375 41103 42106 42436 42025 40861 39030 36628 33734 30540 27296 24002 20779 17713 15039 12600 10351 8462 6869 5557 4480 3556 2833 2233 1775 1398 1117 883 702 550 429 337 260 213 156 114 90 69 53 41 32 29 21 17 13 12 7 5 3 2 1 1 1 1 1 1 1 1 0 
1 1 1 1 1 1 1 1 1 3 7 7 8 9 11 12 12 14 16 21 32 38 45 53 64 72 90 121 143 170 212 261 322 392 470 572 702 846 1024 1204 1472 1773 2137 2618 3146 3755 4530 5463 6548 7845 9364 11100 13039 15222 17646 20418 23439 26562 29655 32640 35563 38192 40382 41807 42626 42749 41918 40523 38413 35882 32875 29655 26272 22803 19604 16841 14247 11754 9687 7930 6461 5184 4184 3302 2641 2106 1706 1333 1050 807 637 502 398 307 242 199 156 120 89 70 55 45 35 32 25 21 17 14 10 7 6 3 1 0 
1 1 3 4 4 4 4 5 7 8 9 7 7 11 11 14 17 22 32 38 44 53 66 81 105 131 155 188 222 273 336 427 526 625 732 915 1138 1338 1617 1932 2354 2848 3418 4064 4877 5819 6892 8167 9722 11534 13504 15742 18297 21132 24011 27073 30133 33033 35796 38314 40385 41719 42369 42309 41446 39970 37759 34991 31973 28763 25631 22335 19233 16360 13758 11360 9495 7828 6341 5156 4140 3279 2619 2055 1659 1291 1000 777 598 469 343 265 211 160 113 83 62 47 39 27 22 12 9 5 5 5 5 1 1 0 
1 1 2 4 4 4 5 7 9 12 17 21 28 32 38 43 43 57 69 93 122 138 153 196 238 294 362 426 531 649 779 890 1089 1362 1653 2012 2370 2811 3375 4092 4947 5878 7023 8328 9887 11663 13698 16012 18589 21310 24310 27231 30396 33345 36182 38686 40579 41900 42559 42388 41465 39722 37483 34852 31688 28443 25142 21901 18977 16121 13650 11413 9362 7634 6163 5001 3967 3149 2494 1977 1594 1233 945 712 541 438 335 266 202 152 116 88 67 46 32 23 17 12 9 6 5 2 1 0 
1 1 1 1 1 2 2 4 4 6 7 10 10 13 16 22 26 31 42 54 63 73 88 102 124 142 169 206 245 288 334 399 471 555 675 816 970 1162 1408 1719 2089 2498 3015 3666 4409 5229 6239 7374 8767 10343 12094 14111 16512 19141 21814 24725 27767 30878 33836 36497 38918 40823 42036 42686 42372 41308 39547 37106 34202 31194 27913 24685 21474 18338 15494 12939 10691 8888 7153 5779 4581 3679 2926 2338 1868 1494 1144 880 695 543 430 356 294 242 194 157 115 87 72 55 44 34 25 18 14 11 9 9 8 7 8 6 5 2 2 2 2 2 2 2 2 2 2 2 2 2 1 1 0 
1 1 1 3 3 4 5 7 7 11 14 16 21 25 29 40 51 68 78 99 115 135 162 199 235 269 321 389 449 534 654 801 972 1178 1374 1671 2016 2442 2950 3577 4299 5149 6195 7367 8773 10407 12272 14402 16770 19366 22194 25278 28429 31488 34406 37183 39590 41415 42427 42928 42578 41249 39501 37077 34158 30774 27463 24198 20903 17905 15151 12562 10355 8441 6761 5451 4415 3540 2805 2229 1745 1333 1049 823 646 523 401 326 258 207 169 122 97 80 66 51 40 29 28 21 17 12 9 10 9 7 6 5 5 3 2 2 2 1 1 0 
1 1 1 1 2 2 3 3 5 6 7 8 11 15 15 16 20 20 32 41 48 59 77 94 103 136 162 191 244 288 334 417 511 611 737 886 1045 1277 1564 1888 2284 2744 3318 4005 4771 5643 6778 8069 9553 11361 13334 15665 18170 20883 23852 26888 30059 33124 36002 38466 40649 41924 42541 42528 41631 40045 37925 35392 32277 29039 25749 22366 19268 16312 13663 11336 9352 7680 6174 5003 4053 3269 2618 2112 1672 1327 1057 845 659 527 411 331 265 216 163 125 104 80 56 41 30 22 17 11 8 7 5 4 3 2 2 0 
1 1 1 1 1 1 1 1 1 2 2 3 4 4 5 5 7 6 9 10 12 10 14 20 23 24 31 41 54 57 64 74 90 117 141 164 184 224 284 329 367 439 545 681 856 1009 1224 1480 1788 2145 2557 3051 3614 4379 5216 6146 7370 8825 10389 12200 14326 16814 19471 22320 25311 28294 31494 34449 37118 39286 40950 42022 42385 42122 40967 39141 36732 33924 30658 27325 24067 20928 17913 15152 12695 10505 8571 6984 5683 4555 3618 2923 2309 1823 1415 1115 868 686 530 393 299 233 182 135 107 83 66 51 42 35 29 23 16 11 9 5 5 5 4 4 3 3 3 3 3 2 2 2 2 1 1 1 1 0 
1 1 1 1 1 1 1 1 1 1 1 2 3 3 4 4 9 12 14 16 19 21 25 36 38 49 55 67 82 106 128 146 183 210 251 320 374 443 526 627 768 921 1099 1325 1623 1937 2361 2867 3430 4120 4993 5953 7057 8343 9932 11725 13786 16104 18500 21317 24240 27377 30351 33324 36004 38452 40414 41620 42224 42019 41210 39575 37246 34695 31675 28468 25178 21990 18920 16129 13539 11267 9313 7636 6299 5030 4041 3214 2562 2037 1570 1236 982 760 618 507 393 327 249 195 154 111 91 73 57 47 35 26 20 15 13 11 5 3 3 3 2 2 2 1 1 1 0 
1 1 1 1 1 3 3 3 5 4 4 4 5 9 15 16 20 24 28 32 41 52 65 74 90 104 132 165 194 222 273 311 381 459 546 661 790 953 1143 1405 1695 2078 2518 3020 3633 4327 5162 6207 7380 8844 10410 12297 14513 16867 19482 22308 25341 28423 31437 34348 37195 39427 41249 42312 42639 42285 41128 39311 36850 34010 30761 27476 24091 20909 17826 15042 12572 10424 8543 6904 5588 4510 3640 2871 2276 1788 1402 1114 885 698 556 419 328 260 197 150 114 87 75 54 38 24 16 14 13 8 4 4 3 3 2 0 
1 1 1 1 1 1 1 1 1 1 1 3 3 4 4 6 7 10 15 16 16 15 20 24 29 34 39 52 61 74 92 104 119 143 165 205 251 305 360 443 529 637 777 942 1138 1363 1610 1930 2318 2810 3477 4107 4947 5888 7002 8366 9933 11705 13732 16077 18618 21308 24177 27147 30366 33331 36185 38634 40524 41897 42489 42336 41330 39749 37551 34895 31765 28470 25212 21998 18870 15989 13446 11198 9260 7584 6171 4952 3967 3159 2497 1931 1517 1185 931 754 595 468 377 278 220 182 144 117 93 72 56 48 40 27 20 15 12 7 6 4 3 3 1 1 0 
1 1 1 1 1 1 2 3 3 4 6 7 7 8 10 13 18 21 25 26 25 32 40 53 66 73 82 102 123 158 189 230 271 326 392 501 598 709 868 1041 1283 1559 1888 2306 2752 3262 3924 4724 5613 6721 7982 9488 11219 13226 15446 17830 20583 23358 26518 29586 32613 35513 38083 40203 41788 42466 42465 41683 40400 38335 35797 32746 29514 26301 22946 19717 16747 14078 11666 9576 7911 6366 5124 4103 3255 2576 2016 1578 1218 942 768 587 469 344 264 204 163 130 105 75 62 50 37 25 21 15 13 10 7 5 4 4 3 3 2 2 2 3 3 1 1 1 1 1 0 
1 1 1 1 1 2 1 1 1 1 1 2 4 4 5 4 5 5 6 7 6 6 7 12 16 18 19 20 24 29 34 50 62 76 89 114 136 164 193 233 291 338 409 495 585 714 849 1005 1205 1514 1829 2173 2612 3110 3746 4458 5308 6356 7512 8927 10546 12405 14586 16934 19424 22190 25112 28262 31414 34263 36986 39358 41033 42121 42504 42056 40835 38802 36474 33630 30594 27374 24160 20978 18032 15154 12667 10541 8682 7061 5669 4563 3698 2887 2288 1823 1463 1154 889 713 565 431 336 269 211 174 134 99 69 49 41 35 29 20 16 11 10 10 7 4 3 2 3 3 3 3 3 1 1 1 1 1 1 1 1 0 
1 1 1 1 1 1 1 3 3 3 6 5 5 5 8 10 11 14 14 23 30 33 40 51 66 80 101 117 146 183 217 278 342 394 486 583 717 879 1063 1307 1584 1911 2328 2834 3449 4177 4992 6012 7117 8497 10008 11830 13864 16186 18769 21561 24507 27601 30636 33718 36645 39057 41000 42295 42702 42492 41635 39912 37643 34868 31641 28315 25010 21683 18683 15719 13090 10873 8897 7211 5803 4670 3744 2965 2358 1830 1410 1117 865 698 544 421 328 255 194 157 121 99 79 59 48 40 32 24 21 14 11 9 9 5 4 2 2 1 1 1 1 0 
1 1 1 1 1 1 1 2 2 3 3 4 4 4 4 3 3 3 3 3 4 6 7 10 11 11 12 13 14 14 18 18 23 29 38 47 53 63 79 94 101 127 153 198 251 310 368 444 531 652 772 932 1134 1384 1679 2062 2499 3022 3636 4350 5192 6195 7382 8715 10341 12240 14314 16717 19333 22227 25258 28281 31387 34437 37040 39519 41301 42433 42810 42391 41143 39272 36893 33953 30882 27694 24333 21033 17895 15176 12647 10455 8492 6887 5554 4443 3572 2856 2220 1739 1356 1075 836 653 525 391 306 241 186 142 113 90 71 55 41 30 25 23 17 11 8 6 5 1 1 1 1 0 
1 1 1 1 1 1 2 3 2 2 2 2 3 3 4 4 4 5 7 9 11 13 15 17 21 27 26 34 39 53 64 77 94 107 132 167 205 266 312 363 435 524 621 748 899 1061 1257 1528 1824 2175 2673 3252 3904 4673 5589 6691 8002 9605 11263 13330 15604 18141 20877 23794 26832 29963 33053 35886 38433 40441 41769 42434 42455 41554 40065 38031 35353 32341 29153 25882 22619 19489 16581 13942 11569 9447 7717 6284 5004 4052 3234 2520 1997 1580 1240 955 734 581 448 348 270 217 167 131 103 75 60 48 33 27 20 13 10 9 6 6 6 6 7 5 5 5 5 5 3 3 2 2 2 2 2 2 1 1 0 
1 1 1 1 1 1 1 1 1 1 1 2 4 4 5 6 7 7 7 9 10 17 22 25 38 43 51 66 82 100 122 146 189 231 282 340 413 485 610 762 935 1092 1292 1580 1930 2351 2772 3301 3964 4741 5652 6792 8108 9637 11367 13270 15516 17931 20682 23531 26735 29857 32887 35716 38221 40374 41793 42570 42419 41663 40335 38235 35706 32552 29373 26071 22810 19501 16674 14000 11608 9491 7672 6165 4971 3982 3172 2503 1938 1545 1202 943 742 592 458 367 287 216 164 118 88 59 49 32 24 18 10 9 7 3 3 2 2 1 0 
1 1 1 1 1 1 2 2 4 3 4 4 5 7 11 13 13 15 19 23 30 38 54 61 77 90 98 121 155 183 237 281 348 437 528 623 735 878 1072 1331 1537 1897 2301 2811 3390 4085 4899 5890 6997 8334 9913 11720 13792 16078 18485 21159 24205 27402 30550 33586 36526 38830 40905 42065 42538 42248 41327 39650 37416 34812 31785 28502 25184 21894 18860 15888 13429 11119 9189 7550 6142 4892 3961 3130 2486 1989 1596 1227 945 746 568 451 364 277 211 168 130 109 85 74 59 45 30 27 18 15 13 8 3 2 0 
1 1 1 3 4 4 7 9 9 12 12 14 17 18 22 28 35 39 46 52 65 69 79 99 124 162 190 226 275 315 407 509 610 746 894 1113 1337 1597 1891 2296 2763 3340 3984 4701 5614 6660 7945 9349 11143 13137 15287 17821 20530 23440 26553 29709 32734 35634 38071 40067 41644 42413 42370 41693 40272 38188 35528 32595 29387 25911 22675 19609 16639 13979 11644 9607 7840 6349 5117 4110 3214 2568 2029 1622 1310 1067 848 669 528 407 329 252 196 153 122 99 73 56 40 31 26 20 15 12 9 5 3 3 2 1 0 
1 1 1 1 1 1 1 1 1 1 1 1 1 1 1 1 4 4 3 5 6 6 9 8 10 12 14 15 19 25 30 37 49 64 80 87 90 109 132 158 180 202 257 306 357 474 570 682 816 951 1130 1359 1643 1997 2413 2845 3396 4159 4990 5942 7084 8416 9915 11708 13670 15946 18574 21504 24428 27624 30722 33632 36427 38871 40669 41898 42310 42120 41245 39581 37303 34684 31664 28446 25152 21962 18935 16166 13536 11241 9238 7441 6065 4838 3848 3048 2407 1883 1485 1136 912 733 573 457 369 282 226 173 142 107 85 62 53 41 33 27 23 17 15 13 10 8 6 3 3 3 0 
1 1 1 1 1 2 2 2 2 2 2 2 2 3 7 7 8 7 11 14 19 19 24 32 39 47 51 70 91 103 137 173 197 236 275 330 419 516 614 754 907 1096 1338 1618 1942 2303 2792 3381 4054 4848 5760 6902 8252 9737 11533 13565 15905 18488 21248 24134 27368 30448 33526 36261 38765 40712 42121 42770 42605 41725 40175 37954 35110 32009 28701 25433 22050 18876 16078 13457 11162 9181 7369 5896 4701 3786 2958 2346 1820 1473 1184 915 719 550 417 339 271 215 173 142 108 78 63 52 41 32 29 24 21 16 12 11 9 8 6 5 2 3 2 1 1 1 2 2 1 1 1 1 0 
1 1 1 1 1 1 1 1 1 1 2 2 2 2 4 5 7 6 7 9 10 12 15 16 19 26 31 32 40 45 56 68 84 106 120 145 172 219 285 357 437 542 665 819 980 1166 1448 1757 2102 2501 3028 3597 4279 5158 6179 7461 8886 10512 12254 14262 16656 19363 22098 25118 28289 31351 34253 37009 39392 41185 42242 42602 42157 41019 39163 36796 33803 30684 27304 24073 20967 17932 15179 12745 10563 8657 7086 5727 4613 3646 2927 2316 1862 1444 1103 882 695 547 433 342 251 210 160 134 102 87 66 56 37 31 25 21 17 14 12 5 5 5 2 2 2 2 1 0 
1 1 1 1 1 2 4 4 4 3 5 5 5 5 6 5 5 6 6 7 7 8 12 14 16 22 28 30 37 37 52 65 79 101 120 159 193 240 299 374 469 571 668 820 998 1234 1511 1801 2140 2569 3104 3833 4606 5443 6486 7777 9255 11012 13034 15205 17570 20229 23205 26283 29339 32420 35212 37737 40020 41643 42456 42686 42142 40705 38659 35988 33090 30006 26602 23261 20224 17136 14352 11944 9934 8078 6478 5188 4135 3308 2688 2063 1631 1288 1005 788 627 498 374 284 216 171 133 101 77 60 47 38 30 22 14 13 10 6 3 3 2 3 2 2 2 2 2 2 2 2 2 2 1 1 1 1 1 1 1 0 
1 1 1 1 1 2 3 3 3 5 7 9 7 11 11 11 14 21 25 29 42 48 64 72 89 97 112 136 167 211 257 319 389 470 557 664 795 982 1184 1423 1746 2060 2477 2960 3551 4230 5127 6134 7386 8802 10424 12334 14492 16828 19295 22045 25068 28191 31393 34371 37053 39384 40989 42221 42545 42202 41185 39374 36939 33991 30897 27557 24290 21037 17996 15117 12614 10415 8568 6945 5579 4497 3605 2866 2339 1823 1435 1121 883 681 543 419 343 268 196 158 130 108 86 66 55 38 30 25 22 15 12 8 6 4 3 1 1 1 0 
1 1 1 1 2 2 2 3 3 2 2 2 2 2 2 2 2 1 3 5 6 8 11 14 16 16 18 20 25 31 39 43 54 70 88 106 127 147 172 195 247 307 360 435 524 622 741 906 1099 1331 1587 1890 2238 2735 3327 4044 4909 5835 6989 8318 9759 11546 13542 15846 18383 21152 23984 27098 30231 33287 36069 38457 40439 41878 42319 42250 41457 39911 37729 35179 32075 28756 25424 22138 19126 16242 13571 11344 9401 7717 6250 5030 4002 3215 2574 2020 1525 1198 935 723 596 471 361 277 214 174 140 112 88 65 46 35 32 25 21 12 11 11 11 8 7 6 4 4 2 2 1 0 
1 1 1 1 1 1 2 3 3 3 3 3 3 4 6 7 8 13 15 16 16 21 28 35 55 61 70 90 106 117 142 165 203 244 303 359 442 532 658 785 948 1129 1347 1642 1970 2360 2819 3369 4008 4829 5833 6930 8331 9853 11608 13563 15860 18311 21092 24082 27300 30493 33511 36306 38762 40489 41865 42559 42429 41406 39778 37445 34746 31895 28707 25391 22117 18994 16157 13555 11312 9268 7565 6070 4917 3884 3125 2485 1940 1565 1229 987 768 607 474 352 279 215 173 136 107 86 71 50 32 25 16 15 11 9 9 8 6 5 5 4 4 4 3 1 0 
1 1 1 1 1 1 1 1 0 
1 1 1 1 1 1 1 3 3 4 5 4 4 9 12 14 18 25 30 39 43 53 68 80 91 105 126 149 179 232 280 330 398 492 605 743 888 1059 1282 1543 1857 2234 2707 3264 3917 4758 5702 6784 8135 9748 11406 13341 15617 18159 20754 23728 26699 29820 32761 35630 38204 40322 41679 42353 42276 41427 40085 37915 35425 32488 29249 26178 22776 19691 16690 14025 11700 9703 7932 6372 5146 4079 3209 2548 2016 1595 1283 1033 821 645 516 392 310 244 188 150 114 100 87 66 49 45 39 31 21 17 12 12 7 5 5 3 2 1 0 
1 1 1 1 1 1 2 3 4 3 3 3 3 3 6 7 6 7 8 8 10 14 18 21 23 28 36 47 58 72 88 98 120 151 180 214 282 338 403 486 573 705 851 1032 1233 1508 1779 2155 2601 3156 3791 4484 5342 6427 7692 9080 10759 12665 14690 17153 19835 22671 25745 28784 31843 34864 37422 39638 41291 42410 42558 42134 40958 39100 36554 33543 30380 27028 23619 20419 17412 14772 12339 10200 8345 6746 5396 4292 3396 2685 2124 1661 1324 1040 823 633 485 377 284 220 171 130 92 73 62 52 35 28 19 15 10 7 7 8 4 3 2 2 2 2 2 1 1 0 
1 1 1 1 1 1 1 1 1 1 1 1 1 2 2 2 2 2 5 8 11 16 21 23 29 44 51 58 67 78 101 124 159 194 232 277 329 412 502 592 726 879 1082 1294 1594 1960 2347 2842 3383 4132 4946 5970 7103 8402 9883 11692 13742 15945 18584 21327 24335 27419 30524 33670 36454 38917 40896 42109 42618 42345 41382 39783 37480 34759 31600 28317 25027 21782 18607 15841 13308 11109 9115 7400 5902 4827 3862 3065 2457 1951 1543 1236 952 766 590 462 375 282 221 174 133 97 80 64 54 44 32 25 18 15 14 12 10 6 6 4 4 3 3 2 1 1 1 0 
1 1 1 1 1 1 1 3 3 3 3 3 4 4 4 5 5 11 11 9 8 11 16 23 28 31 36 44 50 65 79 99 125 148 180 211 242 303 382 459 558 673 786 961 1164 1406 1708 2051 2487 2992 3638 4365 5273 6236 7405 8690 10282 12130 14284 16603 19163 21898 24943 27938 30989 33940 36763 39094 40910 41870 42216 41873 40946 39185 36829 34054 30996 27838 24568 21519 18547 15702 13104 10876 8862 7227 5877 4750 3840 3022 2394 1854 1457 1145 896 718 572 438 322 255 186 140 114 88 66 52 40 31 23 18 17 12 11 9 8 6 6 5 5 5 4 3 1 2 2 2 2 1 1 1 0 
1 1 1 1 1 3 2 4 5 5 5 7 7 10 13 14 14 17 23 32 38 41 46 62 71 77 99 125 149 180 226 265 320 395 492 578 719 869 1039 1251 1545 1872 2291 2747 3276 3907 4650 5576 6612 7863 9305 11063 13031 15341 17717 20418 23254 26350 29530 32428 35434 37936 40062 41580 42462 42351 41761 40394 38309 35910 32856 29730 26348 22986 19885 16966 14207 11807 9731 7941 6435 5153 4166 3345 2643 2069 1661 1315 1084 847 683 542 425 345 275 215 169 140 115 97 81 62 50 41 33 23 20 14 11 8 7 7 7 5 4 3 1 1 1 1 1 1 1 0 
1 1 1 1 1 1 1 1 1 1 3 2 2 3 6 7 8 7 10 13 15 17 21 24 29 37 43 56 73 82 109 135 158 189 213 263 324 398 465 562 661 779 952 1153 1382 1667 2028 2529 3038 3618 4372 5185 6139 7339 8718 10307 12140 14256 16620 19212 22068 24919 28086 31201 34149 36944 39293 41029 42231 42536 42240 41122 39280 37014 34083 30964 27745 24376 21103 18102 15283 12809 10654 8754 7129 5720 4591 3673 2918 2282 1803 1435 1111 906 723 574 455 359 284 223 173 145 121 96 75 57 42 34 30 28 18 13 10 9 7 5 4 3 3 2 2 0 
1 1 1 2 3 3 3 5 6 7 8 8 12 15 20 23 30 33 37 48 55 69 86 113 141 169 199 246 330 391 461 559 696 836 1004 1227 1488 1774 2120 2540 3047 3660 4392 5283 6308 7622 9026 10635 12541 14663 17094 19687 22587 25525 28579 31659 34689 37467 39723 41403 42379 42649 42172 40953 39060 36491 33634 30482 27118 23887 20636 17648 14845 12363 10188 8339 6737 5470 4331 3485 2783 2177 1738 1395 1067 859 677 515 410 314 261 204 160 122 96 72 51 43 32 29 27 19 13 8 5 5 5 3 3 3 3 2 2 1 1 2 1 1 1 1 1 1 1 0 
1 1 1 1 1 1 1 2 2 2 2 2 2 2 2 2 3 6 6 6 6 6 8 11 18 20 20 23 24 33 45 53 59 67 77 97 117 143 178 207 251 312 377 446 534 654 825 977 1182 1417 1701 2049 2477 2927 3589 4232 5090 6148 7352 8729 10383 12196 14277 16620 19298 22160 25231 28391 31354 34326 36966 39261 41026 42316 42598 42203 41021 39049 36631 33882 30756 27418 24100 20917 17988 15291 12791 10636 8819 7230 5876 4710 3761 2966 2383 1904 1473 1166 911 739 593 450 356 278 225 177 141 107 79 68 53 46 41 33 22 15 12 10 9 7 7 4 4 4 3 3 2 2 1 0 
1 1 1 1 1 1 1 1 1 2 2 2 2 2 2 3 6 5 5 5 5 5 8 10 13 17 16 18 28 30 37 38 44 56 81 97 114 138 176 194 225 274 338 423 507 624 756 940 1146 1409 1695 2057 2479 2928 3545 4233 5078 6104 7313 8690 10311 12189 14216 16641 19118 22106 24955 27972 31188 34116 36808 39274 41058 42105 42592 42227 41106 39299 36885 34060 30808 27559 24291 21187 18106 15302 12841 10675 8821 7267 5853 4749 3837 3061 2436 1955 1547 1209 951 741 577 449 335 266 212 163 124 98 75 55 34 29 24 17 14 10 8 4 3 1 1 0 
1 1 1 1 1 1 4 4 4 5 11 12 15 17 21 28 38 49 59 71 90 117 128 149 179 216 275 321 387 489 574 695 841 1061 1264 1512 1840 2256 2750 3234 3886 4675 5626 6709 7939 9396 11026 13105 15232 17718 20451 23432 26494 29569 32708 35539 38086 40071 41574 42297 42390 41801 40395 38136 35508 32567 29277 26050 22868 19715 16768 14143 11800 9785 8037 6525 5285 4250 3332 2638 2092 1658 1332 1038 826 645 522 407 314 238 187 142 107 88 68 50 34 23 18 14 12 11 6 3 2 1 2 2 2 1 1 1 1 1 0 
1 1 1 1 1 1 2 4 4 4 4 7 8 10 11 10 11 10 12 16 19 23 28 37 46 54 69 81 100 126 152 183 219 277 340 386 460 553 666 793 977 1174 1372 1626 1979 2367 2865 3412 4103 4937 5897 6976 8301 9871 11639 13650 15883 18407 21136 24059 27094 30141 33229 36106 38514 40453 41746 42401 42280 41252 39653 37561 35061 32032 28859 25645 22253 19029 16196 13520 11201 9232 7584 6141 4905 3887 3064 2436 1930 1527 1169 910 689 558 427 334 271 212 166 124 101 78 48 39 36 30 25 21 13 10 8 8 7 6 5 4 2 1 0 
1 1 1 1 1 1 1 1 2 2 4 5 5 6 6 6 9 12 14 17 20 27 36 39 49 59 67 86 101 121 141 174 213 252 291 355 428 530 661 811 973 1185 1432 1696 2028 2413 2962 3576 4335 5161 6149 7355 8673 10260 12091 14124 16517 19064 21869 24825 27924 30887 33929 36625 39056 40928 42181 42496 42158 41088 39393 37072 34287 31250 27853 24689 21421 18318 15515 12980 10687 8769 7111 5768 4692 3720 2989 2355 1911 1504 1160 914 728 566 448 359 285 226 158 137 104 75 56 43 35 26 23 18 14 9 8 7 5 4 3 1 0 
1 1 1 1 1 1 2 2 2 2 2 2 3 4 5 5 6 5 6 9 13 13 12 12 14 20 29 31 40 49 57 73 89 113 124 158 196 237 270 335 406 493 592 705 890 1076 1315 1569 1872 2276 2703 3254 3918 4706 5641 6763 8065 9547 11324 13327 15570 17993 20667 23689 26751 29943 32980 35847 38302 40406 41746 42541 42628 41785 40132 37996 35456 32403 29226 25874 22697 19506 16551 13867 11573 9506 7788 6311 5072 4019 3173 2497 1979 1559 1206 968 764 593 450 355 283 219 173 130 104 83 74 57 47 38 32 25 16 13 12 11 7 6 6 4 3 2 1 1 0 
1 1 1 1 1 4 5 7 7 8 12 16 21 25 29 39 50 56 70 85 105 121 147 177 220 264 324 380 436 541 643 778 937 1121 1348 1600 1915 2325 2821 3427 4113 4919 5836 6882 8227 9782 11498 13502 15696 18178 20824 23696 26800 30068 33085 35729 38355 40300 41619 42232 42319 41621 40067 37952 35272 32292 29038 25712 22368 19250 16424 13770 11466 9385 7590 6135 4926 3937 3142 2492 1971 1562 1219 969 777 586 471 371 287 225 181 146 105 83 73 62 49 36 31 22 17 14 12 8 5 4 5 4 3 3 2 2 2 2 1 0 
1 1 1 1 1 1 1 1 1 1 1 1 2 3 3 2 2 4 7 8 10 10 11 12 16 20 24 31 35 44 46 65 83 88 110 135 157 178 211 268 321 386 471 585 730 850 1034 1246 1526 1818 2208 2677 3217 3828 4536 5433 6521 7785 9172 10894 12901 15119 17501 20210 23255 26388 29448 32466 35429 38083 40208 41642 42522 42646 42112 40803 38678 36084 33073 29802 26489 23249 19997 16966 14194 11801 9789 7961 6441 5167 4139 3235 2546 1995 1588 1243 985 773 615 497 388 282 225 173 138 111 91 68 53 37 33 25 20 11 10 7 6 5 5 3 2 2 2 0 
1 1 1 3 5 4 5 6 7 8 13 15 18 21 27 35 36 41 52 67 80 105 119 143 173 220 272 330 398 466 565 661 783 934 1140 1384 1646 1998 2372 2887 3495 4238 5102 6130 7301 8631 10200 12000 14143 16392 19020 21824 24847 27738 30931 33770 36583 38910 40757 41969 42411 42016 40950 39207 36793 34152 31207 27987 24653 21547 18539 15775 13201 10963 9072 7344 6008 4815 3859 3032 2406 1918 1490 1179 936 732 560 424 330 262 208 167 127 111 88 76 62 52 37 28 26 26 17 14 13 11 6 3 3 3 2 2 1 2 2 1 1 1 1 1 1 0 
1 1 1 1 1 1 1 1 1 1 1 2 2 3 3 6 6 6 9 9 12 17 21 25 31 38 49 51 65 78 97 123 157 178 213 253 325 386 478 565 682 833 1016 1219 1485 1762 2102 2540 3102 3684 4428 5229 6296 7464 8770 10381 12243 14450 16793 19443 22086 24989 28129 31205 34228 37005 39210 40864 41857 42159 41871 41013 38978 36524 33708 30704 27486 24218 21027 18015 15274 12836 10644 8756 7134 5762 4674 3760 2971 2400 1899 1488 1156 886 709 562 432 339 262 214 168 127 99 71 62 49 37 30 25 20 14 11 7 6 6 5 3 2 2 1 0 
1 1 1 1 1 1 1 2 3 4 4 6 8 10 12 14 20 24 27 29 38 42 59 78 98 111 126 163 197 242 290 337 427 514 642 782 935 1144 1379 1699 2070 2452 2979 3594 4283 5069 6112 7325 8686 10337 12241 14269 16643 19059 21933 24935 28014 30991 34004 36714 38967 40796 41869 42113 41865 40828 39073 36874 34126 30959 27791 24536 21263 18251 15501 13121 10881 9006 7297 5883 4732 3801 3059 2467 1962 1526 1195 928 743 577 474 382 287 226 177 133 107 81 61 47 39 32 26 21 16 13 10 10 8 6 7 7 6 5 5 5 3 3 2 2 1 1 0 
1 1 1 1 1 1 1 1 1 1 1 1 1 1 1 3 4 4 5 8 11 12 17 20 23 27 28 35 40 44 68 73 96 122 158 184 208 252 311 382 491 585 672 797 973 1149 1387 1660 2009 2353 2857 3422 4088 4821 5824 6969 8268 9811 11652 13724 15996 18432 21147 24103 27151 30261 33322 36111 38583 40658 42008 42501 42517 41744 40153 37912 35185 32118 28723 25437 22103 18974 16048 13515 11141 9084 7345 5971 4825 3842 3038 2386 1853 1437 1135 892 707 560 440 338 262 206 158 131 99 75 60 47 41 33 25 19 16 12 9 4 3 2 2 0 
1 1 1 1 1 2 2 2 5 6 7 10 15 19 21 26 31 38 49 51 60 72 88 109 131 157 187 222 264 338 420 498 595 719 879 1045 1263 1561 1890 2224 2678 3230 3848 4590 5539 6633 7954 9421 11069 13029 15305 17720 20525 23352 26456 29599 32786 35596 38134 40184 41651 42439 42434 41771 40253 38126 35593 32580 29488 26250 23006 19847 16885 14195 11834 9732 7960 6421 5230 4180 3275 2588 2043 1621 1301 1004 783 629 516 397 306 238 189 148 119 96 75 61 54 42 30 24 21 15 10 7 6 3 2 2 2 2 2 2 0 
1 1 1 1 1 1 1 1 1 1 2 2 2 2 2 4 6 6 7 8 12 18 19 22 24 28 37 48 57 65 76 86 101 128 153 189 237 290 364 433 522 632 758 925 1128 1359 1662 2033 2425 2908 3530 4184 5043 6044 7225 8571 10157 11898 14051 16383 19080 21725 24552 27785 30852 33775 36607 38866 40593 41755 42243 41983 41079 39164 37024 34273 31222 27997 24700 21599 18545 15759 13208 11005 9052 7401 5958 4834 3879 3072 2435 1920 1527 1200 935 753 578 461 367 290 225 179 130 112 96 78 62 41 33 27 21 20 15 11 8 7 5 4 3 1 1 1 0 
1 1 1 1 1 1 1 1 1 1 2 2 1 1 1 1 1 3 3 3 2 2 2 2 3 5 6 10 13 14 19 22 25 30 36 41 48 50 59 71 98 124 154 188 220 262 315 375 450 563 688 827 994 1235 1512 1833 2188 2587 3150 3783 4579 5490 6510 7732 9152 10803 12787 14920 17329 19898 22877 25836 28887 31921 34921 37286 39481 41272 42102 42340 41744 40372 38464 36048 33146 30167 26832 23605 20548 17641 14890 12399 10229 8411 6766 5394 4404 3556 2841 2272 1813 1384 1075 866 678 523 421 330 262 200 158 130 102 73 53 43 35 27 23 15 12 9 7 7 4 4 3 2 2 2 1 1 1 1 1 0 
1 1 1 1 2 3 2 2 2 5 6 10 10 12 13 17 19 22 27 31 41 47 58 61 73 98 128 151 194 242 299 371 461 544 680 857 1017 1238 1489 1818 2170 2611 3203 3861 4678 5643 6823 8115 9687 11457 13330 15446 17887 20655 23615 26792 29779 32808 35654 38289 40399 41897 42576 42437 41685 40179 38022 35387 32430 29226 25935 22720 19659 16691 14029 11630 9588 7849 6368 5128 4083 3282 2571 2021 1596 1248 968 756 584 451 377 299 237 185 145 108 94 78 64 55 41 32 24 17 12 6 4 2 1 1 1 1 0 
1 1 1 3 4 4 5 6 6 8 11 15 19 23 30 37 50 60 63 80 99 113 137 177 213 248 302 365 443 537 647 746 936 1143 1383 1664 1999 2390 2866 3401 4099 4917 5916 7034 8368 9918 11697 13744 16092 18606 21474 24429 27385 30515 33557 36277 38852 40767 42133 42737 42385 41441 39686 37370 34610 31512 28304 24997 21775 18918 15977 13300 11091 9124 7382 5984 4772 3870 3056 2448 1914 1522 1203 945 775 617 484 382 305 218 154 129 103 77 67 51 37 29 24 18 10 7 5 5 5 4 3 3 3 3 2 2 2 2 1 0 
1 1 1 1 1 2 2 1 1 1 2 3 3 4 5 7 8 8 12 15 20 27 31 39 48 51 59 70 78 94 119 144 180 214 258 315 387 458 574 686 837 1019 1220 1484 1755 2121 2596 3095 3713 4377 5156 6098 7342 8647 10259 12148 14250 16628 19127 21912 24837 27865 30938 34032 36647 38819 40675 41929 42507 42249 40994 39361 36918 34118 31113 27841 24549 21186 18183 15401 12948 10710 8809 7216 5812 4653 3673 2942 2342 1803 1413 1115 864 690 531 430 334 254 194 148 108 89 77 56 48 36 32 22 16 14 8 5 4 3 3 3 2 1 1 0 
1 1 1 3 3 4 5 6 6 6 8 10 15 19 27 31 40 43 47 53 69 84 101 121 154 193 226 261 306 380 463 570 687 819 1029 1214 1490 1795 2183 2628 3181 3812 4531 5413 6529 7705 9121 10710 12722 15020 17482 20224 23156 26267 29420 32385 35291 37915 40108 41665 42536 42546 41884 40411 38413 35952 32920 29771 26552 23139 19989 16974 14375 11927 9897 8152 6576 5327 4228 3358 2674 2139 1691 1301 1007 792 652 505 406 318 248 195 164 127 99 74 57 47 38 30 29 19 15 13 11 7 5 3 3 2 1 1 1 0 
1 1 1 1 2 4 5 6 6 7 12 10 15 19 19 28 29 31 41 50 63 81 91 109 133 169 196 232 278 341 402 489 612 726 868 1032 1236 1493 1821 2167 2616 3152 3781 4476 5313 6311 7527 8902 10514 12386 14444 16688 19282 22131 25182 28293 31328 34360 36992 39023 40690 41981 42310 41853 40806 38958 36518 33791 30719 27592 24206 21057 18109 15315 12779 10648 8742 7108 5650 4567 3629 2840 2236 1776 1420 1135 915 702 568 439 343 256 202 155 121 98 75 66 47 41 32 31 24 20 15 14 10 7 5 5 5 3 3 3 3 3 1 0 
1 1 1 2 2 3 4 4 4 8 9 8 9 11 13 18 25 31 38 48 60 81 98 118 141 173 219 265 323 404 488 612 727 877 1095 1343 1658 1987 2407 2888 3426 4088 4988 5950 7041 8352 9848 11631 13576 15879 18444 21273 24145 27087 30235 33201 35991 38487 40499 41819 42336 42344 41467 39881 37630 35043 32056 28960 25604 22357 19256 16289 13645 11224 9191 7471 6016 4823 3842 3106 2470 1959 1562 1257 968 739 575 466 367 287 219 173 129 101 72 54 45 40 29 22 14 10 7 7 7 4 3 3 3 2 2 1 0 
1 1 1 1 2 2 2 2 2 4 5 3 3 4 6 9 9 10 11 15 15 19 23 28 41 51 68 88 118 135 163 201 247 283 344 417 527 670 804 986 1188 1446 1744 2087 2513 3053 3681 4381 5285 6319 7531 8972 10618 12486 14613 16993 19664 22457 25459 28702 32065 34920 37463 39721 41274 42249 42664 42269 41189 39170 36643 33700 30404 27148 23871 20684 17699 14819 12365 10172 8369 6788 5457 4318 3464 2773 2187 1698 1363 1074 879 699 545 431 343 257 210 154 118 94 72 52 41 34 28 21 19 15 10 8 6 6 3 2 2 1 1 1 1 1 0 
1 1 1 1 1 1 2 4 3 3 5 4 5 10 12 13 17 20 26 34 39 43 54 68 93 109 134 177 224 283 327 381 473 594 727 854 1021 1227 1499 1828 2230 2715 3259 3973 4717 5677 6739 8111 9611 11357 13209 15416 17902 20734 23656 26702 29813 32748 35549 38202 40148 41723 42441 42415 41757 40225 38099 35415 32392 29238 25822 22527 19529 16705 14072 11641 9633 7838 6329 5109 4115 3265 2608 2072 1648 1339 1054 835 669 525 429 338 266 213 176 140 110 93 66 51 38 28 25 21 17 14 12 12 9 6 6 6 6 4 3 2 1 1 1 1 1 1 1 0 
1 1 1 1 1 1 1 1 3 3 3 5 5 5 5 7 9 12 17 15 18 19 22 34 38 41 52 64 81 95 112 139 163 198 238 284 342 416 501 604 744 921 1131 1341 1651 1979 2384 2899 3469 4180 4969 5901 7032 8340 9899 11707 13807 16063 18624 21461 24419 27369 30537 33456 36427 38786 40742 42150 42578 42318 41369 39775 37605 34869 31776 28483 25152 21915 18893 16025 13427 11113 9116 7356 5919 4780 3811 3007 2394 1908 1505 1182 949 743 600 454 360 296 228 178 135 111 89 67 52 41 32 22 18 14 10 7 5 3 3 2 1 1 1 0 
1 1 2 2 4 5 6 7 6 6 8 11 16 16 19 21 24 23 32 42 52 57 63 76 86 100 129 154 194 235 290 361 437 554 672 808 952 1135 1382 1677 2061 2477 2947 3550 4321 5176 6126 7296 8599 10185 12046 14151 16517 19156 21993 24913 27952 30989 34012 36751 39226 40971 42257 42682 42280 41144 39286 37079 34352 31113 27819 24544 21254 18196 15449 12926 10737 8789 7134 5792 4643 3732 2924 2300 1834 1443 1122 874 708 564 430 333 259 206 163 129 102 81 62 45 36 29 19 15 11 7 6 6 4 3 2 2 2 2 2 1 1 2 2 2 2 3 3 3 3 2 3 3 3 2 2 2 2 1 1 0 
1 1 1 1 1 2 2 4 5 4 5 8 9 11 11 12 14 15 17 23 25 36 40 50 59 71 96 119 143 173 211 260 312 391 474 555 682 825 994 1209 1499 1816 2169 2601 3121 3733 4508 5472 6568 7771 9190 10785 12743 14917 17446 20158 22992 25872 28920 31841 34804 37417 39567 41120 42171 42332 41815 40548 38517 36107 33198 30062 26769 23478 20394 17480 14762 12347 10206 8385 6748 5470 4372 3501 2783 2200 1716 1378 1055 838 648 503 398 313 243 191 146 108 83 60 53 41 31 25 19 14 9 5 4 1 1 1 1 0 
1 1 1 1 1 3 4 5 5 6 9 11 13 15 19 20 23 27 39 49 65 81 90 112 140 162 181 215 262 309 384 480 574 690 816 969 1138 1380 1690 2060 2469 2975 3602 4332 5177 6234 7420 8808 10305 12186 14268 16611 19204 22017 24941 28067 31229 34194 37041 39353 41045 42205 42690 42272 41195 39342 36976 34012 30832 27599 24320 21099 18099 15358 12815 10511 8718 7038 5744 4589 3658 2882 2267 1791 1421 1117 880 717 569 446 364 291 231 172 136 98 79 69 55 43 33 24 19 15 9 6 4 3 2 2 2 1 1 1 1 1 1 1 0 
1 1 1 1 3 4 4 6 6 7 10 10 11 15 17 19 22 30 32 38 48 59 73 85 111 123 152 185 220 269 306 369 447 553 690 834 1013 1227 1508 1800 2196 2636 3178 3793 4517 5440 6496 7710 9079 10708 12600 14826 17290 19980 22940 26025 29003 32069 35128 37889 39977 41525 42326 42376 41786 40577 38608 36137 33429 30086 26785 23536 20313 17333 14646 12225 9986 8182 6589 5325 4251 3425 2707 2162 1702 1346 1057 831 656 523 402 321 255 195 153 127 92 73 62 48 34 29 24 18 12 12 10 7 4 4 5 2 2 2 2 2 2 2 1 1 1 1 1 1 1 0 
1 1 1 0 
1 1 1 1 1 2 2 2 3 6 6 10 12 13 15 15 18 24 35 38 44 47 56 67 82 99 112 137 167 207 257 326 389 449 537 652 785 971 1174 1399 1688 2052 2461 2952 3537 4268 5121 6105 7286 8709 10215 12040 14087 16415 19140 21936 24969 28041 31144 34317 36869 39215 40997 42100 42536 42231 41051 39300 36930 34151 31193 27962 24653 21406 18328 15574 12945 10757 8798 7101 5775 4640 3706 2997 2386 1890 1525 1212 928 703 536 414 334 272 211 170 133 101 80 67 49 46 41 30 20 17 12 9 9 8 8 6 6 4 4 3 3 3 3 3 1 0 
1 1 1 1 1 1 3 4 8 7 7 8 12 14 17 20 25 29 36 44 49 64 74 87 106 128 162 205 229 275 320 390 472 576 693 836 1021 1208 1448 1725 2115 2561 3056 3710 4453 5343 6401 7606 9050 10663 12527 14601 17015 19549 22441 25409 28478 31579 34560 37058 39240 40876 41985 42165 41790 40641 38767 36385 33688 30525 27203 24024 20844 17768 14903 12398 10266 8459 6870 5488 4427 3518 2832 2237 1735 1360 1082 866 699 537 425 334 267 216 166 129 94 77 64 49 36 28 19 11 8 4 4 2 2 2 2 2 2 1 0 
1 1 1 1 2 3 3 3 4 4 4 4 4 5 6 5 8 7 8 9 11 12 19 27 34 40 47 56 69 87 105 122 144 182 236 271 315 391 470 560 668 796 960 1147 1390 1672 2020 2430 2972 3583 4280 5144 6137 7357 8719 10326 12197 14247 16590 19289 22167 25188 28021 31154 34085 36861 39105 40949 42016 42431 42095 40929 39099 36787 34139 31044 27788 24513 21304 18239 15413 12901 10686 8761 7157 5836 4701 3746 2966 2294 1796 1407 1083 835 660 526 400 311 242 187 152 107 89 68 60 47 34 25 18 16 16 11 9 6 6 6 3 2 2 2 2 1 0 
1 1 1 2 3 3 2 2 2 2 4 5 6 6 6 7 9 14 15 15 21 26 27 36 47 58 65 71 83 112 143 167 190 232 274 336 428 528 632 755 911 1092 1308 1617 1957 2360 2823 3345 3995 4783 5717 6758 8065 9626 11435 13352 15607 18109 20861 23739 26819 29743 32901 35756 38299 40264 41710 42442 42372 41522 40014 37896 35353 32299 29047 25653 22424 19308 16458 13892 11549 9586 7739 6275 5061 4125 3305 2611 2077 1629 1315 1030 804 642 496 386 323 242 189 157 120 96 80 62 42 32 22 18 10 6 4 3 3 2 1 1 1 1 1 0 
1 1 1 1 1 1 1 2 2 2 3 4 4 6 6 6 7 9 11 13 14 21 22 25 31 37 43 50 67 91 108 140 181 214 273 340 378 451 525 657 806 956 1140 1354 1635 1976 2352 2854 3491 4182 4989 5965 7080 8449 10012 11939 13977 16351 18966 21732 24657 27621 30731 33823 36601 38973 40764 42015 42645 42145 41050 39477 37281 34425 31421 28085 24801 21551 18504 15729 13153 10958 9083 7465 6013 4874 3863 3090 2460 1952 1565 1208 958 761 596 465 362 296 224 185 151 121 96 67 52 37 35 25 21 19 12 8 7 4 2 1 1 1 0 
1 1 1 1 3 4 4 3 3 3 5 7 7 10 15 15 21 22 29 37 42 44 58 71 88 110 131 150 182 219 266 338 410 507 614 721 836 1011 1220 1480 1799 2189 2601 3118 3671 4467 5348 6397 7615 9015 10647 12502 14681 17192 19795 22661 25806 29002 32021 34857 37519 39757 41270 42208 42419 42039 40811 38822 36315 33464 30390 27127 23854 20565 17517 14772 12351 10202 8367 6821 5450 4335 3421 2726 2164 1702 1332 1039 833 651 504 397 310 241 190 152 112 91 63 53 41 36 29 25 20 16 12 11 9 6 3 2 0 
1 1 1 1 1 1 1 1 1 1 1 1 1 1 3 4 7 8 8 8 15 15 18 23 29 35 43 54 72 84 99 110 123 168 198 250 291 346 402 472 588 697 839 1002 1217 1488 1789 2115 2552 3106 3743 4424 5303 6272 7491 8864 10413 12305 14523 16826 19338 22075 25105 28238 31299 34226 36854 39274 40952 42062 42414 42095 40905 39153 36718 33825 30692 27474 24174 20926 17994 15217 12689 10464 8562 6894 5582 4498 3609 2876 2267 1795 1419 1116 873 671 550 447 350 272 200 153 129 98 80 68 51 38 34 26 22 17 12 9 8 4 2 2 2 1 1 1 0 
1 1 1 1 1 3 3 3 4 6 7 6 6 7 7 9 14 15 13 16 22 25 30 31 40 48 62 76 86 107 121 144 178 216 262 311 385 485 603 736 870 1039 1260 1563 1844 2221 2678 3235 3887 4634 5524 6559 7771 9193 10859 12771 14910 17361 20017 22773 25739 28826 32008 34956 37667 39750 41359 42432 42735 42007 40521 38495 35927 33149 30027 26787 23569 20297 17259 14604 12195 10036 8177 6634 5324 4292 3442 2739 2166 1699 1364 1086 853 686 549 433 347 281 223 162 129 99 70 56 45 33 20 14 11 8 8 7 5 5 4 4 3 3 3 2 2 1 1 1 1 0 
1 1 1 2 3 3 3 3 3 4 4 4 7 8 8 9 10 11 14 20 22 29 35 42 53 61 81 109 141 173 211 249 306 370 434 544 651 823 982 1173 1396 1688 1998 2381 2864 3458 4160 4975 5960 7114 8464 10094 11854 13819 16052 18650 21413 24402 27463 30459 33503 36429 38744 40631 42003 42584 42358 41402 39719 37435 34879 31845 28429 25125 21876 18763 15869 13278 10998 8928 7351 5952 4825 3806 3037 2393 1879 1475 1170 907 720 570 436 339 263 211 154 112 91 68 53 43 39 30 24 19 14 10 6 5 5 3 3 2 2 0 
1 1 1 1 1 1 1 3 4 5 7 7 10 14 21 26 28 31 41 48 55 63 98 114 146 196 231 279 336 408 526 639 803 967 1151 1398 1669 2013 2434 2990 3574 4288 5176 6136 7324 8658 10234 11945 14033 16342 18728 21612 24524 27553 30716 33695 36295 38640 40294 41600 42227 42090 41122 39546 37354 34509 31514 28297 25039 21804 18749 15874 13208 10880 8925 7337 5936 4796 3785 3025 2406 1911 1512 1195 974 775 601 468 380 292 232 194 150 117 97 80 65 48 40 30 26 20 17 13 8 8 7 5 4 3 3 2 1 1 1 1 1 1 1 0 
1 1 1 0 
1 1 1 1 2 2 3 4 4 5 7 8 12 13 16 20 23 27 28 36 45 52 61 64 82 108 129 148 180 223 271 341 407 482 595 711 860 1033 1263 1507 1785 2152 2601 3099 3741 4486 5356 6346 7519 8992 10548 12458 14535 16924 19387 22088 25185 28356 31598 34479 37077 39293 41036 42159 42405 42121 41166 39242 36726 33867 30599 27362 24043 20773 17696 14932 12405 10211 8422 6822 5516 4467 3544 2849 2225 1766 1354 1105 870 659 514 399 322 261 203 154 120 93 63 47 37 29 23 20 13 12 9 9 7 3 2 1 1 1 1 1 1 1 0 
1 1 1 1 1 1 1 1 1 1 2 5 7 8 8 9 11 13 17 21 31 42 51 65 76 94 101 137 163 207 247 283 345 423 498 600 715 903 1068 1288 1582 1858 2207 2723 3296 3960 4765 5643 6758 8144 9730 11409 13311 15558 18013 20773 23569 26555 29687 32740 35650 38155 40179 41660 42470 42525 41711 40200 38083 35384 32487 29253 26050 22665 19456 16624 13998 11584 9464 7712 6278 5063 4001 3146 2524 1957 1541 1255 984 775 617 479 366 292 234 186 156 124 91 69 52 41 36 29 27 21 17 12 11 8 4 4 2 2 1 0 
1 2 3 4 4 4 5 4 8 11 12 15 18 21 23 30 37 46 58 59 67 84 98 115 145 182 224 266 302 369 476 588 680 812 994 1203 1460 1762 2097 2532 3091 3683 4474 5312 6397 7583 9038 10772 12726 14988 17344 20005 22975 26086 29167 32335 35166 37707 39936 41522 42487 42730 41950 40694 38688 36127 33181 29851 26573 23213 20045 17115 14376 12055 9981 8167 6614 5319 4249 3400 2687 2150 1689 1320 1019 798 626 499 403 330 271 209 148 115 95 74 55 47 37 28 18 15 12 9 8 6 5 3 3 3 2 3 3 3 3 2 2 2 1 1 1 0 
1 1 1 3 4 6 7 7 9 10 15 18 25 32 39 48 65 88 106 128 145 182 217 256 318 373 456 546 667 820 1000 1159 1392 1674 2016 2463 2965 3524 4224 5055 5979 7117 8476 10042 11844 14006 16344 18973 21806 24803 27886 30995 33929 36810 39233 41050 42210 42693 42306 41115 39485 37120 34337 31344 27966 24706 21530 18428 15612 13012 10712 8827 7233 5872 4710 3792 2990 2367 1830 1466 1160 909 737 573 440 349 273 204 169 135 110 95 72 55 34 24 19 15 11 8 6 2 0 
1 1 1 1 1 1 1 1 3 3 3 5 6 6 6 7 9 10 12 11 13 16 18 22 29 37 47 51 63 73 92 109 125 141 171 204 244 319 399 474 580 700 823 983 1204 1473 1792 2155 2588 3084 3650 4325 5149 6114 7307 8640 10288 12129 14259 16558 19129 21927 24958 28016 30973 34025 36629 39004 40766 41893 42409 42193 41256 39448 37196 34487 31219 27968 24629 21408 18354 15490 12951 10690 8728 7101 5730 4577 3606 2854 2273 1775 1378 1094 861 683 528 400 314 239 176 144 107 84 61 42 32 23 18 17 12 9 7 4 4 4 4 3 3 3 3 1 1 0 
1 1 1 1 2 2 2 3 3 3 4 4 4 7 8 11 14 18 24 29 32 42 49 60 75 99 110 142 179 218 276 339 422 517 614 764 917 1099 1317 1607 1968 2391 2914 3427 4118 4989 6005 7270 8540 10103 11955 14012 16337 18865 21586 24585 27737 30947 33883 36758 39121 40992 42198 42625 42396 41210 39475 37158 34527 31500 28176 24908 21800 18642 15780 13262 11020 8940 7251 5799 4612 3652 2854 2254 1805 1410 1110 858 665 518 411 321 259 200 155 125 103 80 69 52 40 28 22 19 15 13 9 9 5 4 3 2 2 2 2 1 1 1 1 1 0 
1 1 1 1 2 4 4 5 5 5 7 6 11 12 14 20 27 29 32 38 46 59 83 110 134 148 178 210 267 328 387 459 552 672 806 977 1156 1382 1689 2034 2410 2917 3490 4168 4968 5896 6946 8338 9919 11711 13719 16118 18703 21503 24484 27588 30628 33671 36274 38619 40580 41853 42267 42196 41226 39736 37537 34777 31707 28444 25057 21841 18713 15914 13407 11232 9243 7516 6091 4948 3938 3188 2515 2007 1609 1284 1035 814 645 498 370 285 232 178 153 118 96 77 58 48 36 27 22 17 15 7 7 5 4 4 3 1 1 1 1 1 1 1 1 1 1 1 1 1 0 
1 1 1 1 1 1 1 1 1 2 3 4 3 3 3 5 7 9 10 11 11 12 16 17 21 22 24 28 39 49 61 74 89 110 134 170 195 237 300 342 422 502 598 724 857 1028 1219 1484 1782 2149 2591 3095 3700 4494 5301 6335 7645 9043 10717 12563 14705 17032 19704 22475 25495 28523 31692 34791 37393 39607 41300 42379 42603 41997 40681 38870 36317 33624 30405 27064 23721 20604 17730 14882 12375 10229 8352 6757 5499 4428 3519 2773 2241 1780 1413 1086 844 662 531 421 325 253 205 154 125 103 82 68 49 43 33 28 22 15 13 8 7 6 5 4 2 2 1 0 
1 1 1 1 1 1 1 1 3 2 2 2 2 2 2 2 3 3 5 6 7 7 6 10 11 13 16 19 21 23 32 43 58 67 73 91 120 153 200 230 287 357 412 498 583 706 848 1029 1278 1537 1839 2217 2682 3290 4001 4763 5647 6763 8008 9420 11136 13054 15307 17733 20474 23269 26231 29256 32370 35088 37602 39835 41371 42259 42385 41672 40362 38415 35815 32979 29684 26385 23024 19888 16929 14249 11925 9774 7928 6490 5190 4143 3343 2693 2145 1703 1375 1093 860 685 559 437 352 289 219 161 128 96 76 54 37 33 24 18 17 15 10 9 6 5 4 3 3 2 2 2 1 0 
1 1 1 2 3 3 4 4 6 6 8 9 12 15 19 23 30 36 42 49 54 67 78 105 133 153 182 230 284 341 417 501 600 750 910 1090 1322 1603 1950 2338 2842 3380 4073 4847 5775 6906 8221 9681 11467 13506 15749 18188 20970 23869 26816 29999 33164 36011 38466 40346 41758 42411 42375 41695 40013 37891 35315 32322 29112 25715 22413 19277 16444 13842 11371 9362 7599 6195 4957 4030 3173 2513 1968 1561 1236 980 736 596 439 339 266 212 172 131 118 96 79 59 41 34 28 22 19 17 16 12 10 9 7 5 4 3 3 3 2 2 2 1 1 0 
1 1 1 1 1 2 3 3 2 3 4 5 7 14 17 17 21 26 32 37 43 49 59 81 95 115 130 153 185 228 268 329 413 490 588 703 827 1000 1200 1425 1691 2067 2486 3025 3662 4385 5240 6299 7490 8843 10467 12296 14497 16819 19479 22462 25396 28547 31752 34600 37311 39568 41175 42189 42513 42148 41023 39143 36629 33677 30585 27239 23918 20761 17723 14960 12521 10393 8413 6803 5610 4523 3624 2909 2311 1818 1423 1140 875 677 519 403 305 250 196 153 129 110 95 66 52 39 28 24 22 16 11 8 6 6 5 3 3 2 2 1 1 1 1 1 0 
1 1 1 1 1 1 2 2 3 4 4 3 3 4 4 5 6 10 11 10 11 14 19 21 24 27 35 41 43 51 62 74 87 104 130 160 182 231 272 344 419 501 598 722 862 1022 1234 1492 1812 2223 2707 3281 3942 4669 5612 6598 7902 9387 10997 12973 15157 17587 20212 23008 26074 29212 32169 34969 37579 39831 41451 42255 42505 41925 40595 38575 35994 33011 29879 26487 23145 20057 17039 14376 11973 9888 8088 6549 5289 4269 3426 2731 2172 1732 1359 1075 864 676 532 424 323 262 206 148 110 87 76 55 43 33 25 19 18 14 10 7 7 5 4 4 3 3 3 3 2 1 1 1 0 
1 1 1 3 3 4 4 5 5 6 9 10 10 14 17 19 23 35 42 51 71 77 93 116 145 182 239 284 332 413 494 612 723 866 1039 1278 1535 1839 2210 2648 3220 3836 4572 5450 6511 7698 9120 10746 12730 14892 17322 19989 22927 25988 29210 32229 35150 37809 39892 41508 42363 42551 41902 40581 38605 36116 33108 29931 26575 23320 20147 17113 14458 12038 9881 8081 6553 5314 4252 3397 2729 2150 1701 1341 1062 847 666 529 412 313 248 192 151 108 80 69 52 40 30 20 14 13 13 11 6 3 3 3 3 2 1 1 1 1 0 
1 1 1 1 1 1 1 1 1 1 3 2 2 2 2 3 4 4 4 4 2 9 13 15 15 18 23 28 32 37 47 53 75 98 116 126 151 184 212 246 298 360 440 541 658 828 1007 1212 1471 1746 2117 2594 3217 3829 4607 5504 6597 7775 9180 10878 12764 14991 17398 20124 23063 26080 29123 32227 35233 37817 39865 41573 42417 42563 41954 40608 38642 36020 33018 29701 26367 23233 20113 17039 14488 12099 9979 8149 6549 5294 4224 3368 2627 2042 1626 1318 1007 809 656 509 387 311 220 175 130 103 85 68 48 32 24 20 15 11 7 6 4 2 1 1 1 1 1 0 
1 1 1 1 1 1 1 2 4 5 5 5 6 7 9 10 13 17 24 26 35 42 47 52 61 77 86 93 111 147 185 224 282 343 413 502 599 724 870 1066 1267 1511 1896 2330 2854 3377 4065 4786 5681 6794 8118 9679 11393 13402 15641 18139 20739 23571 26613 29841 32914 35722 38235 40182 41661 42332 42227 41492 40054 37958 35314 32333 29059 25757 22576 19445 16520 14005 11669 9590 7848 6402 5159 4131 3292 2607 2058 1614 1272 997 786 620 479 370 284 227 185 143 120 104 77 61 54 42 33 31 28 26 23 16 12 9 7 5 4 4 3 3 2 1 0 
1 1 1 1 2 3 3 3 3 5 6 6 7 7 11 12 14 15 17 22 31 38 48 65 67 74 92 117 135 151 175 218 270 336 395 460 563 667 808 987 1200 1469 1746 2106 2588 3138 3767 4472 5264 6286 7499 8907 10522 12447 14642 17082 19622 22382 25483 28696 31739 34803 37472 39581 41184 42394 42465 41940 40894 39001 36449 33619 30509 27168 23921 20665 17550 14842 12370 10147 8306 6809 5506 4418 3522 2806 2227 1776 1400 1102 878 701 542 445 341 264 213 164 133 107 87 74 58 43 31 26 20 13 10 7 7 4 5 3 3 2 1 0 
1 1 1 1 1 1 2 2 3 3 3 5 7 8 8 9 11 17 19 25 30 39 50 55 70 76 90 115 137 178 210 252 302 372 433 511 615 757 939 1160 1439 1732 2060 2479 2974 3578 4279 5105 6143 7300 8684 10356 12261 14325 16793 19283 22170 25211 28295 31432 34334 37031 39428 41102 42190 42518 41969 40891 39165 36829 34094 30881 27562 24329 21063 18046 15252 12833 10667 8754 7091 5775 4650 3756 2992 2361 1861 1416 1127 875 674 515 404 318 249 197 149 115 87 64 53 41 30 27 23 20 15 11 9 6 4 3 3 2 2 2 1 0 
1 1 1 1 1 1 3 4 4 4 6 10 10 15 18 22 27 31 40 56 77 95 121 139 170 207 256 309 383 472 559 681 802 957 1190 1419 1741 2128 2576 3054 3594 4326 5121 6134 7379 8777 10379 12228 14326 16754 19370 22069 25245 28277 31430 34458 37171 39447 41186 42291 42723 42281 41162 39140 36793 33970 30903 27557 24185 20994 17885 15126 12634 10448 8517 6965 5611 4464 3564 2882 2313 1809 1432 1155 880 684 535 428 340 264 211 166 126 91 71 53 35 32 26 22 19 17 15 14 11 9 6 4 1 1 1 1 1 0 
