0 0 0 0 0 0 0 0 1 1 1 1 1 3 3 3 3 3 3 4 5 7 11 13 18 24 33 34 39 49 58 72 88 108 131 164 204 249 309 369 456 535 660 796 965 1196 1447 1748 2099 2554 3069 3703 4541 5483 6571 7890 9380 11161 13211 15661 18378 21458 24853 28562 32605 37028 41516 46327 51086 55731 60482 64997 69259 73156 76702 79794 82502 84905 86929 88639 90073 91221 92224 92966 93630 94127 94525 94838 95102 95297 95471 95592 95687 95744 95800 95850 95886 95921 95945 95966 95980 95995 96009 96015 96019 96021 96023 96027 96029 96031 96032 96033 96035 96036 96036 96036 96037 96039 96039 96039 96039 96040 96040 96041 
0 0 0 0 0 0 0 1 1 1 1 1 1 1 1 1 1 2 2 2 2 3 4 7 9 12 16 22 25 27 34 39 47 52 60 74 98 123 145 170 196 245 300 355 438 524 649 792 964 1166 1408 1721 2067 2487 2985 3622 4335 5250 6265 7504 8937 10610 12535 14781 17386 20319 23591 27207 31039 35281 39721 44393 49242 54077 58843 63415 67814 71911 75605 78891 81899 84264 86508 88326 89852 91118 92132 92952 93604 94132 94478 94821 95062 95275 95433 95561 95652 95740 95804 95856 95901 95928 95949 95969 95982 95998 96010 96016 96019 96023 96027 96029 96031 96033 96036 96037 96037 96037 96039 96040 96040 96040 96040 96040 96040 96040 96041 
0 0 0 0 0 0 0 0 0 0 0 1 1 1 2 2 3 4 5 6 6 7 8 10 13 17 21 28 32 41 47 56 71 85 104 121 141 173 216 260 307 371 454 545 649 787 957 1161 1391 1663 2032 2400 2916 3501 4211 5021 6023 7192 8583 10148 12074 14253 16740 19565 22715 26195 30090 34227 38701 43314 48052 52806 57487 62124 66603 70676 74506 77880 80908 83489 85712 87686 89260 90617 91687 92616 93333 93867 94305 94667 94952 95176 95342 95491 95614 95711 95771 95840 95884 95921 95955 95969 95981 96000 96009 96015 96021 96028 96030 96031 96032 96035 96038 96039 96040 96041 96041 96041 96041 96041 96041 96041 96041 96041 96042 
0 0 0 0 0 0 0 1 1 1 1 2 2 2 2 2 2 3 3 4 5 7 8 9 10 17 20 20 27 41 56 64 80 102 120 150 172 200 251 298 367 437 543 649 790 973 1165 1412 1698 2051 2480 3022 3611 4367 5266 6288 7612 9048 10755 12711 15034 17663 20688 23971 27628 31579 35904 40432 45047 49863 54642 59324 63936 68323 72233 75874 79207 82114 84575 86630 88428 89956 91197 92235 93090 93699 94231 94630 94934 95212 95429 95598 95707 95794 95864 95931 95987 96033 96067 96089 96110 96127 96135 96145 96151 96155 96157 96163 96165 96165 96168 96170 96171 96172 96172 96172 96172 96172 96173 
0 0 0 0 0 0 0 0 0 1 1 1 1 2 2 2 3 4 7 8 11 14 18 27 30 33 37 42 55 66 76 95 129 155 188 226 271 316 391 467 577 691 816 1006 1201 1444 1723 2079 2534 3034 3622 4361 5223 6207 7427 8802 10437 12295 14504 17053 19885 23112 26716 30711 34969 39320 44025 48756 53564 58376 62956 67280 71222 74968 78283 81337 83927 86120 87945 89465 90784 91873 92760 93449 94005 94460 94796 95072 95271 95461 95611 95720 95839 95903 95957 96002 96044 96074 96092 96106 96115 96125 96130 96137 96140 96144 96145 96151 96152 96154 96154 96154 96156 96157 
0 0 0 0 0 0 0 0 0 0 1 1 1 1 1 1 1 2 3 3 3 4 4 6 7 9 14 15 17 25 31 41 45 53 67 82 96 118 146 171 203 234 280 344 408 505 619 726 877 1037 1273 1569 1922 2284 2805 3393 4056 4883 5827 7020 8350 9999 11814 13957 16491 19350 22505 26041 29969 34129 38619 43439 48135 52905 57658 62244 66618 70766 74476 78035 81124 83648 85762 87710 89254 90613 91724 92634 93328 93881 94373 94726 94996 95236 95427 95575 95695 95795 95845 95892 95926 95957 95973 95996 96000 96018 96029 96037 96046 96049 96052 96056 96058 96059 96061 96061 96061 96062 96063 96063 96064 
0 0 0 0 0 0 0 0 0 0 0 0 0 0 1 1 2 2 2 2 2 2 2 3 6 7 9 10 13 17 21 29 34 38 52 67 86 100 128 153 191 237 308 383 449 563 695 832 1013 1253 1493 1784 2153 2637 3158 3785 4542 5439 6590 7864 9335 11112 13154 15427 18155 21223 24578 28307 32319 36684 41362 46119 50899 55730 60388 64879 69251 73246 76821 79971 82725 85102 87193 88865 90339 91511 92452 93231 93851 94319 94670 94968 95199 95385 95523 95649 95749 95824 95870 95913 95943 95967 95985 96002 96025 96035 96049 96062 96064 96070 96073 96075 96078 96081 96082 96083 96085 96086 96087 96087 96088 
0 0 0 0 0 1 1 1 1 1 1 1 1 1 1 2 2 2 4 7 10 12 15 18 25 29 37 41 52 62 87 104 128 158 185 229 280 335 395 459 552 663 802 966 1145 1348 1600 1929 2312 2781 3309 4006 4847 5802 6845 8177 9695 11465 13615 15929 18643 21634 25030 28687 32843 37276 41831 46493 51302 55983 60706 65148 69306 73243 76786 79925 82685 85060 87088 88886 90317 91545 92425 93200 93827 94282 94665 95000 95257 95453 95587 95686 95786 95867 95915 95960 95994 96024 96052 96073 96087 96100 96108 96116 96119 96121 96123 96123 96125 96127 96131 96132 96133 96133 96133 96134 
0 0 0 0 0 0 0 1 2 2 2 2 2 2 3 6 6 6 6 6 8 8 8 10 12 12 13 14 19 20 23 31 38 44 49 61 66 82 92 108 124 145 182 228 274 313 391 467 555 684 827 965 1163 1391 1667 2013 2403 2894 3485 4178 4950 5881 7113 8513 10127 11989 14153 16650 19446 22676 26387 30264 34358 38889 43512 48345 52999 57720 62298 66794 70845 74623 78128 81191 83784 86041 87913 89521 90818 91921 92780 93437 93995 94436 94769 95016 95237 95414 95559 95659 95766 95824 95879 95918 95950 95971 95985 95997 96009 96019 96026 96032 96034 96036 96039 96040 96042 96043 96044 
0 0 0 0 0 0 1 1 1 1 1 1 1 1 1 2 3 3 3 4 5 7 9 10 14 20 24 27 37 43 50 58 66 77 100 121 144 170 214 259 311 370 437 530 632 773 920 1112 1351 1636 1980 2403 2867 3459 4191 5050 6130 7253 8711 10249 12166 14307 16911 19768 23007 26570 30303 34407 38837 43487 48217 52995 57693 62368 66820 70925 74778 78184 81152 83764 85874 87800 89389 90681 91730 92657 93331 93870 94308 94672 94959 95186 95356 95488 95602 95681 95746 95792 95832 95871 95910 95932 95943 95949 95963 95977 95991 95995 95998 95999 96004 96005 96007 96007 96008 96009 96011 
0 0 0 0 0 0 0 0 0 0 0 1 1 3 3 3 3 3 6 7 8 12 15 17 18 22 26 29 38 50 59 68 85 107 127 156 187 233 290 346 421 511 602 738 875 1060 1277 1555 1846 2242 2715 3206 3825 4593 5483 6600 7956 9419 11160 13158 15405 18111 21208 24591 28287 32196 36497 41013 45695 50547 55310 59937 64423 68668 72709 76255 79552 82430 84824 86906 88653 90147 91404 92363 93123 93785 94263 94686 95016 95290 95495 95660 95773 95876 95951 96003 96054 96092 96116 96139 96151 96170 96176 96180 96186 96195 96198 96199 96203 96204 96207 96207 96211 96212 96212 96213 96214 96214 96215 96215 96215 96215 96215 96216 
0 0 0 0 0 0 0 0 0 0 1 1 1 2 2 2 3 5 5 7 8 8 10 10 12 15 18 18 20 26 35 41 47 56 69 87 106 135 156 184 224 288 344 410 502 631 756 906 1085 1306 1601 1906 2302 2782 3316 4007 4816 5831 6961 8316 9866 11609 13691 16128 18960 22063 25481 29258 33286 37689 42330 47153 51827 56674 61376 65847 70025 73828 77387 80450 83249 85535 87461 89101 90420 91593 92461 93200 93821 94281 94693 94973 95204 95394 95551 95644 95725 95800 95856 95909 95943 95966 95983 96000 96014 96020 96031 96041 96046 96047 96048 96049 96049 96049 96049 96050 96051 96051 96052 
0 0 0 0 0 0 0 1 
0 0 0 0 0 0 0 1 2 2 2 2 2 2 2 2 3 3 3 3 3 4 6 6 7 8 10 11 17 21 25 31 36 46 61 71 91 108 132 156 190 225 275 348 433 534 640 775 951 1165 1379 1646 2000 2411 2895 3432 4096 4912 5883 7024 8381 9964 11845 14015 16438 19304 22481 25879 29845 33962 38397 43032 47765 52620 57385 62123 66490 70593 74392 77812 80858 83524 85843 87787 89419 90730 91795 92711 93450 93994 94451 94802 95059 95309 95483 95612 95711 95793 95846 95893 95939 95966 95980 96001 96020 96038 96051 96057 96063 96065 96068 96073 96076 96076 96076 96078 96079 96080 96080 96080 96081 96081 96081 96081 96082 
0 0 0 0 0 0 0 0 0 0 0 0 1 1 1 1 2 3 5 5 5 6 9 11 12 17 19 21 23 37 43 52 61 73 92 110 132 162 198 237 299 370 447 530 635 768 924 1121 1346 1622 1972 2375 2832 3387 4034 4827 5801 6965 8274 9816 11643 13785 16110 18810 21940 25363 29138 33207 37571 42143 46795 51715 56485 61127 65629 69887 73830 77311 80288 83082 85437 87497 89116 90532 91619 92498 93259 93841 94309 94667 94961 95190 95362 95499 95611 95695 95773 95838 95877 95910 95932 95953 95967 95984 95995 96008 96015 96020 96022 96027 96028 96030 96030 96032 96033 96033 96033 96034 96034 96034 96034 96036 96036 96036 96036 96036 96036 96036 96036 96037 96037 96037 96037 96037 96037 96037 96037 96038 
0 0 0 0 0 0 0 0 1 1 1 1 1 1 1 1 1 1 2 3 4 4 6 6 8 8 10 12 12 14 15 20 22 25 30 33 39 45 58 66 82 99 115 131 152 185 219 262 305 362 432 508 596 738 877 1059 1282 1561 1927 2295 2765 3312 3990 4745 5719 6821 8159 9788 11623 13714 16169 18856 22002 25493 29252 33391 37797 42428 47091 51929 56732 61398 65936 70130 73937 77371 80513 83252 85532 87490 89125 90509 91624 92539 93264 93854 94350 94727 95024 95267 95465 95616 95734 95821 95877 95930 95975 96007 96039 96068 96083 96089 96102 96108 96114 96118 96123 96127 96128 96129 96130 96132 96134 
0 0 0 0 0 0 0 0 0 0 0 1 1 2 2 3 4 5 7 13 17 22 25 28 34 39 47 58 70 82 96 118 143 165 197 241 295 341 417 502 603 725 892 1071 1277 1537 1840 2192 2662 3200 3773 4504 5372 6397 7697 9092 10847 12819 15124 17707 20599 23854 27642 31724 36020 40401 45217 49979 54743 59598 64112 68497 72481 76101 79414 82170 84748 86935 88731 90212 91406 92347 93147 93756 94285 94673 94972 95224 95415 95552 95677 95764 95834 95893 95948 95977 96009 96024 96041 96054 96068 96079 96088 96095 96102 96106 96108 96110 96111 96114 96115 96116 96116 96117 
0 0 0 0 0 0 0 0 0 1 1 1 1 1 1 2 4 6 9 11 16 17 17 19 28 33 40 52 62 76 92 119 148 188 225 260 324 404 495 607 726 888 1060 1283 1515 1847 2225 2703 3236 3892 4676 5595 6709 8000 9521 11299 13361 15762 18482 21436 24887 28607 32696 37081 41709 46510 51303 56132 60710 65115 69395 73322 76821 80032 82800 85145 87164 88807 90171 91373 92310 93050 93664 94153 94502 94808 95062 95233 95406 95518 95612 95698 95741 95796 95829 95852 95869 95887 95894 95908 95924 95934 95939 95943 95945 95948 95950 95951 95952 95955 95955 95956 95956 95956 95956 95956 95956 95956 95957 
0 0 0 0 0 0 0 0 0 1 1 1 1 1 1 3 4 4 5 6 8 9 10 12 14 15 17 19 20 26 31 38 49 63 74 88 105 120 143 168 194 233 268 344 406 505 589 702 836 1005 1236 1502 1819 2175 2636 3120 3770 4533 5490 6578 7906 9456 11237 13250 15664 18404 21472 24747 28533 32617 36963 41506 46269 51006 55705 60404 64901 69190 73123 76623 79803 82525 84943 86993 88736 90225 91362 92302 93049 93683 94185 94571 94860 95104 95319 95461 95580 95677 95766 95811 95876 95903 95928 95959 95976 95989 96006 96016 96020 96024 96027 96031 96036 96038 96038 96038 96038 96038 96039 
0 0 0 0 0 0 0 0 2 2 2 2 3 3 4 4 4 4 4 4 6 8 11 13 17 23 27 31 38 45 56 68 80 102 128 150 183 226 288 365 434 512 636 775 941 1110 1352 1634 1959 2349 2840 3401 4088 4901 5826 6989 8307 9927 11871 14089 16551 19298 22502 26026 29902 34119 38563 43297 48193 53072 57869 62395 66727 70883 74698 78100 81229 83888 86083 87963 89554 90884 91932 92847 93528 94082 94507 94844 95167 95387 95530 95656 95756 95848 95911 95978 96019 96053 96080 96104 96120 96126 96136 96143 96144 96147 96151 96154 96154 96155 96156 96157 96158 96159 96159 96159 96159 96160 96161 
0 0 0 0 0 0 0 0 0 0 0 1 1 2 2 2 3 4 4 4 6 9 9 15 20 27 33 40 44 55 68 79 92 115 134 161 202 256 319 388 459 537 648 790 951 1166 1402 1677 2007 2430 2941 3547 4240 5079 6117 7309 8774 10402 12366 14589 17142 20129 23337 26865 30803 35047 39547 44254 49039 53789 58564 63170 67651 71798 75520 78711 81723 84229 86348 88199 89681 90950 91966 92813 93520 94054 94456 94796 95065 95283 95434 95563 95659 95734 95796 95840 95881 95918 95941 95952 95968 95979 95985 95992 95998 96002 96007 96012 96014 96020 96020 96021 96022 96024 96024 96025 96025 96025 96026 
0 0 0 0 0 0 0 0 0 0 0 1 2 2 3 6 6 6 8 9 11 13 16 20 22 27 33 44 55 64 75 87 112 132 169 207 250 304 347 426 525 658 797 984 1190 1454 1738 2106 2585 3117 3765 4496 5407 6491 7773 9281 11032 13057 15353 17945 20899 24191 27884 31841 36243 40918 45657 50400 55346 60153 64749 69045 72967 76582 79752 82574 85016 87077 88832 90265 91407 92348 93136 93785 94258 94623 94947 95181 95387 95550 95682 95765 95827 95886 95923 95969 95997 96018 96037 96048 96056 96062 96070 96072 96075 96078 96080 96081 96084 96086 96086 96087 96088 96089 96089 96089 96089 96090 96091 96091 96091 96092 96092 96092 96092 96092 96092 96092 96093 
0 0 0 0 0 0 1 1 1 1 1 2 2 2 3 3 5 5 5 5 8 10 13 14 16 18 21 24 34 38 42 52 58 69 84 106 124 145 168 192 234 266 309 374 448 555 663 818 958 1165 1395 1654 1990 2346 2831 3384 4021 4842 5836 6962 8270 9912 11792 13884 16310 19158 22205 25717 29623 33787 38122 42794 47629 52408 57245 61895 66310 70491 74305 77770 80847 83476 85775 87716 89311 90673 91842 92751 93451 94030 94482 94830 95129 95356 95522 95646 95766 95837 95898 95939 95987 96022 96049 96069 96081 96090 96098 96106 96108 96115 96118 96119 96121 96124 96127 96128 96129 96129 96129 96129 96129 96129 96130 96130 96130 96130 96130 96130 96130 96130 96131 96131 96132 
0 0 0 0 0 0 0 1 1 2 2 2 3 4 5 6 6 6 9 11 14 17 21 27 31 37 46 55 66 88 105 128 158 187 236 295 343 402 505 609 747 897 1086 1336 1643 1991 2375 2895 3486 4173 5052 6088 7384 8821 10530 12455 14723 17399 20407 23712 27297 31257 35481 40080 44767 49628 54485 59290 63769 68107 72172 75904 79241 82174 84748 86846 88565 90034 91252 92197 93034 93690 94226 94613 94907 95145 95336 95491 95631 95737 95836 95908 95937 95964 95991 96022 96040 96053 96059 96067 96074 96079 96082 96083 96086 96086 96088 96088 96090 96092 
0 0 0 0 0 0 0 0 0 0 1 1 2 2 3 3 3 4 4 5 6 9 10 12 13 15 20 23 30 33 38 45 53 62 73 81 94 115 132 153 185 232 268 332 395 475 566 691 842 1015 1223 1445 1708 2035 2473 2948 3525 4207 5075 6058 7304 8748 10386 12322 14503 17126 20041 23234 26800 30706 34999 39498 44229 48937 53707 58465 63014 67354 71390 75115 78563 81436 84070 86268 88082 89650 90886 91944 92767 93384 93962 94411 94756 95051 95277 95461 95606 95698 95774 95827 95876 95901 95929 95951 95972 95983 95992 96003 96007 96014 96016 96022 96023 96026 96028 96028 96029 96030 96030 96031 96031 96032 96032 96032 96033 96034 
0 0 0 0 0 1 1 1 1 1 2 2 2 2 2 2 2 2 2 3 6 7 8 10 13 18 18 26 32 37 44 54 63 76 90 105 127 150 190 236 287 348 443 527 617 735 889 1068 1312 1616 1940 2336 2792 3368 4018 4806 5768 6959 8350 9985 11738 13881 16372 19066 22042 25525 29402 33493 37776 42330 47170 52026 56884 61443 65935 70195 74049 77598 80676 83382 85714 87654 89299 90690 91844 92714 93474 94076 94535 94878 95178 95390 95566 95711 95813 95899 95958 96012 96046 96077 96100 96119 96130 96135 96151 96157 96159 96162 96166 96167 96168 96171 96173 96174 96174 96174 96174 96175 96175 96175 96175 96176 
0 0 0 0 0 0 0 1 1 3 3 3 4 5 8 8 11 17 20 23 29 36 45 57 65 75 84 105 127 151 186 224 265 345 403 476 580 705 880 1063 1292 1551 1893 2259 2739 3309 4026 4880 5823 7019 8354 9901 11729 13915 16405 19178 22230 25625 29517 33627 38055 42779 47415 52262 56975 61652 66009 70185 74063 77531 80582 83252 85546 87510 89184 90531 91656 92617 93326 93918 94370 94708 95019 95273 95460 95603 95709 95807 95873 95919 95963 96004 96031 96050 96073 96085 96094 96102 96108 96114 96118 96122 96125 96129 96131 96131 96131 96131 96132 96133 96134 96134 96134 96134 96134 96134 96135 96135 96135 96135 96136 
0 0 0 0 0 0 1 1 1 1 1 1 2 2 3 6 6 6 10 12 13 15 18 19 24 28 31 36 48 54 70 89 106 128 166 202 249 298 351 415 512 622 746 916 1108 1319 1603 1949 2357 2831 3424 4191 5084 6110 7346 8733 10432 12391 14634 17292 20164 23366 26979 30997 35281 39794 44480 49299 54095 58841 63489 67834 71915 75668 78967 81835 84320 86567 88275 89786 91030 92048 92885 93516 94033 94426 94776 95030 95246 95430 95563 95676 95760 95830 95882 95918 95947 95973 95993 96005 96012 96019 96028 96031 96035 96035 96039 96043 96043 96043 96043 96043 96044 96044 96045 96045 96045 96045 96046 
0 0 0 0 0 0 0 0 0 0 0 0 1 1 1 2 2 3 3 5 5 6 9 9 11 14 15 18 21 29 34 41 48 58 68 83 95 108 131 173 200 260 299 363 433 510 646 778 929 1106 1293 1545 1876 2235 2713 3237 3911 4675 5496 6522 7786 9264 10949 12899 15175 17762 20688 23945 27669 31594 35853 40322 44993 49708 54572 59365 63928 68235 72224 75941 79110 81961 84527 86660 88456 89925 91113 92132 92925 93575 94074 94487 94810 95059 95257 95430 95561 95659 95745 95795 95854 95899 95924 95949 95965 95977 95986 95990 95999 96003 96007 96008 96013 96015 96017 96018 96019 96019 96019 96019 96019 96019 96019 96019 96020 
0 0 0 0 0 0 0 0 0 0 0 0 1 1 1 2 3 4 5 5 6 6 9 13 14 19 20 25 31 39 47 57 74 89 109 131 172 213 247 306 368 458 571 690 829 1002 1218 1468 1782 2173 2641 3151 3785 4562 5509 6614 7893 9444 11269 13366 15718 18345 21452 24877 28628 32645 37119 41753 46475 51227 56035 60739 65287 69673 73638 77069 80139 82988 85345 87351 88998 90411 91518 92481 93220 93823 94275 94675 94981 95243 95426 95572 95682 95776 95851 95904 95954 95991 96022 96046 96063 96074 96084 96089 96097 96101 96105 96108 96112 96115 96116 96119 96121 96122 
0 0 0 0 1 1 1 1 1 1 1 3 4 4 4 4 5 5 7 10 11 13 15 18 25 29 37 43 51 66 80 100 121 150 184 225 263 332 411 497 612 737 896 1110 1322 1620 1988 2358 2808 3383 4088 4900 5829 6939 8320 9961 11859 13986 16435 19260 22348 25826 29624 33761 38082 42704 47510 52371 57158 61757 66071 70334 74167 77639 80677 83395 85587 87500 89164 90479 91602 92540 93279 93884 94338 94738 95057 95296 95491 95624 95756 95838 95898 95953 96002 96033 96055 96070 96079 96091 96098 96109 96112 96116 96116 96116 96116 96120 96120 96121 
0 0 0 0 1 1 1 1 1 1 1 2 4 6 6 7 12 13 15 17 23 28 33 40 52 64 81 107 125 151 198 248 289 347 427 535 637 768 929 1127 1349 1626 1971 2375 2879 3453 4119 4958 5928 7104 8461 10121 12025 14136 16588 19467 22586 26068 29857 33987 38343 43091 47886 52700 57598 62256 66681 70791 74450 77881 80839 83441 85769 87739 89392 90695 91834 92718 93438 94001 94417 94803 95112 95359 95538 95660 95771 95846 95916 95969 96006 96035 96058 96079 96093 96103 96111 96116 96119 96122 96123 96126 96127 96128 
0 0 0 0 0 0 0 0 0 0 1 2 2 2 2 4 5 6 7 9 11 15 19 24 27 34 43 53 65 84 101 121 141 166 192 229 282 331 388 476 573 713 848 1006 1191 1463 1753 2101 2538 3076 3750 4453 5285 6352 7589 9002 10682 12571 14804 17349 20188 23427 26976 30723 34981 39501 44208 49036 53947 58621 63261 67539 71612 75394 78780 81740 84313 86391 88331 89865 91187 92176 92997 93643 94158 94576 94952 95236 95444 95617 95749 95834 95902 95961 96016 96057 96101 96131 96147 96165 96176 96187 96196 96203 96209 96214 96216 96216 96217 96219 96219 96221 96222 96225 96225 96225 96226 96226 96226 96226 96226 96226 96226 96227 96227 96227 96228 96228 96229 
0 0 0 0 0 0 0 0 1 1 2 3 5 5 6 7 9 10 16 17 21 29 37 47 55 68 86 102 128 150 183 211 255 317 375 448 543 634 769 953 1162 1389 1688 2052 2474 2946 3556 4263 5164 6272 7517 8920 10637 12633 14923 17519 20388 23651 27363 31232 35505 40074 44752 49572 54408 59371 63983 68261 72367 75990 79266 82220 84725 86882 88759 90243 91399 92356 93149 93775 94300 94748 95056 95305 95496 95631 95766 95849 95922 95978 96022 96070 96099 96117 96137 96153 96165 96176 96179 96186 96190 96195 96198 96198 96199 96201 96202 96203 96203 96205 96206 96206 96206 96207 96207 96208 
0 0 0 0 0 0 0 0 0 1 1 1 1 1 1 2 4 6 7 10 10 13 15 19 24 32 36 48 59 74 88 101 128 152 182 228 271 331 394 488 614 732 897 1086 1309 1581 1895 2301 2741 3347 4013 4779 5788 6972 8349 9866 11650 13753 16137 18905 21990 25561 29385 33544 37998 42631 47420 52109 56938 61594 65988 70277 74078 77648 80762 83434 85703 87591 89270 90587 91672 92561 93273 93841 94328 94710 95010 95250 95453 95594 95722 95808 95878 95928 95988 96029 96050 96076 96101 96117 96129 96137 96142 96148 96151 96152 96154 96155 96156 96157 96157 96159 
0 0 0 0 0 0 0 0 0 0 0 0 0 0 0 1 1 2 2 2 4 6 7 8 9 10 11 11 14 21 22 24 29 31 34 46 60 71 82 101 126 145 169 196 233 298 352 431 495 579 708 864 1046 1222 1473 1778 2140 2573 3094 3696 4406 5254 6308 7542 9000 10666 12633 14911 17529 20454 23805 27428 31425 35595 40114 44784 49581 54369 59230 63803 68132 72067 75762 79026 81856 84357 86550 88371 89832 91058 92102 92875 93544 94077 94518 94846 95116 95312 95473 95616 95716 95789 95847 95898 95927 95953 95971 95989 95998 96006 96012 96019 96027 96032 96034 96038 96038 96038 96040 96040 96041 96041 96041 96041 96041 96042 96042 96042 96042 96043 96043 96043 96043 96044 
0 0 0 0 0 0 0 0 0 0 0 0 1 1 1 2 2 2 4 4 5 6 6 7 10 14 18 19 21 23 31 39 46 61 75 90 104 123 145 177 212 261 312 368 455 550 658 781 942 1143 1366 1657 2008 2407 2872 3486 4202 5039 6057 7211 8605 10196 12123 14259 16808 19614 22739 26209 30037 34216 38605 43197 47982 52729 57479 62112 66479 70591 74370 77745 80788 83414 85673 87578 89109 90509 91600 92516 93236 93805 94301 94682 94963 95204 95359 95479 95609 95687 95770 95829 95874 95919 95942 95960 95976 95987 95999 96008 96014 96020 96022 96025 96031 96033 96033 96033 96034 96034 96034 96035 96035 96035 96036 
0 0 0 0 0 0 0 0 0 1 1 1 1 1 1 3 4 4 5 6 8 10 10 17 18 25 31 38 51 65 78 90 103 123 158 192 223 265 310 380 460 555 675 818 982 1197 1448 1736 2088 2478 3002 3618 4359 5274 6312 7508 8970 10681 12658 14954 17504 20479 23777 27335 31373 35583 40115 44816 49655 54498 59268 63804 68239 72244 75960 79239 82146 84630 86768 88577 90055 91248 92206 93050 93710 94233 94656 94973 95224 95436 95595 95742 95836 95906 95975 96023 96062 96090 96103 96126 96142 96156 96166 96168 96169 96174 96178 96178 96179 96179 96180 96182 
0 0 0 0 0 0 0 0 0 0 0 0 0 0 0 0 0 0 0 1 2 3 5 6 8 9 10 10 13 17 20 29 33 43 53 66 77 86 102 125 143 177 215 258 319 380 452 537 647 777 918 1106 1355 1618 1970 2371 2891 3479 4187 5006 5982 7185 8578 10207 12007 14194 16629 19445 22635 26085 29986 34189 38573 43174 47903 52676 57568 62247 66643 70762 74602 78030 81016 83632 85852 87755 89316 90655 91740 92641 93363 93973 94419 94776 95052 95255 95424 95569 95672 95777 95839 95883 95926 95956 95982 96003 96023 96032 96040 96053 96061 96066 96069 96074 96075 96077 96078 96078 96080 96080 96081 
0 0 0 0 0 0 0 0 0 0 1 1 1 2 2 2 2 6 6 9 11 12 12 16 20 22 32 35 41 45 51 66 81 101 113 135 162 187 220 278 327 396 472 569 707 893 1056 1268 1542 1873 2244 2716 3261 3924 4738 5687 6831 8201 9740 11517 13574 15994 18694 21744 25072 28908 33010 37430 41909 46650 51458 56349 61095 65514 69826 73776 77323 80413 83192 85583 87474 89190 90563 91691 92617 93360 93972 94445 94836 95133 95333 95518 95647 95780 95868 95933 95979 96013 96040 96073 96087 96100 96114 96127 96131 96137 96140 96143 96146 96148 96150 96150 96151 96151 96152 96152 96152 96152 96152 96154 96154 96154 96154 96154 96155 
0 0 0 0 0 0 1 1 1 1 1 1 1 1 1 2 2 3 3 5 6 6 6 7 7 9 9 10 12 12 13 14 19 20 26 30 33 43 54 60 71 89 106 135 167 199 242 301 354 422 512 622 744 888 1060 1267 1517 1818 2187 2623 3154 3786 4531 5439 6507 7764 9181 10861 12768 15124 17681 20545 23928 27571 31525 35772 40331 45124 49859 54640 59267 63826 68107 72091 75694 79093 81979 84427 86539 88348 89907 91142 92106 92987 93650 94159 94557 94902 95192 95388 95549 95690 95792 95868 95931 95974 96020 96057 96087 96107 96118 96124 96132 96141 96145 96150 96151 96151 96155 96158 96159 96160 96160 96160 96160 96160 96160 96162 96162 96162 96162 96162 96162 96162 96162 96163 
0 0 0 0 0 0 0 0 0 0 0 1 1 1 1 2 5 5 6 6 6 7 10 11 14 21 22 31 34 38 51 60 78 102 124 145 178 220 265 323 408 478 576 698 847 1048 1281 1554 1888 2294 2800 3392 4109 4947 5940 7129 8511 10097 11982 14107 16657 19578 22780 26280 30260 34466 38838 43572 48315 53163 58026 62711 67113 71293 75023 78517 81541 84066 86314 88209 89774 91023 92035 92896 93570 94151 94602 94923 95194 95376 95539 95671 95776 95855 95919 95962 96000 96024 96047 96072 96085 96093 96101 96109 96112 96119 96122 96124 96124 96128 96130 96132 96132 96133 96133 96133 96133 96134 
0 0 0 0 0 0 0 0 0 1 1 1 1 1 1 3 4 4 4 4 5 5 6 6 6 6 10 11 12 13 13 17 17 18 20 22 23 26 29 33 41 45 55 61 70 83 97 113 143 169 200 248 290 355 442 528 631 764 928 1152 1391 1689 2050 2499 2998 3634 4360 5195 6238 7509 8934 10635 12589 14791 17407 20283 23594 27236 31129 35378 39938 44746 49533 54416 59126 63614 67980 72084 75865 79069 81991 84519 86716 88501 89992 91223 92197 92985 93691 94203 94617 94918 95173 95370 95513 95653 95744 95815 95873 95924 95956 95983 96003 96020 96034 96045 96050 96052 96058 96064 96067 96069 96070 96074 96074 96074 96074 96075 
0 0 0 0 0 0 0 0 1 1 1 1 1 1 2 2 3 3 3 3 4 5 5 5 6 6 10 11 11 14 18 21 23 31 40 47 53 62 74 92 118 151 172 198 243 296 359 434 521 626 734 887 1058 1284 1546 1852 2219 2693 3240 3894 4741 5650 6794 8112 9645 11503 13644 16035 18789 21919 25407 29239 33344 37791 42453 47151 51953 56719 61401 65849 70083 73923 77397 80503 83229 85619 87557 89177 90618 91683 92585 93349 93922 94376 94744 95051 95290 95463 95604 95711 95794 95856 95906 95944 95975 96003 96020 96033 96050 96056 96063 96070 96073 96075 96078 96078 96079 96080 96080 96082 96082 96082 96082 96083 96085 96085 96086 96086 96086 96086 96086 96086 96087 96087 96088 
0 0 0 0 0 0 0 0 0 0 0 0 0 0 0 0 0 0 1 2 2 3 4 5 5 7 10 13 14 18 23 30 34 45 59 71 89 112 131 164 211 260 323 388 488 593 740 880 1057 1286 1561 1881 2288 2749 3316 3988 4795 5698 6848 8188 9753 11554 13656 15972 18797 21901 25446 29229 33497 37833 42327 47068 51831 56724 61356 65809 70017 73986 77392 80513 83274 85673 87676 89364 90683 91794 92682 93424 94030 94462 94844 95127 95348 95511 95657 95752 95840 95914 95972 96021 96052 96081 96092 96109 96117 96123 96132 96133 96135 96139 96139 96140 96140 96141 96142 
0 0 0 0 0 0 0 0 0 1 1 1 1 1 1 2 3 3 3 4 5 8 10 13 15 20 25 30 40 48 63 79 94 109 133 168 203 239 291 358 447 512 609 728 900 1097 1325 1606 1932 2351 2794 3382 4073 4896 5937 7143 8540 10082 11938 14143 16579 19429 22514 26047 30050 34271 38654 43377 48118 52818 57577 62272 66697 70874 74622 78161 81066 83698 85921 87765 89357 90731 91774 92676 93373 93919 94357 94756 95059 95271 95464 95595 95694 95791 95862 95907 95947 95971 95999 96014 96031 96046 96061 96065 96074 96077 96079 96084 96089 96090 96092 
0 0 0 0 0 0 0 0 0 1 2 3 3 5 6 10 11 12 16 19 21 28 33 38 41 45 56 68 80 98 113 136 166 199 246 296 369 431 517 619 738 873 1074 1304 1576 1909 2288 2752 3287 3932 4737 5669 6756 8049 9614 11378 13484 15887 18701 21787 25155 28964 33048 37316 41918 46667 51532 56312 61006 65621 69784 73595 77179 80287 82971 85322 87319 88997 90376 91494 92480 93193 93774 94226 94574 94855 95091 95285 95441 95571 95660 95740 95799 95843 95883 95909 95937 95954 95971 95981 95986 95992 95998 96001 96004 96008 96010 96010 96011 96012 96013 
0 0 0 0 0 0 0 0 0 1 1 1 1 1 1 1 1 1 2 2 2 2 2 3 3 3 6 7 8 11 11 12 14 20 21 25 33 40 48 57 61 73 84 102 115 130 163 203 240 300 345 405 492 582 690 831 993 1179 1403 1699 2066 2472 2989 3542 4206 5049 6019 7188 8523 10138 12067 14255 16773 19656 22856 26433 30369 34557 38918 43527 48336 53126 57944 62528 66932 71011 74714 78041 81096 83701 85967 87985 89545 90895 91978 92859 93559 94134 94572 94948 95198 95397 95571 95705 95803 95902 95962 96020 96053 96088 96112 96136 96147 96160 96168 96176 96180 96188 96190 96192 96195 96197 96199 96202 96202 96202 96205 
0 0 0 0 0 1 1 1 1 1 1 1 1 1 1 2 2 3 3 3 3 3 4 5 7 11 13 14 16 23 26 34 46 54 70 85 104 118 150 182 227 273 339 412 497 618 733 898 1107 1346 1638 1960 2338 2825 3402 4072 4848 5772 6951 8307 9901 11773 13949 16472 19288 22434 25939 29747 33925 38428 43039 47779 52658 57517 62204 66632 70863 74722 78062 81116 83758 85978 87995 89621 90935 91944 92854 93537 94110 94494 94821 95104 95324 95504 95650 95735 95809 95867 95916 95954 95990 96020 96036 96050 96062 96074 96078 96083 96086 96091 96096 96097 96099 96100 96102 96103 96106 96106 96107 96108 96108 96108 96108 96108 96109 96109 96109 96109 96110 
0 0 0 0 0 0 0 0 0 0 0 0 0 0 1 1 1 2 2 2 2 2 3 3 4 5 7 7 10 13 14 15 20 24 37 41 49 54 64 77 93 118 144 180 220 279 331 410 491 630 774 943 1162 1400 1699 2022 2458 2980 3597 4339 5174 6165 7415 8858 10521 12499 14767 17383 20276 23458 27184 31186 35436 39909 44600 49380 54363 59055 63732 68019 71993 75701 78955 81807 84308 86465 88230 89763 91007 92063 92849 93520 94018 94471 94844 95087 95294 95455 95575 95672 95770 95817 95870 95902 95935 95954 95976 95988 96007 96015 96021 96025 96029 96032 96034 96041 96041 96041 96044 96044 96044 96044 96045 96046 
0 0 0 0 0 0 0 0 0 1 1 2 2 2 2 3 5 5 5 6 6 6 6 6 7 9 10 12 13 16 20 23 31 36 40 43 50 63 74 87 106 134 172 212 247 310 379 476 573 683 824 1000 1226 1490 1802 2145 2600 3146 3759 4532 5491 6629 7906 9413 11198 13220 15624 18392 21327 24698 28392 32410 36770 41404 46219 51085 55869 60447 65077 69371 73166 76827 80090 82871 85178 87261 89027 90455 91622 92541 93239 93917 94396 94770 95076 95310 95482 95621 95753 95851 95923 95972 96012 96047 96071 96089 96104 96113 96121 96129 96138 96139 96142 96146 96149 96149 96150 96150 96151 96151 96151 96151 96151 96151 96151 96151 96152 96152 96153 96153 96153 96153 96153 96153 96153 96154 
0 0 0 0 0 0 0 0 1 1 1 1 3 3 4 6 7 7 8 10 10 13 14 16 19 23 31 36 41 49 62 77 92 118 147 180 208 246 297 369 439 541 665 812 984 1189 1428 1722 2064 2485 3007 3582 4353 5278 6325 7508 8924 10549 12511 14816 17410 20325 23736 27273 31252 35427 39895 44522 49351 54266 59012 63657 67924 71983 75697 79056 81975 84508 86631 88425 89937 91133 92120 92924 93526 94087 94510 94851 95107 95326 95479 95616 95704 95784 95864 95908 95939 95965 95989 96010 96023 96042 96050 96056 96059 96066 96069 96073 96075 96077 96078 96080 96080 96080 96081 
0 0 0 0 0 0 0 0 0 1 1 1 1 2 2 2 2 3 3 3 3 3 3 3 4 5 6 10 10 11 11 14 15 16 20 30 34 43 47 56 69 82 102 119 139 174 209 254 302 367 440 519 638 763 919 1098 1311 1609 1961 2375 2886 3454 4087 4900 5895 7025 8421 9980 11796 13935 16425 19232 22343 25847 29786 33896 38165 42766 47541 52291 57124 61882 66272 70492 74252 77701 80844 83464 85702 87615 89241 90587 91724 92593 93298 93914 94435 94788 95073 95299 95448 95581 95702 95788 95859 95903 95943 95974 96000 96024 96044 96056 96061 96068 96072 96081 96083 96083 96084 96088 96089 96090 96092 96092 96094 96094 96095 96096 
0 0 0 0 0 0 0 0 0 0 0 1 1 1 1 1 3 3 3 4 7 7 7 7 7 12 16 17 23 30 36 48 58 72 82 96 109 142 170 213 261 309 365 436 537 661 794 971 1164 1394 1633 1991 2395 2881 3479 4179 4982 5982 7102 8454 10053 11954 14165 16602 19398 22607 26096 29861 33968 38495 43186 48070 52862 57554 62116 66530 70667 74457 77899 80949 83545 85864 87798 89464 90739 91873 92724 93424 94011 94425 94792 95058 95296 95470 95613 95741 95818 95885 95931 95974 96004 96026 96043 96065 96084 96092 96101 96103 96107 96109 96109 96110 96112 96113 96113 96114 96114 96114 96115 96117 96118 
0 0 1 1 1 1 1 1 2 
0 0 0 0 0 0 0 0 0 0 0 1 1 1 1 1 1 1 3 4 6 10 15 18 22 26 32 45 53 59 73 94 110 136 163 199 231 299 346 399 487 582 709 877 1055 1259 1522 1856 2245 2744 3338 4036 4853 5767 6917 8238 9828 11666 13849 16246 18929 21997 25468 29311 33435 37859 42398 47145 51887 56644 61342 65585 69895 73741 77329 80458 83132 85448 87429 89166 90529 91712 92671 93406 93977 94447 94792 95071 95304 95489 95629 95765 95859 95937 95996 96037 96074 96094 96109 96132 96149 96157 96164 96172 96183 96187 96192 96193 96198 96200 96200 96202 96203 96204 96205 
0 0 0 0 0 0 0 0 0 1 1 1 2 2 2 2 3 3 4 4 4 4 6 7 8 8 10 12 14 18 23 29 33 39 50 60 72 86 105 130 160 192 228 287 352 407 494 598 727 863 1068 1277 1544 1835 2208 2659 3187 3851 4615 5532 6572 7803 9305 11020 13002 15240 17890 20948 24319 27934 31986 36235 40672 45335 50217 55139 59823 64417 68852 72877 76456 79580 82445 84894 86996 88781 90264 91458 92441 93219 93834 94342 94719 95027 95264 95469 95629 95744 95840 95909 95962 96007 96046 96067 96080 96091 96109 96116 96125 96130 96135 96139 96139 96139 96143 96144 96145 96145 96145 96145 96145 96146 96146 96147 
0 0 0 0 0 0 0 0 1 1 1 1 1 1 2 2 2 2 2 2 2 3 3 4 5 6 6 9 12 17 18 28 33 36 50 62 79 95 117 150 177 216 261 324 394 483 600 744 884 1070 1305 1579 1926 2348 2877 3448 4091 4926 5890 7112 8491 10105 11962 14119 16648 19447 22550 26141 30108 34285 38789 43376 48170 52982 57818 62486 66868 70988 74812 78149 81131 83679 85923 87833 89502 90712 91779 92652 93330 93878 94328 94670 94974 95182 95369 95513 95609 95707 95774 95827 95874 95912 95929 95947 95957 95968 95982 95991 95999 96003 96004 96006 96008 96012 96012 96014 96014 96015 96015 96016 96017 96017 96017 96018 
0 0 0 0 0 0 0 0 1 1 1 1 1 1 2 2 3 3 3 5 6 6 8 8 8 11 13 16 18 19 24 30 33 38 50 58 72 89 105 124 144 169 220 269 323 397 481 571 670 813 975 1167 1413 1748 2126 2561 3045 3684 4354 5246 6292 7539 8937 10646 12561 14778 17355 20227 23494 27174 31143 35331 39790 44449 49229 53984 58700 63252 67542 71510 75161 78544 81546 84121 86385 88200 89719 90983 91989 92885 93571 94151 94581 94917 95194 95390 95550 95688 95811 95884 95956 96005 96031 96059 96083 96097 96111 96122 96131 96137 96139 96145 96146 96148 96149 96152 96152 96153 96153 96153 96154 96155 96157 96157 96157 96157 96157 96158 96158 96158 96159 
0 0 0 0 0 0 1 1 1 2 2 2 3 3 3 4 5 6 6 7 8 12 15 16 21 28 32 36 42 49 64 74 89 108 131 157 186 226 283 343 415 486 578 716 885 1076 1292 1562 1870 2244 2720 3281 3917 4697 5658 6763 8052 9608 11351 13475 15821 18556 21626 25051 28800 32900 37164 41745 46430 51150 56025 60637 65228 69512 73416 76940 80144 82927 85286 87296 88975 90409 91505 92423 93194 93824 94284 94658 94923 95174 95359 95514 95643 95736 95815 95886 95938 95972 95997 96016 96034 96054 96069 96079 96088 96098 96102 96109 96112 96115 96116 96117 96117 96119 96120 96121 96123 96123 96123 96123 96123 96123 96123 96124 
0 0 0 0 0 0 0 0 0 0 0 1 1 1 1 1 2 3 3 4 4 5 6 7 7 9 12 12 14 18 23 27 35 46 55 69 80 99 121 153 178 230 271 336 406 483 551 654 795 985 1190 1429 1738 2097 2517 3074 3700 4433 5301 6301 7476 8971 10605 12543 14771 17366 20256 23490 27097 31085 35273 39803 44475 49156 53990 58808 63333 67749 71922 75591 78909 81819 84279 86464 88284 89862 91116 92145 92975 93664 94185 94588 94951 95176 95376 95536 95668 95771 95853 95918 95974 96009 96034 96060 96082 96101 96117 96128 96133 96136 96147 96152 96155 96156 96158 96160 96161 96162 96162 96163 96163 96165 
0 0 0 0 0 0 0 1 1 1 2 3 4 4 6 8 8 11 14 16 16 18 21 25 28 38 49 58 68 85 109 131 157 194 245 299 363 445 557 686 829 986 1182 1438 1715 2052 2515 3054 3679 4447 5360 6434 7669 9190 10946 12925 15128 17711 20749 24072 27711 31756 36018 40484 45105 49948 54767 59532 64213 68440 72513 76135 79445 82310 84782 86880 88691 90113 91364 92311 93086 93747 94229 94602 94958 95188 95394 95562 95673 95782 95846 95907 95953 95994 96022 96049 96070 96079 96091 96095 96099 96108 96114 96119 96122 96122 96122 96125 96125 96125 96125 96126 96126 96127 96127 96127 96128 96128 96128 96128 96128 96128 96128 96129 
0 0 0 0 0 0 0 0 0 1 1 1 1 1 1 1 1 1 2 2 3 3 3 3 3 5 6 8 10 10 11 14 19 26 29 32 37 42 52 63 70 82 100 129 166 196 221 264 315 377 467 560 668 816 981 1200 1446 1704 2059 2470 2968 3577 4327 5134 6189 7416 8856 10497 12466 14754 17373 20241 23454 26980 31027 35304 39893 44734 49578 54275 59011 63630 67933 71945 75599 78822 81765 84270 86352 88158 89681 90967 92002 92883 93535 94058 94540 94877 95150 95345 95509 95662 95764 95849 95907 95959 95998 96036 96064 96077 96093 96103 96109 96117 96128 96135 96140 96142 96143 96146 96146 96149 96149 96149 96150 96150 96151 96151 96152 96153 
0 0 0 0 0 0 0 0 0 0 1 1 1 1 1 1 1 3 3 3 3 3 3 4 4 6 7 8 8 11 13 16 19 19 20 25 30 37 38 46 60 75 84 102 126 160 189 223 276 337 420 506 623 749 930 1120 1373 1652 2000 2463 2966 3534 4295 5168 6221 7342 8799 10499 12458 14664 17201 20112 23449 27071 30894 35094 39620 44295 49161 53992 58859 63398 67746 71685 75426 78740 81643 84126 86262 88043 89622 90874 91897 92744 93441 93969 94428 94795 95076 95301 95478 95615 95735 95807 95866 95916 95960 95988 96015 96035 96057 96064 96069 96077 96080 96084 96086 96090 96091 96093 96093 96094 
0 0 0 0 0 0 0 0 0 0 1 1 3 3 4 4 5 6 7 13 18 20 26 32 36 46 64 78 98 120 142 176 215 259 315 385 459 551 684 842 1009 1213 1468 1787 2174 2640 3232 3881 4649 5604 6752 8041 9537 11336 13375 15766 18546 21590 25039 28904 32894 37136 41765 46529 51452 56184 60979 65397 69571 73484 77006 80073 82826 85155 87150 88847 90260 91411 92407 93170 93773 94253 94616 94924 95156 95354 95487 95615 95714 95794 95848 95897 95936 95955 95975 95993 96009 96020 96025 96029 96031 96032 96037 96040 96042 96043 96043 96043 96043 96044 96044 96044 96044 96044 96045 
0 0 0 0 0 0 0 0 1 1 1 1 2 2 2 4 4 6 6 8 9 12 13 13 15 17 20 25 27 30 36 47 57 67 79 108 135 153 182 226 266 324 389 474 570 696 828 996 1179 1419 1699 2035 2448 2925 3535 4275 5083 6016 7151 8519 10135 12029 14138 16520 19341 22463 26064 29884 34043 38510 43140 47885 52559 57268 61868 66284 70566 74463 77885 80965 83603 85865 87747 89348 90708 91847 92743 93432 93988 94427 94812 95088 95327 95474 95612 95714 95785 95848 95897 95939 95967 95990 96020 96029 96033 96042 96047 96052 96060 96063 96065 96065 96066 96067 96068 96069 96071 96072 96073 
0 0 0 0 0 0 0 0 0 0 0 1 1 1 2 2 2 3 3 4 5 5 5 9 13 15 20 29 32 37 48 58 70 83 98 114 127 150 180 216 266 331 392 470 551 666 796 955 1166 1408 1705 2066 2531 3049 3617 4352 5224 6234 7433 8856 10468 12484 14673 17218 20111 23361 26890 30782 35048 39511 44167 48916 53732 58494 63190 67441 71490 75263 78607 81558 84182 86375 88242 89749 90968 92044 92867 93550 94037 94488 94857 95137 95346 95520 95650 95751 95836 95900 95970 95995 96028 96057 96077 96091 96099 96109 96113 96118 96123 96128 96129 96130 96132 96133 96134 96136 96137 
0 0 0 0 0 0 0 0 0 0 0 1 1 1 1 1 2 3 3 3 4 5 6 8 8 9 10 13 15 18 19 20 24 28 36 40 48 69 82 94 115 133 157 188 232 283 332 407 498 603 741 905 1094 1315 1552 1858 2238 2714 3308 4012 4747 5664 6773 8118 9692 11522 13620 16043 18871 21941 25403 29189 33255 37680 42325 47148 51902 56706 61361 65888 69995 73903 77440 80583 83256 85588 87524 89170 90555 91695 92619 93357 93921 94386 94764 95026 95242 95429 95581 95685 95766 95835 95888 95932 95960 95985 95997 96015 96025 96036 96042 96050 96059 96062 96063 96064 96068 96069 96069 96071 96072 96073 96074 96074 96075 
0 0 0 0 0 0 0 0 1 1 1 1 3 4 6 7 8 13 14 18 25 33 38 48 56 73 84 99 121 140 171 206 248 305 368 449 540 639 775 930 1118 1338 1630 1958 2336 2814 3400 4066 4900 5874 7023 8363 9910 11711 13867 16304 19065 22238 25683 29535 33609 37930 42603 47319 52173 56944 61632 66138 70361 74169 77576 80681 83334 85684 87660 89275 90619 91720 92599 93314 93891 94342 94717 95001 95209 95409 95534 95642 95735 95806 95859 95896 95942 95968 95980 95992 96006 96019 96026 96035 96040 96044 96046 96050 96053 96054 96055 96056 96057 96057 96058 96058 96058 96058 96059 96060 
0 0 0 0 0 0 0 0 0 0 0 0 0 0 0 1 1 1 1 1 2 3 3 3 3 4 6 7 11 12 14 16 22 26 33 42 49 56 68 79 96 110 130 144 178 223 264 331 388 469 589 715 874 1042 1260 1491 1811 2180 2617 3142 3798 4593 5555 6653 7907 9365 11142 13241 15602 18285 21378 24753 28539 32587 36831 41425 46240 51060 55930 60688 65197 69435 73474 77089 80309 83083 85383 87428 89115 90517 91669 92655 93409 94000 94450 94837 95116 95346 95522 95651 95766 95879 95940 96000 96039 96069 96091 96114 96130 96146 96150 96158 96165 96174 96175 96178 96179 96180 96180 96182 96183 96183 96183 96185 
0 0 0 0 0 1 1 1 1 1 1 2 3 4 5 7 9 10 11 15 18 20 26 36 45 53 64 79 102 123 145 184 217 268 333 404 480 571 690 826 974 1155 1392 1672 2007 2441 2925 3531 4250 5110 6113 7279 8708 10405 12326 14608 17161 19995 23183 26747 30665 34897 39402 44191 49042 53716 58329 62886 67283 71291 74987 78339 81329 83893 86062 88002 89507 90828 91889 92773 93464 93995 94461 94803 95071 95291 95472 95615 95716 95794 95853 95900 95941 95962 95988 96004 96020 96031 96046 96057 96060 96061 96070 96073 96074 96076 96081 96084 96084 96084 96085 96085 96086 96086 96086 96087 96087 96087 96087 96087 96087 96088 
0 0 0 0 0 0 0 0 0 0 0 0 0 0 0 0 0 1 1 2 2 3 4 4 8 8 8 13 16 18 21 26 32 48 58 67 78 89 109 139 172 211 259 317 376 469 579 698 833 1009 1212 1468 1765 2150 2601 3072 3721 4428 5277 6362 7665 9126 10778 12703 14884 17413 20312 23665 27302 31245 35489 39801 44636 49482 54273 58923 63472 67734 71754 75446 78765 81622 84171 86370 88156 89676 90896 91907 92778 93416 93966 94412 94774 95056 95251 95419 95558 95662 95748 95805 95855 95898 95929 95958 95968 95981 95995 96002 96008 96013 96020 96024 96028 96029 96029 96030 96032 96033 96033 96034 96035 
0 0 0 0 0 0 0 0 0 0 0 0 0 1 1 2 2 3 6 8 9 9 10 12 17 23 30 39 48 60 76 88 104 132 146 193 222 279 353 418 520 641 792 956 1163 1408 1669 2035 2460 2972 3597 4316 5234 6275 7430 8850 10567 12476 14754 17310 20272 23499 27050 31044 35202 39521 44191 48915 53729 58493 63051 67376 71422 75094 78392 81216 83820 85991 87897 89492 90785 91825 92651 93319 93875 94345 94704 94996 95198 95380 95494 95598 95695 95763 95819 95864 95894 95922 95946 95960 95969 95978 95985 95991 95998 96001 96004 96004 96007 96009 96009 96009 96010 96011 96011 96011 96013 96013 96014 96014 96015 96015 96016 
0 0 0 0 0 0 0 0 1 1 1 1 1 1 1 1 1 1 1 2 2 4 4 4 5 8 12 12 13 17 18 21 22 28 35 44 57 66 80 98 118 153 184 220 274 334 380 454 559 693 825 991 1179 1402 1674 2010 2392 2882 3433 4111 4965 5972 7138 8512 10085 11978 14120 16584 19369 22509 26042 29906 33971 38400 43020 47789 52704 57498 62239 66648 70866 74688 78164 81151 83862 86145 88106 89648 90930 92004 92887 93599 94173 94611 94946 95222 95420 95576 95707 95821 95903 95968 96019 96051 96086 96111 96126 96140 96148 96156 96164 96170 96174 96178 96181 96186 96187 96188 96188 96190 
0 0 0 0 0 0 1 1 1 1 1 2 2 2 3 6 6 7 10 13 15 20 23 28 37 41 54 65 80 88 112 130 156 190 226 277 331 406 492 602 741 890 1077 1283 1545 1865 2257 2727 3321 3964 4751 5646 6773 8100 9658 11388 13446 15907 18609 21642 25144 28872 32907 37268 41935 46717 51486 56315 60924 65373 69581 73523 77075 80208 82916 85305 87299 89015 90366 91514 92500 93257 93869 94328 94672 94988 95237 95411 95542 95671 95769 95845 95902 95946 95979 96003 96024 96040 96050 96062 96075 96081 96085 96091 96096 96099 96100 96103 96104 96104 96104 96104 96104 96104 96106 
0 0 0 0 0 0 0 0 0 0 0 0 0 1 1 1 1 1 1 2 2 2 4 5 7 8 10 11 16 19 21 24 29 36 42 49 61 72 86 100 125 160 199 253 312 369 427 509 619 759 916 1115 1350 1650 1996 2422 2971 3574 4254 5127 6121 7355 8787 10367 12289 14489 16995 19818 23123 26656 30537 34750 39134 43946 48605 53431 58158 62730 67123 71098 74814 78143 81147 83695 85934 87790 89385 90641 91702 92616 93329 93882 94324 94681 94963 95168 95352 95482 95588 95671 95741 95791 95843 95863 95885 95905 95923 95946 95955 95962 95968 95970 95975 95979 95982 95983 95985 95986 95987 95989 95989 95989 95990 
0 0 0 0 0 0 0 0 0 0 0 0 1 1 1 1 1 1 1 1 2 2 2 2 2 2 3 3 4 5 6 6 9 10 11 13 14 20 24 27 29 34 40 45 58 71 81 100 119 147 173 207 250 303 367 451 554 687 834 1003 1217 1468 1777 2175 2634 3198 3847 4636 5562 6680 7871 9383 11143 13192 15485 18244 21239 24547 28244 32156 36493 41096 45797 50504 55300 59850 64398 68647 72520 76086 79357 82240 84716 86790 88631 90158 91278 92212 93005 93630 94145 94601 94937 95164 95367 95534 95643 95743 95821 95887 95937 95966 95996 96025 96045 96056 96065 96076 96082 96090 96094 96097 96099 96099 96102 96102 96103 96104 96104 96104 96105 96105 96105 96105 96105 96106 
0 0 0 0 0 0 1 1 1 1 1 1 2 2 2 3 4 6 7 9 10 11 14 16 20 23 29 36 43 54 67 86 101 124 157 200 247 307 351 448 549 667 787 959 1168 1432 1735 2133 2607 3175 3844 4666 5631 6740 8072 9633 11469 13580 16012 18756 21794 25255 28985 33140 37549 42178 46973 51828 56598 61228 65677 69841 73657 77180 80330 83057 85388 87353 89015 90409 91557 92454 93224 93825 94297 94672 94981 95215 95398 95541 95624 95710 95779 95834 95879 95919 95934 95950 95967 95981 95995 96004 96012 96019 96024 96030 96032 96034 96035 96035 96035 96035 96036 
0 0 0 0 0 0 0 0 1 2 2 2 2 3 5 6 7 9 11 14 20 26 31 37 47 59 74 91 112 139 167 199 241 296 355 427 523 636 776 951 1144 1379 1638 1989 2406 2879 3439 4144 4939 5975 7101 8529 10206 12035 14173 16683 19516 22691 26151 30027 34311 38794 43451 48212 53074 57875 62500 66885 71047 74611 78080 81164 83737 85980 87924 89497 90843 91861 92745 93415 94001 94431 94783 95066 95259 95428 95578 95692 95773 95863 95929 95958 95988 96015 96029 96046 96060 96069 96074 96080 96088 96091 96093 96094 96094 96095 96096 96096 96097 96097 96098 96098 96098 96098 96099 96100 
0 0 0 0 0 0 0 1 1 1 1 1 1 2 2 2 2 2 3 3 3 5 5 5 7 8 15 15 19 24 29 33 38 50 64 73 87 113 136 163 200 242 293 353 449 552 662 802 1005 1224 1504 1827 2197 2617 3113 3695 4414 5286 6384 7594 9018 10700 12629 14819 17453 20424 23553 27069 30873 35091 39662 44229 49074 53929 58578 63131 67544 71733 75394 78727 81638 84195 86340 88137 89684 90963 92045 92842 93496 94078 94499 94820 95092 95284 95451 95564 95665 95752 95816 95866 95907 95928 95944 95966 95974 95988 95992 96002 96008 96010 96016 96019 96020 96021 96021 96021 96022 96023 96023 96024 
0 0 0 0 0 0 0 0 2 2 2 2 2 2 3 6 6 9 14 19 21 25 29 31 38 46 56 72 87 112 134 158 184 233 273 332 387 479 566 691 836 1023 1241 1516 1809 2218 2654 3223 3859 4608 5492 6547 7903 9394 11142 13208 15507 18168 21210 24646 28428 32540 36896 41480 46124 50885 55747 60404 64863 69275 73172 76770 79876 82695 85016 87010 88764 90143 91371 92339 93082 93677 94173 94595 94910 95146 95304 95464 95574 95666 95745 95801 95842 95884 95913 95940 95957 95970 95980 95990 95991 96002 96006 96008 96010 96014 96016 96018 96018 96019 96020 96020 96020 96021 
0 0 0 0 0 0 0 0 1 1 1 3 3 3 6 6 8 10 11 17 18 23 28 31 35 42 54 69 85 98 119 141 153 187 228 280 338 414 501 610 733 875 1051 1288 1539 1866 2214 2679 3187 3807 4564 5436 6502 7723 9121 10772 12704 15002 17655 20611 23866 27384 31417 35666 40135 44827 49614 54370 59097 63573 67980 71931 75587 78903 81834 84293 86459 88266 89860 91081 92129 92997 93667 94181 94575 94885 95128 95355 95508 95645 95751 95847 95905 95955 95993 96021 96046 96058 96078 96084 96094 96097 96105 96109 96114 96116 96120 96123 96125 96125 96125 96127 96127 96127 96127 96127 96129 96130 
0 0 0 0 0 0 0 0 1 1 1 2 2 3 4 4 6 6 8 8 10 12 15 20 26 35 44 55 68 80 105 128 170 216 263 322 394 476 598 733 897 1116 1357 1605 1975 2381 2829 3438 4137 4920 5893 7052 8471 10154 12003 14065 16516 19209 22368 25908 29854 33935 38314 42951 47802 52516 57289 61829 66280 70430 74217 77782 80891 83656 85942 87867 89485 90805 91897 92728 93433 93999 94439 94775 95080 95329 95511 95633 95740 95822 95894 95947 95994 96025 96056 96074 96084 96091 96102 96110 96119 96123 96126 96128 96128 96131 96132 96132 96132 96133 96133 96134 96135 
0 0 0 0 0 1 1 1 1 1 1 3 3 3 3 3 4 4 5 5 7 8 11 12 12 15 16 20 29 32 38 40 54 70 92 107 123 147 198 243 296 350 427 528 640 776 950 1179 1390 1707 2054 2474 2992 3633 4365 5271 6288 7569 9041 10680 12668 14996 17701 20688 24114 27753 31683 35939 40387 45146 50006 54951 59747 64253 68548 72503 76108 79478 82335 84862 86920 88684 90162 91411 92373 93145 93785 94323 94688 95010 95235 95425 95590 95714 95810 95901 95949 96008 96049 96074 96097 96119 96130 96139 96145 96152 96155 96159 96164 96166 96168 96169 96172 96173 96173 96174 96174 96174 96174 96174 96175 
0 0 0 0 0 0 0 0 1 1 1 2 2 2 3 4 5 7 7 9 14 16 16 20 23 26 30 36 46 55 76 94 110 131 165 216 268 322 383 460 558 660 813 986 1226 1465 1776 2158 2618 3200 3905 4687 5644 6757 8073 9637 11442 13622 16024 18698 21780 25225 28951 33150 37451 42085 46874 51725 56545 61174 65746 69984 73702 77140 80256 83024 85343 87347 89029 90411 91525 92456 93199 93795 94259 94608 94916 95161 95341 95495 95609 95708 95788 95846 95887 95926 95960 95979 96006 96022 96036 96047 96051 96055 96060 96063 96066 96066 96069 96072 96073 96073 96073 96075 96076 96077 96078 96078 96078 96078 96078 96078 96078 96079 
0 0 0 0 0 0 0 0 0 0 0 0 1 1 1 1 2 2 3 5 5 6 7 8 10 13 17 21 24 29 31 40 49 59 69 80 93 117 137 172 207 240 274 334 409 508 608 738 908 1094 1318 1603 1914 2358 2827 3419 4085 4916 5897 7083 8518 10145 11993 14086 16539 19415 22699 26214 30111 34325 38701 43437 48200 52987 57771 62422 66854 70962 74680 78114 81171 83848 86123 88075 89664 90929 92001 92877 93548 94095 94541 94889 95149 95370 95531 95685 95788 95856 95932 95985 96029 96055 96079 96102 96119 96130 96140 96150 96155 96159 96163 96166 96168 96170 96170 96171 96172 96172 96172 96173 
0 0 0 0 0 1 1 1 3 3 3 3 3 3 5 7 9 12 13 15 18 20 24 27 30 35 38 48 59 67 81 95 114 143 172 207 253 308 372 450 535 640 772 944 1129 1384 1680 2036 2464 3006 3588 4278 5076 6142 7314 8753 10423 12369 14584 17096 20027 23262 26807 30718 35008 39522 44301 49001 53778 58624 63192 67525 71660 75415 78683 81644 84192 86379 88240 89731 91019 92031 92907 93586 94097 94532 94888 95155 95343 95503 95646 95751 95837 95892 95937 95973 96000 96025 96044 96061 96071 96078 96091 96095 96099 96103 96104 96104 96106 96107 96108 96108 96108 96108 96109 96110 96110 96110 96110 96110 96110 96110 96110 96110 96110 96111 96111 96111 96111 96112 96112 96112 96112 96113 96113 96114 
0 0 0 0 0 0 0 0 0 1 2 2 2 2 3 3 4 6 7 8 10 10 14 17 21 23 25 30 35 43 50 62 77 94 115 150 176 207 257 318 390 473 579 710 843 1010 1228 1474 1784 2131 2556 3156 3769 4505 5408 6590 7864 9369 11125 13204 15475 18129 21129 24462 28104 32147 36411 40891 45740 50407 55288 59962 64498 68772 72689 76243 79430 82217 84655 86730 88575 90011 91243 92207 92998 93632 94159 94536 94886 95125 95324 95479 95600 95692 95766 95820 95869 95909 95937 95960 95969 95982 95992 95999 96005 96010 96015 96019 96020 96023 96023 96023 96023 96024 
0 0 0 0 0 0 0 0 0 1 1 1 1 2 3 5 6 8 9 10 11 14 25 28 35 44 56 64 75 85 103 124 155 185 227 263 324 389 463 560 675 812 969 1178 1431 1685 2073 2504 3047 3652 4385 5247 6306 7490 8892 10513 12414 14672 17213 20174 23484 27071 30941 35266 39700 44412 49261 54141 58948 63478 67829 71892 75556 78824 81790 84430 86477 88342 89808 91105 92130 92982 93650 94174 94579 94907 95175 95364 95527 95659 95750 95828 95892 95953 95993 96033 96054 96065 96080 96092 96102 96111 96116 96120 96126 96129 96132 96133 96134 96134 96134 96135 96135 96135 96135 96135 96135 96135 96136 
0 0 0 0 0 1 1 1 1 1 1 1 1 1 2 5 6 6 8 9 11 14 14 16 17 29 39 48 57 69 88 107 121 142 182 215 263 324 389 460 550 666 813 1004 1235 1463 1792 2167 2601 3136 3794 4515 5452 6516 7760 9283 11052 13061 15369 18026 21049 24394 28094 32184 36461 41053 45797 50591 55257 60086 64616 68874 72906 76497 79690 82497 85042 87098 88872 90285 91464 92365 93155 93746 94254 94645 94966 95217 95406 95554 95690 95774 95846 95911 95957 95985 96021 96042 96054 96070 96086 96093 96098 96104 96110 96110 96112 96115 96118 96118 96118 96122 96122 96122 96122 96122 96122 96122 96123 96123 96123 96123 96123 96123 96123 96124 
0 0 0 1 
0 0 0 0 0 0 0 0 0 1 1 1 2 2 2 3 5 5 7 9 10 14 15 16 21 26 30 35 46 50 58 75 94 113 138 171 202 245 306 369 440 547 662 796 966 1156 1404 1687 2044 2457 2976 3554 4267 5124 6095 7327 8741 10400 12314 14491 17101 19978 23281 26935 30874 35047 39657 44258 49087 53987 58608 63127 67464 71575 75323 78624 81667 84200 86429 88339 89843 91104 92146 92921 93589 94128 94534 94874 95179 95421 95602 95733 95826 95897 95966 96011 96051 96085 96108 96121 96141 96147 96155 96167 96177 96180 96185 96189 96189 96190 96192 96194 96195 96197 96197 96198 96198 96198 96198 96198 96200 96201 
0 0 0 0 0 0 0 0 0 1 1 1 1 1 3 5 5 6 9 12 15 16 20 22 28 35 40 48 69 79 96 110 132 154 190 231 270 325 392 485 578 691 839 1006 1234 1486 1789 2152 2626 3129 3755 4505 5412 6495 7720 9232 10929 12926 15171 17861 20920 24165 27717 31753 35921 40461 45135 49869 54533 59296 63872 68113 72107 75781 79126 82014 84456 86521 88306 89847 91040 92033 92807 93460 93996 94412 94718 94955 95131 95307 95428 95530 95607 95664 95718 95758 95793 95811 95825 95840 95854 95863 95872 95880 95883 95887 95887 95889 95889 95889 95889 95889 95889 95890 95891 
0 0 1 1 1 1 1 1 1 2 2 3 3 3 3 4 4 6 6 6 6 8 8 8 10 11 12 15 17 21 22 27 36 48 57 70 86 103 126 160 193 227 278 321 392 482 579 683 817 988 1187 1422 1712 2047 2466 2930 3589 4327 5219 6227 7482 8877 10580 12543 14751 17291 20190 23454 27055 30994 35223 39739 44462 49250 53929 58631 63198 67546 71623 75385 78705 81661 84186 86406 88207 89697 90949 92004 92858 93583 94119 94547 94894 95158 95346 95489 95626 95721 95797 95855 95893 95941 95964 95985 95997 96011 96025 96035 96042 96044 96045 96050 96052 96055 96055 96056 96059 96060 96060 96060 96060 96061 96062 
0 0 0 0 0 0 1 1 1 2 2 2 2 3 3 5 5 6 7 8 10 11 13 14 16 20 24 27 29 30 40 52 59 68 81 97 115 135 162 201 240 300 364 439 520 618 772 938 1139 1348 1629 1941 2313 2797 3383 4065 4873 5843 6993 8304 9898 11773 13734 16146 18990 22121 25536 29311 33446 37862 42463 47161 51872 56786 61435 66041 70144 73983 77413 80463 83181 85413 87465 89117 90486 91549 92427 93181 93763 94253 94605 94923 95181 95356 95516 95638 95708 95791 95850 95887 95927 95952 95969 95988 96009 96019 96029 96034 96042 96046 96048 96049 96049 96050 96051 96051 96051 96051 96051 96052 
0 0 0 0 0 0 0 0 0 0 0 1 1 1 2 2 3 3 3 3 4 4 8 8 9 11 14 18 20 23 32 37 45 54 63 74 102 124 151 175 221 265 321 387 466 552 663 789 943 1139 1376 1653 1981 2423 2916 3517 4232 5050 6036 7152 8634 10285 12198 14370 16892 19766 22961 26516 30416 34723 39183 43769 48467 53334 58098 62816 67194 71274 75069 78363 81405 83932 86065 87891 89533 90829 91932 92787 93478 94026 94458 94842 95112 95326 95508 95648 95756 95829 95906 95952 95990 96025 96055 96085 96102 96117 96119 96129 96133 96135 96143 96147 96148 96151 96153 96154 96154 96154 96155 
0 0 0 0 0 0 0 1 1 1 1 1 2 2 2 4 4 5 6 7 10 11 11 15 20 26 32 42 51 63 74 83 106 123 153 186 230 289 350 404 474 575 701 843 1027 1244 1513 1838 2231 2659 3209 3835 4590 5488 6534 7756 9226 10978 13006 15282 17909 20840 24225 27943 31990 36098 40690 45426 50324 55116 59782 64280 68599 72670 76364 79605 82411 84858 86930 88645 90165 91401 92411 93180 93806 94315 94707 95039 95259 95458 95618 95739 95834 95908 95961 96002 96042 96067 96097 96109 96121 96128 96137 96141 96146 96150 96154 96155 96157 96160 96163 96164 96166 
0 0 0 0 0 0 0 0 1 1 1 1 1 1 1 1 1 2 3 3 3 4 6 6 8 10 13 14 14 16 23 27 38 46 53 61 82 102 119 144 166 194 228 274 326 394 481 585 684 830 1014 1250 1493 1789 2164 2617 3148 3740 4464 5364 6485 7712 9132 10834 12782 15032 17683 20552 23819 27397 31348 35529 40044 44654 49493 54349 59095 63584 67943 72046 75628 78913 81831 84369 86519 88376 89855 91062 92051 92851 93534 94053 94464 94788 95052 95271 95407 95529 95632 95719 95798 95848 95877 95910 95928 95944 95963 95976 95981 95990 95994 95999 96004 96008 96009 96013 96015 96015 96015 96016 96016 96016 96017 
0 0 0 0 0 0 0 0 0 0 1 2 2 2 3 3 4 5 7 7 7 9 10 12 15 17 18 20 25 31 37 44 53 62 72 89 104 125 146 183 224 275 324 392 483 590 718 868 1040 1258 1527 1855 2223 2666 3189 3852 4614 5550 6623 7921 9415 11099 13139 15442 18089 21135 24443 28152 32160 36570 41142 45892 50658 55396 60113 64575 68838 72888 76526 79664 82504 84952 87063 88795 90237 91391 92320 93093 93736 94251 94631 94948 95206 95384 95533 95660 95752 95823 95887 95950 95984 96014 96043 96059 96070 96082 96096 96102 96107 96110 96111 96112 96114 96114 96115 96115 96116 96116 96116 96117 96117 96118 96118 96118 96118 96119 
0 0 0 0 0 0 2 2 2 2 2 2 2 2 3 4 4 4 5 5 7 7 10 11 12 17 21 29 33 35 40 51 67 85 109 129 151 188 233 288 341 422 516 644 773 954 1126 1349 1616 1962 2386 2851 3444 4197 5068 6023 7176 8632 10309 12213 14367 16880 19705 22835 26359 30275 34465 38844 43512 48321 52996 57755 62508 66885 71026 74833 78269 81292 83899 86238 88027 89601 90852 91951 92802 93507 94061 94498 94843 95129 95327 95491 95631 95739 95818 95874 95934 95979 96004 96031 96047 96059 96064 96073 96079 96084 96090 96094 96098 96099 96099 96101 96101 96102 96102 96104 
0 0 0 0 0 0 0 0 0 0 0 1 1 1 2 5 6 8 10 13 15 19 22 29 34 44 55 70 83 92 115 144 170 215 269 333 417 501 616 743 930 1124 1363 1673 2043 2465 2962 3573 4277 5122 6166 7367 8754 10451 12294 14496 17067 19896 23137 26700 30514 34680 39148 43727 48403 53285 57956 62526 66881 70978 74729 78159 81264 83926 86129 87937 89506 90802 91887 92741 93414 93963 94400 94750 94995 95213 95408 95553 95656 95756 95822 95863 95909 95946 95969 95988 96008 96025 96034 96044 96050 96056 96059 96063 96068 96069 96070 96072 96073 96074 96074 96075 96076 96076 96076 96076 96076 96076 96076 96077 
0 0 0 1 
0 0 0 0 0 0 0 0 0 0 0 0 0 1 2 4 5 5 7 9 11 12 17 21 22 28 33 42 52 62 72 88 108 136 156 182 229 290 350 414 506 599 722 863 1057 1267 1510 1819 2230 2658 3173 3798 4557 5467 6495 7793 9175 10850 12803 15133 17738 20713 24000 27576 31626 35817 40166 44932 49731 54573 59363 63844 68171 72241 75960 79256 82177 84669 86715 88504 89987 91159 92169 92942 93622 94123 94571 94850 95106 95333 95492 95617 95702 95767 95828 95883 95918 95948 95981 95997 96007 96015 96021 96024 96031 96033 96037 96037 96039 96043 96044 96045 96045 96045 96045 96045 96045 96045 96046 
0 0 0 0 0 0 0 0 0 0 0 0 0 1 1 2 2 3 4 5 7 7 8 11 17 22 29 31 37 44 58 68 83 105 129 160 194 220 272 327 389 488 611 721 867 1046 1268 1531 1857 2252 2735 3328 4005 4787 5736 6824 8159 9666 11497 13613 16082 18786 21902 25336 29022 33121 37536 42139 46951 51848 56565 61249 65681 69940 73895 77306 80375 83159 85580 87517 89158 90498 91661 92606 93288 93906 94362 94689 94991 95216 95386 95538 95654 95737 95804 95854 95884 95922 95958 95982 95999 96011 96017 96025 96029 96037 96041 96046 96047 96050 96054 96054 96056 96056 96057 96058 
0 0 0 0 0 0 0 1 1 2 3 5 5 6 7 7 10 13 15 19 25 29 33 37 42 51 59 77 90 108 118 140 176 203 247 315 373 451 569 684 824 1008 1206 1485 1765 2132 2561 3088 3728 4500 5458 6525 7761 9240 10972 13053 15336 18052 21112 24472 28140 32129 36581 41114 45840 50602 55420 60263 64783 69051 72986 76569 79785 82494 84898 86954 88670 90113 91278 92229 93019 93601 94100 94497 94832 95072 95259 95395 95507 95591 95660 95725 95788 95822 95845 95868 95888 95898 95908 95917 95927 95932 95935 95939 95940 95942 95943 95945 95945 95945 95946 95946 95946 95947 95947 95948 95948 95948 95949 95949 95949 95950 
0 0 0 0 0 0 0 1 1 2 3 3 4 6 8 10 12 13 19 21 27 35 45 59 70 87 105 126 148 180 232 294 367 444 526 644 811 960 1169 1400 1688 2023 2462 2971 3537 4245 5121 6126 7275 8715 10303 12283 14529 16960 19830 23058 26612 30539 34839 39423 44014 48838 53646 58316 63044 67421 71503 75224 78585 81578 84189 86330 88136 89680 90966 91983 92858 93538 94125 94519 94851 95124 95318 95497 95643 95742 95822 95891 95930 95969 96000 96019 96045 96062 96083 96093 96098 96102 96106 96109 96111 96115 96117 
0 0 0 0 0 0 0 0 0 0 1 1 1 1 2 2 2 3 3 4 4 4 5 6 8 11 17 17 22 28 30 36 44 49 56 66 80 88 103 125 151 182 225 273 322 389 476 574 693 849 1022 1246 1517 1811 2171 2599 3113 3721 4443 5295 6316 7595 9009 10702 12655 14844 17425 20312 23568 27184 31036 35213 39657 44287 48999 53761 58647 63166 67571 71651 75359 78751 81725 84315 86525 88357 89864 91118 92180 93015 93652 94192 94628 94943 95199 95392 95556 95697 95788 95866 95932 95967 96005 96030 96054 96075 96086 96095 96100 96103 96108 96111 96113 96116 96116 96117 96117 96118 96118 96118 96118 96120 96120 96121 
0 0 0 0 0 0 0 0 1 1 1 2 2 2 2 2 3 4 6 7 7 8 11 14 22 27 34 39 43 50 61 69 91 112 142 173 219 262 325 395 478 602 738 909 1090 1330 1601 1926 2376 2873 3442 4172 5003 6018 7226 8632 10278 12130 14333 16853 19747 22958 26518 30478 34714 39297 44027 48825 53558 58227 62923 67274 71250 75071 78478 81419 83977 86294 88168 89781 91085 92143 92998 93654 94139 94572 94903 95173 95390 95549 95668 95766 95832 95894 95943 95975 96001 96025 96037 96056 96068 96080 96089 96092 96096 96098 96102 96102 96106 96107 96108 96109 96109 96110 96110 96111 96111 96111 96111 96111 96112 
0 0 0 0 0 0 0 0 1 1 1 2 4 4 4 4 7 8 9 10 11 14 20 24 30 41 47 56 66 85 106 123 150 179 219 257 307 369 451 551 666 785 959 1189 1402 1667 2065 2435 2920 3509 4207 5085 6017 7164 8568 10225 12096 14261 16793 19711 22845 26401 30298 34315 38774 43395 48140 52971 57778 62423 66955 71005 74841 78229 81194 83719 86010 87964 89550 90818 91949 92798 93534 94095 94534 94889 95161 95407 95591 95750 95881 95972 96032 96091 96121 96158 96183 96205 96225 96236 96248 96257 96262 96268 96270 96279 96279 96281 96282 96282 96283 96285 96285 96285 96285 96285 96285 96285 96285 96285 96285 96285 96285 96285 96286 
0 0 0 0 0 0 0 0 0 0 0 0 1 2 2 2 2 2 3 3 5 5 5 8 8 9 11 12 15 17 19 22 29 31 35 39 49 66 74 98 117 140 165 199 241 292 347 417 514 607 734 879 1043 1251 1501 1812 2169 2642 3176 3803 4561 5451 6543 7842 9315 10978 12952 15238 17894 20908 24164 27752 31765 36182 40745 45394 50222 54960 59710 64260 68552 72476 76026 79388 82289 84752 86873 88635 90049 91249 92253 93074 93674 94180 94582 94931 95196 95393 95541 95658 95768 95844 95899 95953 95986 96010 96033 96051 96070 96078 96089 96094 96101 96108 96110 96115 96117 96118 96119 96120 96122 96122 96123 96124 
0 0 0 0 0 0 0 0 0 1 1 1 1 1 1 1 1 1 1 1 1 2 3 3 3 4 4 4 6 7 8 10 11 16 20 21 25 28 35 46 61 77 102 131 160 197 226 264 324 402 485 582 700 848 1050 1266 1530 1855 2221 2716 3246 3912 4711 5652 6768 8129 9658 11447 13451 15853 18535 21549 24924 28643 32717 37087 41607 46286 51167 55874 60626 65116 69447 73303 76850 79991 82709 85171 87254 88905 90334 91504 92387 93108 93722 94208 94583 94899 95151 95346 95493 95625 95714 95785 95858 95918 95953 95987 96009 96031 96050 96056 96065 96072 96073 96075 96080 96081 96085 96086 96087 96088 96088 96089 96089 96089 96090 96091 
0 0 0 0 0 0 0 0 0 1 1 1 1 2 3 4 5 6 10 12 17 18 21 25 31 41 49 59 68 83 111 133 167 189 228 264 334 398 503 599 741 895 1077 1326 1612 1920 2324 2793 3394 4093 4898 5891 7040 8402 9981 11828 13986 16437 19275 22478 25840 29664 33739 38088 42790 47438 52184 56980 61605 66114 70343 74232 77656 80708 83541 85810 87763 89355 90717 91767 92704 93430 94019 94467 94821 95111 95372 95530 95695 95801 95884 95944 95989 96031 96048 96074 96096 96118 96137 96145 96152 96158 96161 96163 96165 96169 96172 96173 96175 96177 96178 96179 96179 96179 96180 96180 96180 96181 96181 96182 
0 0 0 0 0 0 0 0 1 1 1 1 1 2 3 4 4 5 5 5 8 11 12 18 21 27 34 41 51 64 78 92 104 126 160 191 231 281 335 407 491 570 691 826 991 1221 1454 1746 2116 2579 3103 3701 4398 5318 6396 7581 9097 10769 12798 15092 17611 20605 23840 27467 31421 35682 40157 44891 49762 54603 59257 63948 68285 72276 75963 79235 82105 84556 86817 88608 89954 91167 92171 92967 93618 94152 94580 94888 95173 95393 95564 95685 95792 95854 95911 95961 95990 96013 96031 96060 96077 96091 96102 96107 96109 96115 96120 96123 96125 96125 96126 96128 96128 96129 96129 96130 96130 96130 96130 96130 96131 
0 0 0 0 0 0 0 0 0 0 0 1 1 2 2 2 2 2 2 4 4 4 5 5 7 7 8 9 12 16 20 21 24 30 42 47 56 67 74 85 104 127 160 187 237 286 334 394 470 584 717 862 1041 1265 1544 1896 2270 2710 3297 3984 4754 5674 6827 8118 9642 11351 13414 15832 18472 21450 24743 28524 32506 36829 41411 46108 50946 55730 60369 64952 69254 73159 76813 79961 82755 85122 87175 88893 90300 91443 92381 93164 93776 94262 94664 94975 95220 95424 95581 95695 95801 95867 95927 95987 96026 96052 96067 96090 96105 96117 96125 96131 96132 96136 96140 96143 96145 96147 96148 96148 96149 96149 96149 96149 96150 96151 96151 96151 96152 
0 0 0 0 0 0 0 0 1 1 2 2 4 4 4 5 6 6 7 9 15 20 24 28 31 37 47 68 88 109 133 154 177 218 278 341 402 498 598 722 865 1042 1258 1515 1830 2219 2682 3230 3814 4610 5515 6563 7898 9401 11169 13229 15479 18204 21252 24633 28321 32405 36691 41235 46004 50749 55584 60221 64824 69027 72998 76614 79764 82570 85013 87054 88757 90143 91319 92261 93016 93638 94145 94539 94840 95068 95263 95415 95544 95651 95720 95778 95822 95869 95900 95912 95930 95943 95953 95964 95970 95971 95972 95974 95979 95982 95983 95983 95983 95984 95985 95985 95985 95985 95986 
0 0 0 0 0 0 0 0 0 0 0 1 1 1 1 1 1 1 1 1 3 3 3 3 4 5 6 7 8 8 13 13 15 19 26 37 42 49 60 71 82 94 109 130 163 199 248 304 374 456 559 670 797 977 1203 1472 1776 2169 2642 3175 3795 4567 5477 6527 7866 9450 11175 13195 15491 18196 21207 24529 28321 32381 36699 41212 45945 50838 55680 60545 65003 69140 73046 76727 79747 82511 84925 86977 88756 90138 91317 92254 93068 93715 94184 94528 94869 95092 95256 95420 95547 95628 95721 95772 95820 95853 95872 95890 95910 95927 95935 95939 95945 95949 95953 95955 95957 95959 95960 95960 95960 95960 95960 95961 
0 0 0 0 0 0 0 0 0 1 1 1 1 1 1 2 2 4 5 5 5 8 11 13 17 20 26 31 37 43 54 59 71 89 106 127 159 197 232 284 342 405 471 578 689 863 1068 1311 1576 1939 2325 2797 3380 4050 4839 5801 6988 8312 9863 11635 13735 16152 18965 22113 25526 29330 33432 37711 42295 47064 51880 56645 61341 65816 69971 73844 77356 80344 83035 85410 87380 89017 90406 91538 92483 93241 93836 94316 94688 94986 95225 95406 95557 95675 95767 95827 95876 95924 95953 95971 96002 96018 96026 96038 96047 96051 96056 96060 96065 96073 96077 96080 96082 96084 96085 96085 96086 96086 96087 96088 96089 
0 0 0 0 0 0 1 1 1 1 1 2 2 3 3 3 5 6 7 7 7 8 11 12 15 21 27 33 37 52 60 69 87 98 115 141 170 206 236 280 333 394 474 568 677 814 988 1211 1490 1800 2145 2549 3064 3671 4424 5326 6374 7659 9162 10885 12871 15097 17672 20715 24033 27596 31766 36000 40424 45171 50027 54827 59527 64176 68384 72398 76163 79378 82235 84765 86843 88547 90008 91206 92189 92964 93618 94123 94530 94855 95104 95302 95478 95587 95701 95790 95847 95900 95933 95962 95986 96001 96020 96035 96047 96052 96058 96065 96068 96072 96072 96075 96075 96077 96077 96078 96079 96080 
0 0 0 0 0 0 0 0 0 1 1 1 1 1 1 1 1 3 3 3 6 9 11 15 16 20 26 29 40 45 56 72 84 101 127 158 181 211 245 303 356 439 543 666 827 989 1181 1431 1688 2033 2480 2989 3582 4315 5161 6166 7402 8874 10632 12550 14869 17533 20502 23652 27284 31272 35567 39960 44568 49351 54080 58905 63559 67855 71922 75592 78902 81737 84243 86430 88311 89781 91021 92020 92855 93545 94096 94570 94881 95157 95368 95541 95660 95753 95829 95889 95939 95975 96005 96028 96044 96057 96068 96071 96075 96078 96084 96089 96091 96094 96096 96097 96097 96098 96098 96098 96099 96100 
0 0 0 0 0 0 0 0 0 0 0 1 1 1 1 4 4 5 7 8 11 14 17 26 33 40 50 68 83 102 134 166 207 259 300 370 445 540 672 826 1000 1183 1446 1726 2086 2525 3052 3667 4411 5249 6299 7562 8953 10709 12620 14892 17424 20302 23627 27260 31162 35448 39988 44882 49620 54409 59050 63648 67998 72053 75793 79093 81950 84475 86657 88409 89916 91201 92208 92971 93612 94157 94564 94878 95172 95382 95547 95661 95757 95838 95896 95947 95992 96029 96052 96071 96091 96098 96104 96108 96111 96115 96118 96119 96122 96124 96127 96129 96132 96132 96132 96132 96132 96133 
