1 1 1 2 2 2 3 4 5 7 7 7 9 10 12 14 17 24 26 33 44 53 64 76 93 108 137 172 215 261 320 391 467 571 694 881 1092 1276 1541 1860 2245 2705 3263 3947 4767 5704 6829 8252 9916 11803 14027 16762 19761 23125 26826 31022 35601 40568 45776 51094 56368 61432 66278 70825 74967 78609 81774 84483 86709 88571 90082 91334 92274 93028 93636 94153 94561 94894 95156 95334 95493 95596 95685 95765 95826 95869 95904 95928 95948 95961 95971 95986 95998 96007 96016 96021 96024 96025 96026 96029 96032 96034 96035 96036 96039 96039 96039 96039 96039 96039 96040 96041 96041 96041 96041 96041 96041 96041 96041 96041 96041 96041 96041 96041 
1 1 1 1 1 1 3 3 3 3 3 3 3 6 11 11 12 14 15 20 24 27 35 42 49 56 65 80 96 117 144 185 218 256 308 378 461 566 656 818 1014 1211 1457 1764 2170 2634 3170 3808 4593 5442 6617 7939 9442 11250 13363 15929 18703 21920 25421 29505 33988 38753 43827 49049 54321 59475 64589 69333 73580 77424 80802 83833 86267 88130 89803 91110 92163 93008 93642 94151 94575 94882 95122 95310 95442 95575 95673 95755 95822 95872 95912 95937 95956 95980 95997 96003 96011 96019 96022 96024 96027 96031 96032 96034 96035 96037 96038 96038 96039 96039 96039 96039 96039 96040 96040 96041 96041 96041 96041 96041 96041 96041 96041 96041 96041 96041 96041 
1 1 1 1 1 1 2 2 2 4 4 5 6 8 8 9 14 16 19 30 35 42 54 60 72 86 105 128 151 182 223 259 318 384 479 575 695 840 1012 1205 1451 1761 2129 2575 3053 3682 4383 5283 6343 7558 9054 10782 12816 15159 17863 20934 24590 28554 32849 37525 42520 47649 52886 58085 63173 68037 72425 76491 79911 82918 85395 87473 89161 90576 91742 92645 93395 93929 94364 94719 95000 95222 95402 95538 95644 95721 95801 95849 95891 95925 95950 95965 95984 95996 96009 96014 96020 96027 96028 96030 96033 96037 96038 96038 96038 96040 96041 96042 96042 96042 96042 96042 96042 96042 96042 96042 96042 96042 96042 96042 96042 96042 96042 96042 96042 
1 1 1 1 1 1 3 3 3 4 5 5 7 9 9 11 14 19 22 26 30 41 53 70 86 97 118 146 178 226 273 327 390 484 577 699 844 1017 1225 1479 1793 2180 2615 3134 3798 4631 5557 6616 7957 9520 11390 13597 16100 18935 22247 25911 29996 34549 39271 44318 49572 54836 60064 65020 69747 73990 77849 81237 84106 86430 88379 90030 91272 92304 93156 93794 94308 94737 95057 95275 95458 95614 95731 95816 95883 95944 95999 96038 96067 96089 96105 96124 96136 96145 96156 96158 96161 96165 96169 96169 96170 96170 96170 96170 96172 96172 96172 96173 96173 96173 96173 96173 96173 96173 96173 96173 96173 96173 96173 
1 1 1 1 1 2 3 4 5 6 7 8 10 11 15 17 24 29 35 42 59 79 91 105 119 137 177 228 278 335 390 464 575 713 845 1004 1230 1484 1803 2208 2629 3193 3792 4548 5437 6552 7801 9319 11105 13190 15557 18430 21593 25144 29096 33430 38197 43134 48306 53622 58872 63943 68651 73054 77060 80351 83304 85754 87845 89496 90872 91972 92789 93486 94045 94502 94815 95096 95320 95502 95661 95758 95847 95916 95976 96019 96051 96077 96094 96108 96118 96124 96131 96134 96139 96144 96146 96148 96150 96154 96155 96156 96157 96157 96157 96157 96157 96157 96157 96157 96157 96157 96157 96157 
1 1 1 1 1 1 1 1 2 3 3 3 3 3 5 6 9 13 14 14 17 21 30 37 48 60 69 93 108 126 158 175 211 255 311 374 437 534 633 762 937 1120 1353 1619 1970 2414 2872 3489 4201 5061 6135 7384 8889 10648 12680 15080 17820 20887 24309 28278 32725 37439 42388 47570 52936 58217 63258 68112 72525 76466 80006 82997 85518 87564 89288 90673 91806 92716 93409 93990 94442 94767 95045 95272 95454 95585 95684 95779 95841 95892 95930 95959 95983 95995 96007 96019 96029 96034 96043 96047 96051 96055 96057 96060 96060 96060 96061 96062 96062 96062 96063 96064 96064 96064 96064 96064 96064 96064 96064 96064 96064 
1 1 1 1 1 1 1 1 1 1 2 2 3 4 5 5 5 7 8 14 20 25 26 28 37 50 59 71 88 110 137 169 203 260 323 384 472 578 711 850 1035 1297 1573 1895 2285 2784 3345 3954 4774 5743 6894 8238 9876 11720 14035 16574 19521 22922 26809 30927 35554 40521 45566 50792 56092 61271 66201 70845 74970 78680 81917 84650 86945 88757 90340 91602 92555 93255 93868 94344 94724 95048 95253 95438 95568 95680 95768 95821 95874 95918 95946 95975 95993 96012 96029 96040 96049 96058 96062 96067 96069 96071 96079 96081 96083 96084 96085 96085 96087 96087 96087 96088 96088 96088 96088 96088 96088 96088 96088 96088 96088 
1 1 1 1 1 2 2 2 2 5 7 9 10 13 15 16 22 33 39 45 58 70 83 100 128 158 187 231 278 328 409 484 594 717 845 999 1183 1419 1698 2010 2422 2892 3483 4231 5053 5937 7194 8622 10212 12243 14537 17102 19985 23387 27157 31494 36070 40852 45930 51198 56429 61574 66554 71142 75174 78799 81949 84585 86834 88680 90262 91424 92382 93208 93807 94299 94707 95045 95273 95475 95614 95729 95803 95878 95924 95968 96000 96035 96060 96074 96092 96100 96107 96115 96118 96122 96126 96126 96129 96131 96133 96133 96133 96133 96133 96133 96133 96134 96134 96134 96134 96134 96134 96134 96134 96134 
1 1 1 1 1 1 3 3 3 3 5 5 7 8 8 11 11 12 14 17 19 24 29 32 37 42 49 56 66 80 94 123 146 164 196 241 286 346 415 478 563 685 847 1003 1223 1457 1747 2106 2518 3068 3675 4380 5232 6276 7586 9116 10838 12854 15187 17869 20948 24408 28475 32798 37539 42496 47696 52970 58328 63487 68376 72705 76689 80159 83228 85736 87822 89407 90794 91906 92778 93492 94075 94495 94857 95121 95342 95482 95615 95703 95783 95831 95889 95922 95949 95970 95987 96003 96013 96019 96025 96030 96033 96037 96038 96038 96040 96043 96043 96043 96043 96043 96044 96044 96044 96044 96044 96044 96044 
1 1 1 1 1 2 2 2 2 3 4 6 7 7 7 9 12 13 21 28 31 42 50 63 82 94 111 128 152 184 229 280 339 396 472 566 678 831 996 1190 1447 1753 2111 2534 3058 3651 4425 5331 6386 7661 9193 10978 13029 15408 18098 21268 24734 28674 33045 37691 42676 47862 53090 58492 63672 68336 72653 76547 80037 82989 85519 87582 89336 90679 91833 92691 93354 93937 94368 94722 94969 95183 95342 95493 95602 95688 95757 95822 95860 95890 95913 95933 95947 95962 95969 95979 95990 95992 95997 95999 96002 96003 96003 96003 96005 96008 96010 96010 96011 96011 96011 96011 96011 96011 96011 96011 96011 
1 1 1 1 1 1 3 3 3 4 5 8 10 13 13 16 20 24 29 32 40 49 58 73 83 101 126 152 198 236 284 338 438 513 622 762 900 1116 1331 1611 1945 2313 2747 3334 4012 4840 5825 7008 8322 9898 11760 13947 16541 19515 22893 26535 30638 35146 39945 44958 50244 55637 60908 65945 70517 74642 78344 81550 84273 86618 88626 90164 91426 92447 93213 93876 94364 94772 95073 95322 95529 95673 95801 95880 95962 96021 96063 96094 96123 96142 96161 96168 96181 96187 96191 96196 96201 96203 96204 96205 96205 96210 96210 96210 96210 96213 96213 96213 96214 96215 96215 96216 96216 96216 96216 96216 96216 96216 96216 96216 96216 96216 96216 96216 
1 1 1 1 1 1 1 4 4 4 5 8 10 10 10 12 14 15 17 19 22 27 39 47 53 67 83 95 116 140 174 194 237 291 368 426 533 658 802 954 1136 1370 1666 2022 2450 2919 3518 4192 5077 6100 7305 8708 10401 12405 14732 17430 20482 23883 27681 31951 36530 41446 46588 51920 57096 62281 67155 71605 75687 79247 82450 85088 87291 89098 90497 91657 92536 93303 93886 94356 94699 94998 95232 95415 95572 95680 95748 95814 95863 95925 95946 95968 95990 96001 96009 96023 96031 96038 96040 96041 96046 96048 96049 96050 96050 96050 96050 96050 96052 96052 96052 96052 96052 96052 96052 96052 96052 96052 96052 
1 1 1 1 1 1 1 1 
1 1 1 1 3 3 4 4 4 4 4 4 5 6 7 7 11 11 12 17 19 25 27 37 45 55 63 76 91 106 132 162 207 254 302 374 463 546 651 793 961 1165 1404 1709 2096 2512 2976 3565 4323 5185 6222 7456 8912 10622 12636 14927 17631 20709 24232 28081 32455 37108 42210 47460 52738 57973 63067 67880 72386 76381 79889 82954 85483 87626 89349 90792 91922 92789 93490 94049 94484 94817 95081 95309 95479 95615 95743 95819 95880 95922 95957 95974 95993 96016 96030 96040 96048 96055 96061 96067 96069 96072 96072 96076 96079 96081 96082 96082 96082 96082 96082 96082 96082 96082 96082 96082 96082 96082 96082 96082 96082 96082 96082 96082 96082 
1 1 1 1 1 1 1 2 3 4 5 5 7 9 9 10 13 18 20 21 27 33 45 51 61 81 99 119 145 168 213 258 308 373 459 545 654 794 971 1179 1468 1756 2055 2489 2950 3538 4220 5106 6109 7344 8731 10384 12350 14592 17205 20198 23589 27448 31665 36261 41302 46475 51621 56852 62099 66972 71556 75607 79261 82458 85187 87313 89013 90567 91690 92631 93337 93873 94315 94678 94980 95240 95398 95541 95628 95709 95778 95834 95883 95911 95934 95959 95978 95986 95997 96005 96009 96015 96020 96025 96028 96030 96030 96031 96032 96032 96034 96034 96034 96035 96035 96035 96035 96035 96035 96036 96036 96037 96037 96037 96037 96037 96037 96037 96037 96037 96037 96038 96038 96038 96038 96038 96038 96038 96038 96038 96038 96038 
1 1 1 1 1 2 2 2 3 3 3 3 3 3 3 4 6 9 10 12 12 13 19 21 28 30 36 40 45 52 60 76 90 103 120 149 171 199 234 282 328 381 449 547 658 778 927 1120 1341 1593 1959 2365 2863 3443 4167 5005 6047 7269 8704 10280 12283 14625 17273 20442 23867 27742 31986 36564 41314 46646 51940 57225 62368 67218 71715 75829 79391 82494 85131 87299 89095 90575 91694 92604 93363 93934 94400 94771 95070 95306 95467 95644 95755 95839 95896 95936 95983 96018 96050 96076 96086 96100 96106 96115 96118 96121 96124 96126 96131 96131 96132 96132 96133 96133 96133 96133 96133 96133 96133 96133 96134 96134 96134 
1 1 1 1 1 3 3 3 3 4 7 10 11 16 18 23 35 41 49 63 78 86 105 126 147 170 211 262 305 356 422 507 620 758 920 1100 1308 1560 1906 2283 2789 3321 4015 4799 5718 6862 8176 9718 11533 13663 16144 19026 22320 25963 30007 34553 39486 44530 49701 55047 60289 65277 69961 74256 78096 81410 84280 86641 88537 90113 91376 92415 93193 93837 94357 94721 94992 95242 95429 95593 95695 95787 95855 95910 95951 95982 96001 96028 96050 96060 96070 96082 96091 96096 96099 96108 96109 96111 96113 96114 96115 96117 96117 96117 96117 96117 96117 96117 96117 96117 96117 96117 96117 96117 
1 1 1 1 1 2 3 5 5 5 5 7 8 15 20 30 36 39 46 54 70 79 103 127 153 187 225 281 345 420 514 646 765 913 1104 1319 1615 1943 2330 2777 3332 4081 4908 5887 7069 8514 10113 11990 14303 16831 19788 23171 27035 31280 35840 40769 45866 51026 56411 61673 66545 71065 75203 78803 82016 84760 86964 88759 90245 91429 92415 93146 93733 94221 94586 94888 95102 95272 95422 95532 95625 95697 95757 95802 95837 95864 95878 95896 95906 95917 95926 95930 95936 95941 95946 95949 95950 95951 95952 95952 95957 95957 95957 95957 95957 95957 95957 95957 95957 95957 95957 95957 95957 95957 95957 95957 95957 95957 95957 
1 1 1 1 1 1 2 2 2 5 5 5 7 9 10 12 12 19 22 26 28 33 36 42 45 58 71 85 105 131 157 181 216 258 297 360 444 523 619 741 884 1081 1313 1600 1899 2240 2703 3298 4004 4804 5851 6929 8367 10003 11925 14204 16806 19670 23070 26933 31151 35722 40476 45537 50855 56117 61234 66245 70819 74955 78660 81751 84481 86741 88628 90135 91359 92357 93171 93764 94275 94611 94921 95158 95336 95498 95610 95700 95780 95829 95878 95913 95939 95962 95979 95988 96000 96010 96015 96020 96029 96032 96034 96035 96037 96039 96039 96039 96039 96039 96039 96039 96039 96039 96039 96039 96039 96039 96039 
1 1 1 1 2 3 3 3 3 3 4 6 8 8 10 12 15 19 22 28 35 43 54 74 92 107 127 159 195 234 290 348 421 544 658 810 956 1157 1432 1736 2048 2462 2998 3609 4352 5213 6197 7456 8907 10659 12652 14952 17711 20870 24370 28298 32670 37472 42478 47717 52894 58126 63263 68240 72738 76683 80134 83189 85724 87821 89519 90871 91984 92901 93640 94184 94576 94895 95172 95385 95548 95691 95788 95862 95929 95982 96025 96067 96094 96109 96124 96132 96138 96142 96144 96148 96152 96153 96155 96156 96157 96158 96158 96158 96160 96161 96161 96161 96161 96161 96161 96161 96161 96161 96161 96161 96161 96161 96161 
1 1 1 1 1 1 1 2 3 4 4 5 6 8 12 14 20 25 33 41 50 61 74 97 117 138 156 182 207 259 321 378 465 575 691 823 1020 1226 1459 1727 2077 2529 3061 3672 4492 5408 6521 7787 9292 11075 13125 15530 18362 21540 25195 29208 33673 38470 43555 48635 53988 59268 64378 69335 73618 77393 80725 83607 86025 88085 89761 91054 92116 92940 93575 94086 94478 94824 95059 95276 95435 95572 95671 95745 95808 95865 95893 95929 95943 95960 95976 95988 95995 96003 96008 96010 96013 96015 96017 96018 96020 96021 96021 96024 96024 96024 96025 96025 96025 96025 96026 96026 96026 96026 96026 96026 96026 96026 96026 
1 1 1 1 2 2 3 3 4 5 6 9 17 20 27 32 33 35 38 44 55 64 80 98 113 139 175 213 263 307 370 449 551 695 840 1042 1250 1495 1822 2205 2695 3272 3960 4773 5730 6912 8211 9830 11766 13908 16429 19286 22699 26516 30648 35171 39925 44979 50266 55458 60624 65700 70434 74696 78449 81807 84500 86822 88696 90203 91424 92463 93201 93839 94339 94709 95018 95249 95444 95578 95695 95778 95850 95910 95944 95975 96002 96016 96037 96048 96062 96072 96077 96079 96081 96082 96082 96085 96085 96087 96087 96087 96088 96088 96089 96090 96090 96090 96091 96092 96092 96092 96092 96092 96092 96092 96092 96093 96093 96093 96093 96093 96093 96093 96093 96093 96093 96093 96093 
1 1 1 1 1 3 4 4 4 5 5 5 7 12 13 13 15 16 20 26 29 35 44 51 60 75 85 106 117 142 168 198 241 288 336 399 486 590 696 816 970 1171 1418 1697 2045 2461 2929 3562 4264 5120 6166 7392 8831 10555 12512 14866 17576 20650 24088 28083 32371 36990 41878 47080 52416 57780 62881 67661 72124 76079 79694 82763 85331 87476 89266 90739 91909 92821 93542 94083 94525 94861 95152 95367 95538 95676 95780 95849 95906 95957 95997 96022 96043 96066 96080 96089 96095 96103 96111 96116 96121 96121 96123 96127 96128 96129 96129 96129 96129 96129 96129 96130 96131 96131 96131 96131 96131 96131 96131 96131 96131 96132 96132 96132 96132 96132 96132 96132 96132 96132 96132 96132 96132 
1 1 1 1 3 4 4 4 6 6 6 10 13 18 21 22 26 38 43 52 63 81 101 121 151 198 232 277 355 436 522 647 780 952 1165 1412 1695 2052 2492 3024 3661 4454 5388 6417 7728 9313 11133 13240 15775 18611 21932 25553 29791 34214 38916 44090 49431 54798 60031 65104 69812 74098 77977 81289 84109 86484 88478 90052 91277 92286 93104 93741 94239 94629 94947 95191 95397 95534 95666 95766 95845 95902 95942 95975 96007 96022 96036 96046 96056 96061 96070 96075 96078 96082 96085 96087 96092 96092 96092 96092 96092 96092 96092 96092 96092 96092 96092 96092 96092 96092 
1 1 1 1 1 1 2 2 3 4 4 6 8 10 11 11 15 19 21 26 30 38 42 44 49 62 72 85 103 121 141 167 199 233 284 356 426 499 592 724 866 1041 1225 1464 1801 2144 2582 3158 3781 4474 5396 6420 7673 9204 11052 13186 15502 18320 21597 25208 29216 33661 38481 43419 48625 53911 59127 64054 68717 73111 77034 80564 83474 85894 87915 89562 90901 91914 92782 93468 94057 94504 94847 95100 95318 95476 95603 95708 95780 95826 95878 95904 95932 95952 95977 95989 95995 96003 96010 96012 96018 96019 96021 96023 96026 96027 96030 96032 96032 96032 96032 96032 96032 96032 96032 96032 96034 96034 96034 96034 96034 96034 96034 96034 96034 96034 
1 1 1 1 1 2 2 2 2 4 4 4 4 4 6 8 13 16 19 24 31 37 44 50 65 82 102 122 151 192 214 251 311 362 457 545 647 771 939 1138 1378 1664 1993 2380 2876 3488 4220 5100 6185 7348 8778 10467 12479 14807 17469 20500 23982 27838 32022 36551 41604 46765 51966 57230 62316 67158 71809 75980 79478 82640 85301 87478 89275 90720 91899 92863 93566 94154 94599 94950 95212 95441 95633 95756 95835 95910 95976 96018 96050 96076 96104 96124 96136 96140 96149 96156 96160 96163 96165 96167 96169 96170 96170 96172 96172 96173 96174 96174 96174 96176 96176 96176 96176 96176 96176 96176 96176 96176 96176 96176 96176 96176 
1 1 1 1 3 4 6 7 10 13 15 19 27 34 49 57 69 82 96 110 132 166 199 243 289 349 426 524 627 749 904 1104 1340 1626 1976 2411 2894 3487 4210 5067 6115 7334 8761 10486 12487 14770 17487 20592 24082 27913 32256 36840 41832 47044 52214 57442 62583 67396 71961 75996 79587 82665 85205 87357 89109 90510 91756 92720 93378 93957 94420 94809 95090 95307 95459 95611 95722 95822 95891 95936 95974 96013 96032 96052 96067 96083 96093 96100 96107 96113 96119 96125 96129 96130 96131 96131 96131 96132 96132 96133 96134 96135 96135 96135 96135 96135 96135 96135 96135 96135 96136 96136 96136 96136 96136 96136 96136 96136 96136 96136 96136 
1 1 1 1 1 2 2 3 5 6 7 10 11 14 18 21 23 30 39 46 54 63 72 88 110 130 155 194 236 281 357 454 569 677 814 975 1166 1411 1721 2085 2493 2996 3605 4404 5379 6512 7780 9346 11084 13162 15654 18506 21778 25363 29425 34009 38814 43850 49055 54317 59481 64494 69232 73472 77361 80790 83703 86066 88076 89716 91074 92148 92981 93628 94148 94539 94853 95109 95309 95460 95594 95706 95778 95830 95879 95917 95949 95974 95984 96003 96012 96020 96024 96029 96033 96036 96039 96041 96041 96041 96043 96045 96045 96045 96045 96045 96045 96046 96046 96046 96046 96046 96046 96046 96046 96046 96046 96046 96046 
1 1 1 1 1 1 1 3 3 4 4 5 5 6 8 9 10 13 14 19 21 27 32 41 52 63 70 80 91 107 134 172 209 253 305 366 441 548 667 807 946 1123 1352 1626 1929 2350 2819 3369 4036 4809 5737 6872 8181 9809 11599 13783 16245 19046 22270 26013 30020 34541 39290 44370 49611 54904 60063 65048 69775 74030 77878 81183 84023 86336 88306 89905 91224 92237 93003 93654 94149 94561 94878 95122 95325 95482 95593 95688 95758 95808 95849 95885 95927 95942 95959 95980 95990 95996 96005 96008 96010 96013 96014 96018 96018 96018 96018 96019 96020 96020 96020 96020 96020 96020 96020 96020 96020 96020 96020 96020 96020 96020 96020 96020 96020 
1 1 1 1 1 1 1 1 1 3 7 7 9 10 12 14 15 18 21 26 38 44 54 66 78 91 110 146 174 209 259 318 396 481 579 703 874 1059 1271 1510 1840 2231 2708 3308 3975 4757 5748 6931 8330 10018 12005 14251 16824 19784 23155 27032 31332 36006 40924 46006 51281 56537 61834 66684 71254 75394 79037 82276 84888 87109 88910 90394 91559 92476 93242 93910 94386 94742 95032 95281 95459 95595 95702 95783 95861 95929 95981 96008 96031 96050 96063 96074 96080 96083 96093 96103 96110 96111 96111 96116 96118 96119 96119 96121 96122 96122 96122 96122 96122 96122 96122 96122 96122 96122 
1 1 3 4 5 5 5 6 8 9 10 10 11 15 15 18 22 27 39 48 55 66 81 99 130 160 192 231 273 339 416 527 647 775 916 1140 1401 1670 2028 2429 2966 3585 4314 5174 6199 7439 8880 10525 12530 14917 17592 20642 24126 28071 32331 37034 41992 47019 52231 57574 62733 67545 71993 76070 79528 82674 85269 87362 89131 90520 91702 92669 93400 93999 94435 94755 95082 95328 95505 95635 95742 95819 95898 95939 95997 96029 96057 96073 96089 96093 96099 96103 96109 96113 96115 96116 96117 96117 96118 96118 96120 96121 96121 96121 96121 96121 96121 96121 96121 96121 
1 1 2 4 5 5 6 8 10 13 18 23 32 38 44 50 55 70 84 110 145 166 186 236 290 358 443 533 656 800 977 1138 1378 1709 2080 2547 3007 3579 4304 5219 6296 7504 8994 10703 12766 15116 17817 20970 24517 28414 32771 37352 42421 47481 52770 58153 63165 67968 72416 76375 79808 82813 85369 87552 89286 90699 91823 92692 93427 94002 94489 94854 95131 95373 95555 95696 95801 95867 95932 95978 96011 96036 96057 96071 96079 96098 96106 96112 96118 96121 96122 96123 96125 96125 96125 96126 96128 96128 96128 96128 96128 96128 96128 96128 
1 1 1 1 1 2 2 4 4 6 8 12 12 15 18 26 31 37 49 63 74 88 107 126 151 176 212 259 310 372 435 520 612 721 867 1045 1252 1493 1796 2195 2662 3211 3863 4672 5600 6692 7992 9475 11305 13419 15844 18564 21797 25493 29403 33727 38449 43449 48640 53846 59106 64250 69012 73409 77353 80809 83755 86142 88149 89815 91174 92224 93086 93732 94274 94679 95004 95279 95484 95644 95768 95855 95923 95981 96026 96070 96096 96116 96139 96160 96179 96190 96196 96203 96210 96214 96216 96218 96219 96220 96220 96221 96221 96221 96223 96225 96225 96225 96225 96226 96227 96227 96227 96227 96227 96227 96228 96228 96228 96228 96228 96228 96228 96229 96229 96229 96229 96229 96229 
1 1 1 3 3 4 5 7 8 12 16 19 26 30 35 47 60 78 94 116 136 164 199 246 290 337 407 491 577 684 837 1012 1227 1495 1749 2119 2559 3076 3719 4530 5461 6538 7883 9419 11247 13353 15828 18665 21934 25638 29711 34198 39066 44121 49329 54702 59978 65066 69790 74160 78083 81323 84253 86649 88566 90145 91446 92459 93270 93895 94417 94782 95080 95323 95520 95694 95814 95896 95954 96004 96045 96081 96105 96128 96142 96154 96167 96175 96180 96185 96191 96192 96196 96197 96203 96204 96205 96205 96207 96207 96207 96207 96207 96208 96208 96208 96208 96208 96208 96208 96208 96208 96208 96208 96208 96208 
1 1 1 1 2 2 3 3 5 7 8 9 12 16 16 18 24 26 39 51 58 72 92 113 127 168 198 239 303 362 422 518 639 763 919 1114 1316 1608 1958 2376 2898 3476 4215 5091 6080 7224 8673 10370 12294 14708 17347 20444 23958 27855 32201 36754 41709 46877 52139 57371 62639 67485 71926 76072 79629 82676 85345 87501 89215 90633 91737 92643 93346 93960 94425 94770 95055 95271 95444 95590 95725 95830 95891 95953 96000 96037 96067 96095 96112 96121 96133 96139 96143 96144 96151 96154 96154 96156 96157 96158 96159 96159 96159 96159 96159 96159 96159 96159 96159 96159 96159 96159 
1 1 1 1 1 1 1 1 1 2 2 3 4 4 5 6 8 8 11 12 16 16 21 28 32 34 42 52 68 78 86 98 119 148 175 210 244 295 366 430 493 584 714 877 1089 1307 1576 1911 2283 2724 3265 3915 4660 5601 6689 7924 9510 11398 13483 15896 18732 22068 25779 29862 34311 38960 44127 49360 54647 59740 64755 69450 73810 77717 81081 83925 86313 88293 89888 91128 92199 92995 93675 94178 94551 94862 95121 95355 95515 95613 95720 95798 95853 95900 95933 95961 95984 95998 96003 96009 96015 96022 96029 96033 96034 96036 96037 96040 96040 96041 96041 96042 96043 96043 96043 96043 96043 96043 96044 96044 96044 96044 96044 96044 96044 96044 96044 96044 96044 96044 96044 96044 96044 96044 
1 1 1 1 1 1 1 1 1 1 1 2 4 4 5 6 11 14 18 20 24 27 31 43 48 63 73 86 103 129 159 185 229 271 326 410 478 566 671 804 980 1182 1411 1693 2078 2487 3019 3648 4372 5263 6359 7610 9065 10750 12804 15211 17988 21143 24557 28528 32845 37573 42474 47583 52812 58066 63153 67829 72261 76235 79815 82772 85228 87424 89154 90580 91657 92581 93290 93874 94327 94681 94986 95214 95408 95539 95641 95730 95798 95842 95871 95918 95945 95964 95977 95986 96002 96014 96019 96024 96028 96030 96033 96033 96033 96034 96034 96034 96034 96035 96035 96036 96036 96036 96036 96036 96036 96036 96036 96036 96036 96036 96036 
1 1 1 1 1 3 3 3 5 5 5 5 6 10 16 19 24 28 33 38 49 62 75 91 108 129 163 203 245 287 351 401 484 582 704 853 1013 1218 1453 1785 2155 2633 3193 3838 4615 5524 6610 7943 9468 11322 13412 15915 18872 22141 25794 29816 34311 39104 44095 49302 54699 59906 65026 69647 74012 77868 81243 84127 86505 88508 90029 91280 92330 93153 93786 94281 94718 95054 95311 95481 95643 95758 95846 95921 95986 96021 96058 96087 96109 96134 96151 96161 96164 96166 96172 96173 96176 96177 96178 96180 96180 96180 96182 96182 96182 96182 96182 96182 96182 96182 96182 96182 
1 1 1 1 1 1 1 1 1 1 1 3 3 4 4 6 7 10 15 17 18 18 25 30 37 43 49 62 74 91 112 133 152 186 218 271 328 391 462 568 672 814 992 1200 1457 1743 2062 2467 2965 3587 4395 5213 6302 7506 8972 10737 12824 15184 17919 21083 24600 28493 32755 37354 42373 47525 52814 58079 63159 67982 72475 76525 79903 82923 85454 87571 89333 90717 91855 92760 93472 94019 94462 94830 95112 95339 95487 95607 95707 95800 95860 95904 95936 95961 95983 96009 96019 96037 96049 96055 96059 96065 96070 96073 96075 96075 96079 96080 96080 96080 96081 96081 96081 96081 96081 96081 96081 96081 96081 96081 96081 
1 1 1 1 1 1 2 3 3 4 7 8 8 10 12 15 20 27 31 35 36 44 52 69 86 95 114 137 164 203 240 296 352 427 505 636 760 896 1088 1319 1610 1955 2360 2875 3459 4155 4980 5992 7155 8594 10226 12204 14480 17150 20184 23517 27414 31559 36258 41103 46187 51507 56777 61947 66860 71374 75475 79113 82309 84985 87255 89095 90609 91815 92772 93493 94070 94491 94858 95159 95385 95556 95687 95794 95872 95936 95988 96023 96054 96075 96101 96105 96116 96124 96132 96137 96142 96143 96145 96148 96149 96150 96151 96152 96152 96152 96153 96153 96153 96153 96154 96154 96154 96154 96154 96154 96154 96155 96155 96155 96155 96155 96155 96155 96155 
1 1 1 1 1 2 2 2 2 2 2 3 5 5 6 6 7 8 9 12 12 12 13 19 23 27 28 30 36 41 47 64 81 96 115 144 169 207 247 293 362 427 515 630 752 913 1091 1306 1559 1936 2341 2795 3356 3998 4806 5725 6825 8174 9699 11550 13700 16191 19117 22373 25931 29954 34293 39123 44182 49387 54667 59903 64961 69692 74029 77828 81166 83926 86333 88270 89861 91200 92267 93069 93726 94247 94646 94968 95221 95409 95576 95705 95804 95874 95938 95982 96020 96056 96081 96101 96114 96121 96128 96137 96142 96148 96154 96156 96156 96156 96159 96159 96161 96161 96161 96161 96161 96161 96162 96162 96162 96162 96163 96163 96163 96163 96163 96163 96163 96163 96163 96163 96163 96163 96163 96163 
1 1 1 1 1 1 1 3 3 3 6 6 6 6 9 12 16 19 20 29 36 40 50 62 80 101 123 148 180 221 268 338 420 496 610 728 895 1099 1328 1630 1992 2389 2904 3532 4296 5225 6273 7566 9005 10791 12808 15222 17973 21133 24709 28690 33018 37698 42618 47825 53302 58635 63780 68575 72962 76958 80473 83484 85958 88031 89667 91026 92123 92976 93706 94236 94631 94939 95211 95420 95577 95693 95779 95861 95928 95981 96012 96040 96059 96074 96083 96092 96104 96110 96113 96119 96121 96123 96126 96131 96133 96133 96133 96133 96133 96133 96133 96133 96133 96133 96134 96134 96134 96134 96134 96134 96134 96134 
1 1 1 1 1 1 1 2 2 4 4 5 5 5 5 6 7 7 7 7 9 11 13 16 17 17 22 24 26 27 31 35 40 47 58 69 76 89 108 127 142 172 208 259 321 393 465 557 674 821 972 1180 1424 1739 2121 2590 3130 3786 4564 5502 6583 7884 9432 11214 13339 15874 18674 21912 25571 29736 34192 38916 43976 49228 54447 59802 64895 69669 73939 77769 81081 84018 86426 88369 90008 91308 92313 93117 93760 94245 94638 94974 95208 95388 95546 95666 95769 95841 95911 95942 95973 95993 96009 96023 96038 96044 96050 96056 96059 96066 96069 96073 96074 96075 96075 96075 96075 96075 96075 96075 96075 96075 96075 96075 96075 96075 96075 96075 
1 1 1 1 1 1 2 3 3 3 3 3 4 4 6 6 7 8 10 12 15 18 20 22 27 33 36 45 50 67 82 98 117 138 172 214 258 328 386 455 553 675 793 946 1142 1357 1616 1962 2345 2801 3407 4139 4962 5957 7135 8543 10221 12298 14503 17224 20345 23791 27671 31906 36477 41466 46697 51921 57222 62360 67176 71673 75799 79345 82518 85182 87306 89060 90554 91731 92702 93412 93978 94445 94798 95066 95274 95461 95622 95735 95819 95869 95919 95956 95984 96006 96024 96044 96052 96059 96064 96073 96073 96075 96078 96078 96080 96081 96083 96083 96083 96083 96083 96084 96084 96084 96085 96086 96087 96087 96087 96087 96087 96088 96088 96088 96088 96088 96088 96088 96088 96088 96088 96088 96088 
1 1 1 1 1 1 1 1 1 1 1 2 4 4 5 6 7 7 8 11 12 20 26 30 43 50 61 79 96 118 145 176 223 276 341 411 502 597 741 926 1146 1352 1615 1968 2418 2944 3512 4181 5021 6027 7213 8673 10396 12386 14683 17258 20311 23629 27530 31719 36488 41411 46543 51688 57018 62275 67239 71799 75916 79496 82662 85303 87537 89276 90729 91880 92827 93487 94066 94513 94882 95164 95348 95529 95654 95776 95854 95927 95968 96007 96046 96070 96090 96103 96115 96119 96127 96130 96136 96139 96140 96140 96141 96141 96141 96141 96142 96142 96142 96142 96142 96142 96142 96142 96142 
1 1 1 1 1 1 2 2 4 4 5 5 6 8 12 15 16 18 22 27 35 46 64 74 92 110 123 151 195 231 300 360 442 546 661 791 938 1117 1363 1689 1984 2409 2910 3539 4290 5182 6224 7496 8929 10685 12707 15102 17865 20974 24422 28302 32745 37484 42488 47729 53105 58259 63419 68112 72588 76519 79981 83027 85534 87630 89362 90774 91881 92768 93482 94049 94495 94817 95110 95315 95499 95623 95735 95806 95859 95908 95953 95983 96004 96017 96032 96046 96058 96068 96073 96075 96077 96080 96084 96088 96090 96091 96091 96092 96092 96092 96092 96092 96092 96092 96092 
1 1 1 3 4 4 7 9 9 13 14 17 20 23 28 38 46 51 62 71 86 97 112 137 165 207 246 294 355 413 520 645 776 945 1140 1409 1706 2028 2408 2915 3501 4213 5058 6005 7190 8569 10233 12101 14430 17069 20024 23490 27286 31489 36167 41087 46218 51521 56772 61854 66799 71377 75418 79009 82190 84855 87060 88907 90393 91532 92459 93204 93818 94266 94615 94929 95159 95346 95493 95604 95694 95761 95803 95848 95884 95922 95939 95954 95969 95978 95989 95992 95995 95996 96005 96008 96010 96010 96011 96012 96012 96012 96013 96013 96013 96013 96013 96013 96013 96013 96013 
1 1 1 1 1 1 1 1 1 2 2 2 2 2 2 2 5 5 5 7 8 8 11 11 13 15 20 22 27 36 41 49 63 84 101 112 123 149 180 215 241 275 341 408 472 604 733 885 1056 1251 1475 1764 2135 2579 3103 3676 4389 5338 6393 7641 9150 10888 12904 15250 17876 20995 24593 28692 32951 37762 42789 47887 53200 58527 63525 68331 72679 76677 80163 83108 85639 87810 89608 90974 92084 92973 93649 94207 94632 94942 95205 95426 95610 95733 95826 95907 95966 96017 96057 96084 96110 96130 96144 96162 96172 96184 96188 96193 96195 96195 96197 96198 96200 96201 96201 96203 96203 96205 96205 96205 96205 96205 96205 96205 96205 96205 96205 
1 1 1 1 1 3 3 3 3 3 3 3 3 4 8 9 10 10 14 17 22 22 28 37 46 58 64 84 107 126 163 207 243 290 345 415 523 634 764 936 1134 1369 1677 2030 2439 2921 3525 4279 5161 6194 7398 8862 10590 12562 14935 17637 20753 24260 28199 32441 37269 42221 47475 52733 58053 63146 68060 72517 76530 80153 83214 85733 87768 89526 90905 92065 92913 93598 94140 94573 94920 95159 95364 95517 95636 95730 95812 95883 95930 95967 96005 96019 96043 96054 96067 96074 96080 96082 96089 96096 96098 96098 96099 96102 96103 96106 96107 96107 96107 96107 96108 96108 96108 96108 96108 96108 96108 96109 96109 96109 96109 96109 96110 96110 96110 96110 96110 96110 96110 
1 1 1 1 1 1 1 1 1 1 2 2 2 2 5 6 8 8 9 11 12 14 18 19 23 31 38 39 50 58 70 83 104 130 157 186 221 273 349 434 530 660 809 999 1200 1445 1779 2167 2593 3131 3802 4540 5441 6558 7878 9483 11344 13492 15851 18601 21830 25528 29513 33976 38810 43850 49020 54392 59668 64643 69426 73788 77593 80928 83763 86176 88166 89739 91036 92092 92960 93633 94134 94552 94871 95122 95316 95490 95620 95709 95776 95836 95880 95915 95947 95969 95989 96002 96008 96014 96021 96027 96030 96036 96037 96041 96042 96044 96044 96046 96046 96046 96046 96046 96046 96046 96046 96046 96046 96046 96046 96046 96046 96046 
1 1 1 1 1 2 4 4 4 4 6 7 7 7 8 8 10 11 11 13 13 14 18 20 23 31 38 42 50 53 72 88 110 137 160 202 243 303 373 461 575 705 840 1032 1245 1544 1890 2277 2713 3252 3928 4833 5832 6933 8288 9922 11855 14158 16793 19737 23061 26858 31111 35696 40537 45640 50836 56129 61347 66341 70848 75096 78912 82109 84878 87073 88959 90453 91679 92632 93390 93963 94442 94815 95112 95339 95505 95643 95757 95849 95927 95980 96027 96058 96081 96098 96109 96119 96127 96135 96139 96143 96145 96148 96148 96149 96151 96151 96151 96151 96152 96152 96152 96152 96152 96152 96152 96153 96153 96153 96153 96153 96153 96153 96153 96153 96154 96154 96154 96154 96154 96154 96154 96154 96154 96154 
1 1 1 1 1 2 3 3 4 6 8 10 10 14 15 17 21 28 33 39 52 61 78 88 108 120 143 172 208 260 319 396 481 588 704 844 1003 1228 1481 1792 2185 2601 3142 3772 4535 5419 6555 7856 9450 11287 13431 15916 18845 22106 25620 29553 33992 38740 43904 49187 54463 59709 64725 69494 73797 77629 81080 83896 86290 88257 89909 91214 92214 93020 93693 94173 94589 94923 95199 95370 95516 95630 95725 95790 95865 95910 95945 95972 95990 96007 96022 96035 96047 96052 96060 96066 96069 96073 96075 96076 96078 96080 96080 96081 96081 96081 96081 96081 96081 96081 96081 96081 96081 96081 96081 
1 1 1 1 2 2 2 3 3 3 3 3 3 4 4 4 4 4 6 8 9 11 14 17 20 21 24 30 35 42 50 57 69 86 108 136 161 190 219 251 316 389 462 554 663 796 950 1160 1401 1698 2027 2409 2876 3498 4246 5142 6220 7444 8950 10693 12645 15000 17629 20746 24278 28177 32405 37078 42027 47222 52494 57689 62782 67725 72105 76146 79622 82677 85270 87470 89199 90638 91696 92630 93378 93943 94415 94808 95103 95332 95491 95617 95726 95808 95872 95934 95960 95986 96008 96022 96044 96052 96063 96065 96073 96077 96083 96086 96088 96089 96090 96091 96093 96093 96093 96093 96094 96094 96095 96096 96096 96096 96096 96096 96096 96096 96096 96096 
1 1 1 1 1 1 2 3 3 3 3 4 4 5 7 8 11 16 18 20 23 28 35 42 62 73 86 107 129 147 178 213 261 316 385 455 551 674 828 998 1209 1438 1712 2078 2507 3021 3613 4340 5172 6223 7466 8921 10726 12734 15087 17742 20842 24293 28194 32536 37353 42447 47676 52908 58160 63096 67961 72420 76397 79901 82964 85515 87608 89449 90823 91921 92784 93451 94056 94504 94857 95132 95363 95534 95656 95757 95849 95909 95951 95990 96021 96045 96064 96077 96087 96093 96097 96100 96104 96110 96111 96112 96114 96115 96116 96117 96117 96118 96118 96118 96118 96118 96118 96118 96118 96118 96118 96118 96118 96118 96118 
1 1 2 2 2 2 2 2 2 
1 1 1 1 1 1 1 3 3 4 5 5 5 10 13 15 19 26 33 43 49 63 83 98 113 131 158 194 232 291 353 424 508 628 768 942 1119 1358 1628 1942 2344 2816 3416 4141 4972 6017 7224 8640 10380 12492 14744 17377 20470 23926 27671 31966 36527 41486 46610 51876 57133 62319 67147 71664 75711 79286 82483 85060 87312 89132 90591 91763 92671 93432 94019 94483 94832 95151 95361 95538 95675 95791 95880 95954 95993 96042 96075 96104 96125 96134 96145 96157 96169 96181 96184 96187 96188 96194 96196 96198 96198 96202 96203 96203 96204 96204 96204 96205 96205 96205 96205 96205 96205 96205 96205 
1 1 1 1 1 1 2 3 4 4 4 4 5 5 8 9 9 10 12 12 14 18 24 28 31 36 46 59 72 90 111 127 153 190 230 274 354 424 508 616 733 897 1079 1319 1585 1915 2273 2753 3328 4019 4859 5761 6886 8262 9900 11739 13946 16516 19305 22685 26407 30474 35050 39804 44845 50104 55312 60586 65610 70344 74544 78369 81630 84435 86771 88682 90203 91445 92471 93296 93868 94352 94784 95094 95341 95527 95660 95750 95837 95904 95958 96003 96043 96067 96087 96102 96114 96121 96124 96129 96133 96137 96138 96140 96142 96143 96144 96144 96144 96145 96145 96146 96146 96147 96147 96147 96147 96147 96147 96147 96147 96147 96147 96147 
1 1 1 1 1 1 1 1 2 2 2 2 2 3 4 4 4 4 7 10 13 19 24 27 34 50 57 67 79 95 119 152 192 230 282 339 408 507 619 742 903 1095 1343 1618 1988 2443 2947 3586 4267 5202 6251 7549 9029 10750 12760 15140 17833 20871 24474 28439 32826 37524 42486 47789 53102 58364 63446 68250 72726 76630 80171 83159 85650 87741 89418 90803 91895 92770 93419 93990 94439 94788 95038 95233 95404 95539 95641 95717 95787 95829 95871 95906 95926 95948 95959 95975 95984 95989 95995 96001 96007 96009 96009 96011 96011 96012 96014 96016 96017 96018 96018 96018 96018 96018 96018 96018 96018 96018 96018 96018 96018 96018 96018 96018 
1 1 1 1 1 1 1 3 4 4 4 4 5 5 6 7 8 14 14 14 14 17 24 31 36 42 49 60 68 84 103 129 158 186 230 269 314 392 487 583 702 842 1006 1230 1487 1803 2189 2622 3157 3805 4613 5532 6686 7984 9531 11251 13327 15814 18638 21849 25455 29437 33880 38584 43550 48718 54118 59321 64404 69044 73359 77204 80736 83634 86058 88038 89696 91090 92110 93029 93708 94246 94650 94997 95247 95427 95596 95733 95829 95907 95965 96005 96038 96062 96090 96108 96122 96126 96133 96139 96142 96145 96145 96147 96149 96149 96151 96153 96154 96155 96156 96157 96157 96157 96157 96158 96158 96158 96158 96158 96158 96158 96158 96159 96159 96159 96159 96159 96159 96159 96159 
1 1 1 1 1 3 3 5 6 7 7 9 10 13 16 18 19 23 29 39 46 53 61 78 92 105 131 161 191 229 290 339 409 503 623 735 905 1095 1322 1594 1960 2358 2869 3463 4161 4983 5942 7138 8482 10107 12025 14344 16948 20038 23375 27181 31306 35958 40881 45903 51255 56492 61688 66631 71262 75251 78925 82139 84739 87060 88881 90367 91576 92498 93301 93906 94351 94734 95017 95237 95410 95562 95671 95768 95837 95893 95945 95973 96007 96021 96042 96056 96068 96081 96090 96101 96107 96112 96112 96113 96115 96116 96119 96120 96121 96121 96122 96123 96123 96123 96123 96124 96124 96124 96124 96124 96124 96124 96124 96124 96124 96124 96124 96124 
1 1 1 1 1 1 1 1 1 1 3 3 3 4 7 8 10 10 13 17 19 22 27 31 36 46 55 68 87 100 132 162 193 235 268 332 404 497 586 715 839 1009 1223 1489 1788 2150 2579 3183 3833 4603 5562 6614 7877 9436 11235 13381 15840 18689 21921 25513 29544 33890 38691 43744 48920 54310 59549 64519 69328 73621 77513 80925 83755 86170 88073 89772 91078 92125 93025 93693 94192 94628 94933 95218 95413 95582 95707 95818 95893 95946 95988 96023 96062 96082 96099 96110 96123 96130 96137 96141 96147 96154 96155 96156 96157 96158 96159 96162 96163 96164 96165 96165 96165 96165 96165 96165 96165 96165 96165 96165 96165 96165 
1 1 1 2 3 3 3 6 7 8 10 11 16 19 26 31 38 44 51 64 71 87 107 138 169 207 248 304 398 476 570 690 853 1030 1249 1526 1851 2219 2677 3226 3876 4646 5574 6721 8023 9674 11541 13689 16220 19110 22454 26121 30256 34715 39525 44584 49817 55178 60472 65475 70090 74405 78190 81437 84165 86439 88401 90014 91331 92327 93149 93783 94290 94673 94970 95219 95428 95583 95695 95796 95869 95924 95967 95997 96025 96047 96071 96077 96083 96096 96107 96111 96113 96116 96118 96121 96121 96122 96123 96124 96126 96127 96127 96127 96127 96127 96127 96128 96128 96128 96128 96128 96128 96128 96128 96129 96129 96129 96129 96129 96129 96129 96129 96129 
1 1 1 1 1 1 1 2 2 3 3 3 3 3 3 3 4 7 8 8 9 9 11 14 21 25 26 31 34 43 56 67 78 93 106 129 154 185 230 270 321 394 477 575 700 850 1046 1241 1497 1794 2168 2609 3145 3743 4570 5432 6536 7852 9411 11199 13351 15773 18604 21754 25487 29576 34087 38888 43820 49080 54339 59502 64480 69296 73625 77507 80914 83783 86209 88157 89767 91048 92033 92862 93587 94113 94556 94906 95171 95388 95557 95677 95763 95849 95918 95962 96013 96043 96061 96084 96102 96112 96120 96127 96132 96136 96139 96143 96143 96145 96146 96149 96150 96150 96150 96150 96152 96152 96152 96153 96153 96153 96153 96153 96153 96153 96153 96153 96153 96153 
1 1 1 1 1 1 1 1 1 2 3 3 3 3 3 4 7 8 8 8 8 8 11 14 17 23 23 26 36 41 50 54 63 75 101 122 144 175 214 240 285 349 422 525 633 784 945 1163 1422 1746 2115 2563 3102 3677 4475 5353 6451 7756 9313 11153 13277 15723 18511 21809 25339 29448 33754 38471 43646 48780 54009 59386 64507 69176 73486 77321 80726 83594 86046 88052 89667 90957 92037 92872 93532 94042 94484 94801 95083 95310 95475 95623 95734 95805 95877 95924 95975 96004 96027 96042 96055 96064 96070 96073 96078 96079 96084 96086 96090 96090 96091 96093 96093 96094 96094 96094 96094 96094 96094 96094 96094 96094 
1 1 1 1 1 1 4 4 4 5 12 13 18 20 25 32 43 55 66 84 108 137 154 181 215 262 339 399 485 609 716 871 1056 1320 1579 1897 2299 2807 3434 4076 4895 5888 7094 8496 10113 12036 14258 16986 19881 23322 27203 31473 36031 40905 46083 51305 56632 61661 66613 71201 75284 78937 82160 84665 86960 88751 90256 91447 92439 93199 93774 94216 94626 94940 95187 95372 95545 95661 95739 95808 95865 95911 95948 95962 95982 95999 96009 96022 96028 96032 96035 96039 96043 96043 96043 96043 96043 96043 96043 96043 96043 96043 96043 96043 96044 96044 96045 96045 96045 96045 96045 96045 96045 96045 96045 
1 1 1 1 1 1 2 4 5 5 5 8 10 12 13 14 15 16 18 24 28 35 41 50 61 71 89 106 127 156 188 230 276 344 419 494 595 706 848 1019 1243 1498 1761 2100 2549 3063 3693 4408 5282 6356 7596 9011 10749 12796 15174 17925 20966 24423 28287 32578 37229 42170 47367 52626 57855 62916 67810 72285 76323 79762 82793 85446 87620 89300 90727 91929 92819 93492 94081 94485 94804 95097 95331 95489 95613 95734 95807 95868 95918 95954 95981 95998 96016 96032 96039 96048 96056 96060 96063 96063 96068 96068 96068 96068 96069 96072 96072 96073 96073 96073 96073 96073 96073 96073 96073 96073 96073 96073 96073 
1 1 1 1 1 1 1 1 2 2 4 6 6 7 8 8 11 15 17 21 25 32 41 48 62 74 87 115 133 158 189 232 283 335 389 469 555 680 841 1027 1239 1516 1824 2166 2579 3079 3758 4531 5501 6569 7854 9421 11204 13309 15708 18476 21741 25298 29302 33681 38392 43371 48602 53843 59167 64289 69071 73278 77206 80599 83560 85988 88019 89744 91043 92130 92911 93581 94122 94538 94869 95144 95353 95517 95660 95764 95856 95905 95948 95992 96017 96051 96074 96086 96098 96110 96121 96126 96128 96132 96132 96132 96133 96134 96134 96135 96136 96136 96137 96137 96137 96137 96137 96137 96137 96137 96137 
1 1 1 1 1 1 2 2 2 2 2 3 4 5 6 6 8 8 9 12 17 18 18 20 22 29 39 44 55 67 76 93 113 141 160 198 244 306 352 429 521 626 749 893 1122 1359 1647 1976 2370 2879 3444 4159 5012 6021 7193 8621 10303 12261 14632 17339 20317 23657 27440 31807 36443 41465 46600 51890 57173 62347 67149 71730 75883 79465 82457 85144 87358 89109 90587 91762 92692 93409 93991 94450 94829 95094 95312 95481 95627 95714 95792 95854 95900 95945 95970 95994 96006 96022 96031 96040 96049 96054 96061 96062 96064 96068 96071 96072 96072 96074 96074 96075 96075 96075 96075 96075 96075 96075 96075 96075 96075 96075 96075 96075 96075 
1 1 1 1 1 4 5 7 8 9 13 17 24 29 35 46 58 69 84 103 130 154 185 225 276 337 408 479 557 681 814 984 1185 1426 1716 2049 2455 2964 3596 4357 5231 6257 7466 8840 10563 12596 14898 17568 20596 24052 27847 32059 36710 41779 46952 52033 57420 62538 67302 71767 75928 79551 82670 85271 87445 89236 90670 91850 92729 93419 94000 94451 94800 95069 95250 95410 95545 95657 95741 95806 95862 95904 95936 95970 95986 95995 96005 96013 96022 96031 96040 96042 96047 96051 96053 96054 96055 96055 96057 96057 96057 96058 96058 96058 96058 96058 96060 96060 96060 96060 96060 96060 96060 96060 96060 96060 
1 1 1 1 1 1 1 1 1 1 1 1 2 3 3 3 3 5 8 9 12 13 14 15 19 24 30 38 46 56 60 81 105 114 143 177 206 234 279 347 417 496 601 729 908 1073 1298 1577 1914 2287 2797 3392 4091 4870 5796 6924 8332 9965 11789 14036 16699 19712 23056 26863 31162 35753 40590 45707 51031 56368 61586 66395 71061 75233 78943 82228 84918 87144 89003 90490 91686 92684 93471 94055 94503 94884 95172 95389 95556 95684 95808 95890 95955 95995 96038 96080 96101 96119 96137 96148 96154 96161 96165 96173 96177 96180 96182 96182 96183 96183 96183 96183 96185 96185 96185 96185 96185 96185 96185 96185 96185 96185 96185 96185 
1 1 1 3 5 5 6 7 8 9 14 17 21 25 32 42 45 51 63 82 98 125 145 179 218 273 336 409 500 589 710 845 1000 1202 1473 1788 2126 2569 3062 3713 4469 5393 6494 7802 9308 11072 13125 15531 18393 21502 25133 29103 33555 38143 43257 48378 53744 58905 63940 68716 73076 76913 80352 83398 85835 87868 89536 90873 91936 92838 93526 94114 94530 94856 95134 95346 95515 95643 95748 95805 95870 95913 95951 95982 96007 96023 96032 96039 96046 96056 96061 96067 96068 96073 96076 96080 96082 96083 96083 96085 96086 96087 96087 96087 96087 96087 96087 96087 96087 96087 96087 96087 96087 96088 96088 96088 96088 96088 96088 96088 96088 96088 
1 1 1 1 1 1 1 1 1 1 1 2 2 3 3 6 6 7 10 11 14 20 25 29 39 46 57 64 81 96 118 149 189 226 271 320 403 475 587 704 854 1044 1275 1536 1861 2231 2681 3238 3935 4693 5640 6697 8061 9614 11371 13453 15964 18878 22070 25805 29751 34115 38907 43908 49112 54418 59522 64529 69159 73404 77360 80814 83614 86006 87981 89627 90958 91952 92781 93461 94039 94458 94815 95126 95290 95438 95570 95667 95749 95816 95865 95900 95930 95942 95960 95981 95990 96001 96010 96019 96023 96025 96028 96029 96030 96030 96032 96032 96033 96033 96034 96035 96035 96035 96035 96035 96035 96035 96035 96035 96035 
1 1 1 1 1 1 1 2 3 4 4 6 8 11 13 16 22 27 33 37 47 51 69 90 115 134 156 202 245 302 366 425 531 646 788 975 1157 1423 1732 2117 2590 3093 3771 4550 5446 6477 7781 9360 11146 13309 15838 18585 21877 25334 29363 33785 38581 43467 48758 54024 59239 64295 68919 73157 77067 80349 83264 85789 87855 89452 90842 91912 92685 93345 93893 94337 94701 94997 95194 95375 95517 95626 95710 95786 95837 95871 95899 95924 95941 95957 95968 95980 95982 95989 95996 95997 96001 96003 96007 96007 96008 96010 96011 96012 96014 96014 96014 96014 96015 96015 96016 96016 96016 96016 96016 96016 96016 96016 96016 96016 96016 96016 96016 
1 1 1 1 1 1 1 1 2 2 2 2 2 2 2 4 5 5 6 10 13 16 21 24 28 35 40 47 53 61 86 94 118 150 193 228 265 318 391 480 609 738 856 1017 1247 1483 1767 2114 2568 3046 3682 4413 5267 6223 7498 8979 10660 12693 15085 17835 20961 24404 28285 32615 37236 42239 47442 52695 57952 63167 68050 72407 76488 80144 83173 85701 87889 89616 90962 92085 92969 93662 94212 94666 95003 95229 95451 95619 95755 95846 95925 95985 96026 96048 96081 96114 96127 96136 96147 96159 96165 96174 96177 96182 96185 96186 96186 96187 96189 96189 96189 96189 96190 96190 96190 96190 96190 96190 96190 96190 
1 1 1 1 1 2 3 3 6 7 8 12 17 21 24 32 37 45 59 64 75 92 111 137 168 198 241 287 344 426 532 628 751 909 1105 1322 1594 1967 2382 2826 3419 4120 4925 5873 7084 8498 10211 12148 14390 16993 20056 23366 27298 31452 36114 40987 46232 51503 56743 61826 66795 71311 75341 79039 82188 84843 87079 88895 90412 91623 92587 93370 93960 94403 94750 95037 95259 95436 95596 95694 95775 95845 95912 95949 95973 95992 96020 96040 96058 96068 96075 96083 96091 96094 96098 96099 96099 96101 96104 96104 96105 96105 96106 96106 96106 96106 96106 96106 96106 96106 96106 96106 96106 96106 96106 
1 1 1 1 1 1 1 1 1 1 2 2 2 3 3 5 7 7 8 10 14 20 23 27 31 36 47 59 73 84 97 110 130 164 195 238 298 362 450 533 647 792 957 1178 1440 1728 2089 2542 3044 3667 4446 5299 6393 7694 9221 10993 13128 15472 18305 21510 25201 29080 33339 38152 43141 48264 53602 58684 63716 68411 72780 76733 80213 83110 85629 87704 89380 90727 91823 92697 93359 93902 94355 94700 94986 95191 95343 95475 95581 95688 95764 95802 95851 95881 95898 95921 95930 95943 95955 95961 95966 95970 95973 95975 95981 95983 95985 95987 95988 95989 95989 95990 95990 95990 95990 95990 95990 95990 95990 95990 95990 95990 95990 
1 1 1 1 1 1 1 1 1 1 2 2 2 2 2 2 2 4 4 4 4 4 4 4 5 7 9 13 17 19 25 28 34 40 47 54 62 70 83 98 127 158 194 233 278 333 396 475 569 710 861 1034 1244 1538 1879 2284 2742 3274 3984 4786 5796 6958 8287 9907 11786 14001 16634 19556 22891 26578 30748 35219 40030 45113 50406 55530 60720 65819 70346 74496 78237 81468 84261 86552 88446 90017 91230 92252 93068 93727 94247 94639 94945 95201 95397 95552 95682 95768 95846 95902 95958 95985 96012 96030 96045 96057 96064 96073 96083 96087 96095 96096 96098 96098 96098 96099 96100 96103 96105 96105 96106 96106 96106 96106 96106 96106 96106 96106 96106 96106 96106 96106 96106 96106 96106 96106 
1 1 1 1 2 3 3 3 3 6 7 11 12 14 15 20 23 28 34 40 51 58 72 77 93 121 157 187 237 296 366 457 562 668 837 1057 1264 1545 1840 2266 2719 3278 3990 4820 5846 7075 8558 10248 12294 14632 17174 20112 23518 27395 31687 36425 41248 46388 51666 57045 62193 67152 71561 75577 79234 82357 84995 87215 89028 90454 91612 92561 93316 93871 94359 94687 94976 95202 95383 95537 95640 95736 95795 95846 95893 95920 95949 95971 95982 95992 96001 96009 96016 96019 96024 96027 96028 96028 96031 96036 96036 96036 96036 96036 96036 96036 96036 96036 96036 96036 96036 96036 96036 
1 1 1 3 4 4 5 6 7 10 13 17 21 26 35 43 57 69 74 94 119 139 168 214 260 307 376 456 555 676 814 945 1177 1439 1738 2091 2522 3026 3642 4352 5243 6296 7554 9023 10774 12797 15136 17888 21031 24581 28575 32958 37591 42550 47730 52960 58368 63458 68284 72764 76696 80235 83137 85582 87684 89387 90804 91882 92822 93529 94057 94464 94828 95104 95306 95481 95615 95731 95801 95863 95915 95953 95986 96011 96034 96045 96062 96074 96078 96081 96083 96087 96091 96092 96096 96097 96097 96098 96098 96098 96098 96098 96098 96099 96099 96099 96099 96099 96100 96100 96100 96100 96100 96100 96100 96100 
1 1 1 1 1 2 2 2 2 2 3 4 4 6 7 9 10 10 15 18 23 32 36 44 55 59 74 85 97 118 148 177 218 264 322 388 474 571 710 849 1037 1261 1513 1837 2204 2673 3258 3897 4718 5601 6660 7925 9539 11264 13372 15843 18664 21914 25511 29506 33855 38565 43567 48851 54100 59243 64228 68998 73380 77340 80656 83590 85992 88047 89691 90972 92093 92919 93577 94128 94586 94905 95149 95353 95496 95616 95718 95784 95838 95881 95912 95935 95956 95974 95982 95994 95999 96006 96010 96014 96015 96017 96021 96022 96022 96024 96024 96024 96024 96024 96024 96024 96024 96024 96024 96024 96024 96024 96024 96024 
1 1 1 3 3 4 5 6 8 8 10 12 17 21 30 37 46 52 61 72 90 109 130 152 192 239 282 333 393 492 597 728 871 1052 1302 1546 1877 2274 2749 3319 4017 4835 5772 6929 8338 9923 11775 13933 16581 19628 22974 26771 31059 35661 40562 45593 50798 56083 61318 66311 70964 75086 78780 81891 84537 86837 88667 90175 91415 92414 93161 93744 94251 94622 94913 95162 95340 95470 95599 95697 95756 95816 95864 95896 95917 95938 95956 95969 95980 95984 95993 95996 96006 96011 96012 96014 96014 96017 96018 96020 96020 96021 96021 96021 96021 96021 96021 96021 96021 96021 96021 96021 96021 96021 
1 1 1 1 2 4 5 6 7 8 13 13 18 22 25 34 37 41 52 67 81 104 119 140 168 211 250 301 363 439 521 630 765 913 1096 1312 1574 1907 2322 2777 3349 4027 4832 5764 6852 8177 9741 11581 13701 16193 19008 22124 25784 29854 34303 39065 44032 49362 54647 59634 64556 69365 73727 77519 80941 83785 86132 88161 89816 91165 92186 92988 93696 94218 94613 94941 95201 95374 95510 95648 95758 95837 95903 95957 95995 96020 96043 96057 96076 96084 96094 96103 96107 96110 96114 96119 96121 96124 96125 96125 96126 96128 96129 96129 96129 96130 96130 96130 96130 96130 96130 96130 96130 96130 96130 96130 96130 96130 
1 1 1 2 2 3 4 4 5 9 10 10 11 14 17 22 31 37 46 56 70 93 113 138 167 208 263 320 391 484 593 740 897 1093 1358 1665 2052 2463 3005 3621 4323 5204 6345 7555 9016 10733 12677 15069 17713 20799 24337 28325 32616 37241 42238 47266 52507 57696 62867 67727 72190 76279 79781 82832 85432 87559 89345 90789 91884 92787 93473 94071 94536 94880 95133 95338 95501 95628 95739 95834 95903 95958 96001 96032 96048 96068 96086 96099 96107 96109 96113 96120 96123 96126 96128 96128 96129 96131 96131 96132 96133 96133 96133 96135 96135 96135 96135 96135 96135 96135 96135 96135 96135 
1 1 1 1 2 3 3 3 3 5 6 6 6 7 9 12 13 14 16 20 22 27 34 40 53 66 84 108 147 167 201 241 301 353 436 524 650 817 1002 1229 1484 1796 2171 2615 3153 3829 4631 5560 6675 8026 9585 11446 13610 16119 18978 22264 25952 30026 34500 39382 44733 49916 55164 60409 65388 70002 74347 78208 81576 84316 86649 88651 90151 91401 92419 93187 93807 94297 94700 95034 95289 95472 95619 95729 95837 95918 95972 96021 96051 96084 96114 96124 96135 96145 96153 96158 96159 96162 96167 96168 96169 96171 96171 96173 96173 96173 96174 96174 96174 96174 96174 96175 96175 96175 96175 96175 96175 96175 96175 96175 96175 
1 1 1 1 1 1 2 4 4 4 6 6 7 12 15 17 22 27 33 43 53 59 70 88 116 135 164 213 270 338 403 475 583 725 892 1070 1289 1549 1882 2288 2788 3375 4072 4959 5943 7142 8515 10269 12229 14557 17114 20103 23546 27491 31729 36339 41255 46370 51573 56900 61928 66948 71392 75565 79208 82310 84973 87140 88937 90412 91568 92511 93231 93845 94328 94665 94976 95185 95358 95520 95640 95721 95807 95867 95907 95947 95970 95996 96010 96020 96038 96046 96054 96059 96063 96066 96070 96072 96072 96073 96074 96075 96076 96076 96077 96077 96078 96078 96078 96078 96079 96079 96079 96079 96079 96079 96079 96079 96079 96079 96079 96079 96079 96079 
1 1 1 1 1 1 1 1 3 3 3 5 6 6 6 8 11 14 20 20 23 25 29 42 48 54 69 85 105 124 143 179 212 257 307 364 435 533 638 776 951 1161 1405 1675 2060 2487 2992 3637 4377 5274 6287 7504 8946 10698 12726 15126 17892 20979 24521 28544 32937 37514 42530 47542 52966 58201 63441 68364 72689 76643 80070 83212 85805 87856 89547 90905 92006 92877 93573 94139 94598 94961 95239 95431 95583 95709 95812 95884 95942 96003 96046 96071 96098 96113 96131 96139 96148 96152 96160 96163 96164 96166 96168 96169 96171 96171 96172 96172 96173 96173 96173 96173 96173 96173 96173 96173 96173 96173 96173 96173 
1 1 2 2 4 6 7 8 9 9 11 14 19 19 24 28 33 35 45 57 70 77 87 103 116 135 167 202 253 302 371 456 551 697 844 1015 1205 1443 1754 2127 2596 3117 3719 4494 5450 6560 7806 9332 11063 13191 15634 18429 21593 25298 29307 33666 38375 43358 48596 53847 59253 64233 69064 73400 77288 80666 83587 86080 88130 89737 91011 92069 92914 93611 94132 94570 94929 95168 95374 95523 95662 95763 95831 95886 95931 95975 96010 96029 96051 96067 96076 96084 96096 96098 96100 96102 96102 96106 96106 96106 96107 96107 96110 96110 96110 96110 96110 96110 96110 96110 96110 96110 96110 96110 96111 96111 96111 96112 96112 96112 96112 96113 96113 96113 96113 96113 96114 96114 96114 96114 96114 96114 96114 96114 96114 96114 
1 1 1 1 1 2 2 4 5 5 7 10 11 13 14 15 18 21 24 31 35 46 54 67 80 94 121 149 178 216 261 322 389 485 589 705 858 1032 1251 1527 1889 2289 2748 3311 3964 4743 5736 6946 8352 9902 11746 13941 16512 19422 22854 26748 30856 35241 40045 45045 50279 55546 60696 65582 70275 74479 78226 81439 84257 86514 88486 90024 91267 92250 93083 93723 94192 94564 94861 95115 95323 95481 95615 95708 95781 95832 95875 95914 95941 95963 95972 95982 95998 96005 96009 96011 96015 96017 96020 96020 96022 96023 96023 96024 96024 96024 96024 96024 96024 96024 96024 96024 96024 96024 
1 1 1 1 1 3 4 5 5 7 10 12 14 17 22 25 29 35 48 59 76 95 115 140 175 206 237 279 337 394 487 604 729 875 1043 1232 1462 1769 2153 2620 3144 3787 4571 5510 6608 7919 9493 11312 13352 15838 18653 21858 25510 29507 33833 38580 43643 48866 54254 59527 64529 69276 73631 77538 80895 83754 86237 88153 89780 91077 92149 92991 93655 94182 94605 94941 95195 95380 95552 95694 95788 95864 95917 95965 96000 96024 96055 96081 96096 96105 96114 96119 96123 96125 96129 96131 96133 96134 96135 96135 96135 96135 96135 96135 96135 96135 96136 96136 96136 96136 96136 96136 96136 96136 96136 96136 96136 96136 96136 
1 1 1 1 3 5 5 7 7 8 11 11 12 16 19 24 28 36 40 47 59 73 87 101 128 152 191 233 277 338 394 476 568 695 872 1049 1276 1551 1897 2260 2746 3302 3991 4797 5752 6903 8288 9877 11680 13844 16394 19341 22742 26496 30700 35308 40055 45130 50497 55915 61026 65919 70420 74560 78247 81630 84405 86728 88686 90172 91401 92410 93219 93830 94336 94722 95028 95280 95461 95610 95715 95790 95862 95908 95956 95991 96023 96048 96062 96077 96092 96095 96101 96106 96110 96112 96113 96115 96116 96118 96120 96122 96122 96122 96122 96122 96122 96122 96122 96122 96123 96124 96124 96124 96124 96124 96124 96124 96124 96124 96124 96124 96124 96124 96124 96124 
1 1 1 1 
1 1 1 1 1 2 2 2 3 7 7 11 14 15 17 18 23 29 42 47 54 61 71 83 103 125 142 172 213 257 315 401 483 562 675 823 987 1216 1480 1768 2128 2599 3123 3748 4503 5424 6525 7792 9330 11166 13191 15594 18354 21539 25235 29263 33710 38441 43458 48808 53970 59193 64278 69035 73410 77278 80708 83558 86017 88138 89801 91089 92117 92981 93651 94198 94612 94957 95227 95440 95618 95744 95852 95918 95975 96018 96059 96086 96107 96124 96138 96147 96160 96169 96177 96181 96184 96186 96188 96188 96190 96193 96196 96197 96197 96197 96197 96198 96198 96198 96200 96200 96201 96201 96201 96201 96201 96201 96201 96201 96201 96201 
1 1 1 1 1 1 3 4 8 8 8 9 13 15 20 25 30 35 45 56 64 80 94 109 134 163 202 253 298 354 416 500 604 730 883 1067 1291 1533 1840 2210 2693 3252 3895 4716 5687 6829 8190 9758 11676 13792 16282 19106 22427 26044 30161 34641 39407 44505 49731 54919 60160 65041 69702 73918 77711 81102 83902 86254 88221 89821 91075 92137 92951 93549 94029 94412 94722 94980 95176 95335 95467 95551 95639 95697 95731 95772 95800 95821 95830 95844 95853 95864 95874 95880 95884 95887 95887 95888 95889 95889 95890 95891 95891 95891 95891 95891 95891 95891 95891 95891 95891 95891 95891 95891 95891 
1 1 2 2 3 4 4 4 5 6 6 7 7 8 9 9 12 13 14 15 17 20 27 35 44 51 59 71 86 108 127 149 180 230 293 341 401 494 596 720 861 1023 1238 1468 1782 2154 2599 3113 3789 4571 5467 6566 7849 9404 11185 13256 15786 18574 21809 25516 29649 34065 38601 43697 48836 54152 59295 64403 69071 73425 77318 80668 83561 86037 88068 89675 90986 92059 92927 93624 94118 94562 94872 95167 95364 95533 95650 95750 95824 95877 95915 95954 95977 95993 96006 96015 96026 96032 96039 96042 96045 96048 96053 96053 96057 96058 96059 96060 96060 96060 96061 96061 96061 96061 96061 96062 96062 96062 96062 96062 96062 96062 96062 
1 1 1 2 3 3 3 3 3 4 6 7 8 9 9 12 14 20 22 23 31 37 40 50 63 78 89 98 112 142 183 219 249 300 355 433 543 663 794 956 1151 1392 1672 2056 2477 2978 3595 4283 5134 6131 7346 8699 10378 12423 14818 17417 20480 23952 27854 32043 36717 41516 46635 51902 57289 62385 67246 71753 75818 79384 82477 85057 87225 89085 90482 91694 92568 93291 93871 94355 94730 94999 95204 95392 95547 95674 95732 95792 95840 95882 95920 95953 95985 95998 96012 96024 96031 96033 96039 96044 96047 96048 96049 96050 96051 96051 96051 96052 96052 96052 96052 96052 96052 96052 96052 96052 96052 96052 96052 96052 
1 1 1 1 1 1 1 2 2 2 3 5 5 7 8 8 10 12 14 16 18 25 30 33 40 48 57 68 87 114 140 177 226 268 336 414 480 575 676 832 1027 1221 1461 1741 2101 2528 3015 3643 4434 5321 6365 7618 9061 10872 12928 15456 18209 21401 25002 28884 33291 37906 42929 48193 53493 58739 63725 68531 73061 76868 80233 83246 85748 87759 89519 90901 91995 92825 93573 94092 94558 94890 95148 95356 95546 95703 95795 95877 95938 95978 96023 96050 96070 96087 96104 96113 96118 96125 96130 96137 96141 96146 96151 96152 96154 96154 96154 96154 96154 96154 96155 96155 96155 96155 96155 96155 96155 96155 96155 
1 1 1 1 3 4 4 4 4 4 6 8 9 12 17 19 25 27 35 44 52 55 69 86 108 136 163 192 233 282 340 421 516 630 767 907 1066 1300 1570 1884 2273 2764 3302 3961 4698 5711 6861 8235 9846 11674 13856 16337 19271 22680 26329 30417 35032 39980 45027 50139 55428 60597 65495 70151 74409 78137 81501 84248 86639 88580 90172 91407 92453 93235 93881 94377 94762 95060 95297 95466 95615 95736 95832 95906 95970 96017 96039 96078 96092 96109 96122 96136 96144 96149 96151 96154 96154 96158 96160 96162 96162 96164 96166 96166 96166 96166 96166 96166 96166 96166 96166 96166 96166 
1 1 1 1 1 1 1 1 2 2 2 2 2 2 4 5 8 10 11 11 18 19 24 29 37 45 56 68 86 100 122 137 161 214 251 311 373 448 521 616 754 891 1067 1276 1543 1882 2270 2700 3236 3936 4757 5674 6796 8061 9655 11481 13561 16045 18987 22190 25823 29787 34237 39072 44081 49258 54537 59826 64771 69459 73762 77624 80949 83807 86211 88174 89787 91058 92117 92972 93622 94130 94520 94833 95081 95270 95437 95560 95660 95727 95801 95848 95883 95904 95925 95942 95957 95976 95982 95991 95998 96001 96006 96008 96008 96012 96014 96014 96015 96016 96016 96016 96016 96017 96017 96017 96017 96017 96017 96017 96017 96017 96017 
1 1 1 1 1 3 3 3 4 6 8 8 8 9 10 12 18 20 20 23 29 34 40 43 55 65 80 96 111 138 158 188 231 278 334 400 489 610 749 919 1094 1314 1584 1955 2327 2811 3396 4103 4927 5892 7051 8414 9994 11859 14048 16623 19524 22911 26640 30694 35154 39925 45147 50398 55756 60885 65802 70584 74895 78577 81663 84387 86585 88545 90140 91362 92407 93185 93785 94268 94699 94988 95240 95429 95561 95683 95762 95832 95902 95950 95995 96034 96059 96070 96082 96093 96099 96104 96110 96112 96113 96113 96113 96115 96115 96115 96116 96116 96118 96118 96119 96119 96119 96119 96119 96119 96119 96119 96119 96119 96119 96119 96119 96119 96119 96119 
1 1 1 2 3 3 5 5 5 6 6 6 9 10 11 13 14 15 19 25 29 36 45 53 65 78 102 138 174 208 251 300 373 455 543 673 802 1011 1215 1461 1737 2110 2514 3025 3637 4412 5286 6324 7576 9076 10850 12945 15298 18016 21120 24673 28589 33034 37772 42672 47870 53309 58449 63466 68362 72859 76823 80246 83231 85756 87875 89600 90937 92010 92902 93596 94138 94570 94897 95166 95378 95553 95677 95757 95839 95900 95940 95973 96013 96036 96047 96061 96067 96078 96081 96085 96088 96091 96095 96099 96100 96102 96103 96103 96103 96103 96104 96104 96104 96104 96104 96104 96104 96104 96104 96104 
1 1 1 1 1 1 1 3 4 5 7 8 11 15 23 31 34 39 51 61 70 82 120 143 180 240 286 349 419 500 641 783 973 1182 1420 1731 2086 2514 3050 3733 4504 5412 6539 7809 9367 11123 13196 15518 18310 21464 24894 28979 33278 38004 43010 48191 53362 58536 63431 68300 72741 76770 80270 83273 85757 87794 89470 90823 91920 92782 93478 94033 94472 94806 95054 95274 95442 95598 95672 95766 95820 95874 95912 95945 95969 95988 96009 96021 96036 96048 96054 96057 96059 96063 96066 96068 96073 96073 96074 96074 96076 96076 96076 96076 96076 96077 96077 96077 96077 96077 96077 96077 96077 96077 96077 96077 96077 96077 96077 96077 
1 1 1 1 
1 1 1 1 2 2 3 4 4 5 7 8 12 14 18 24 28 32 35 45 56 64 78 85 104 136 162 190 232 285 343 429 515 618 751 893 1089 1323 1613 1921 2291 2751 3323 3962 4798 5753 6866 8165 9749 11650 13721 16256 19092 22391 25882 29881 34360 39206 44401 49612 54815 60006 65036 69735 74031 77938 81332 84174 86457 88440 89962 91206 92214 93014 93656 94188 94582 94880 95137 95326 95503 95626 95713 95791 95847 95889 95925 95955 95976 95992 96006 96016 96024 96028 96031 96037 96038 96041 96044 96044 96044 96044 96044 96044 96044 96045 96046 96046 96046 96046 96046 96046 96046 96046 96046 96046 96046 96046 96046 
1 1 1 1 1 1 1 1 1 1 2 5 7 9 9 11 13 16 21 26 38 49 59 76 93 116 130 168 200 251 305 351 428 528 627 760 909 1123 1340 1615 1971 2346 2818 3444 4163 5006 6033 7174 8615 10396 12465 14737 17316 20345 23749 27597 31728 36221 41184 46353 51732 56941 62081 66996 71492 75646 79247 82339 85034 87232 89052 90502 91731 92605 93351 93930 94373 94743 95044 95229 95436 95561 95662 95752 95812 95863 95903 95944 95975 95991 96003 96017 96020 96029 96038 96040 96040 96046 96049 96051 96051 96052 96053 96054 96056 96058 96058 96058 96058 96058 96058 96058 96058 96058 96058 96058 
1 2 3 4 4 4 5 5 9 13 15 20 23 27 30 37 47 59 73 78 92 113 131 152 187 233 283 343 392 477 594 728 856 1015 1241 1518 1833 2213 2666 3216 3915 4691 5680 6797 8162 9715 11599 13860 16454 19488 22802 26530 30736 35326 40139 45388 50502 55759 61048 65994 70627 74859 78531 81808 84528 86729 88601 90114 91356 92264 93031 93684 94161 94549 94879 95121 95284 95432 95527 95629 95706 95751 95789 95817 95851 95870 95885 95894 95910 95921 95931 95934 95936 95937 95940 95942 95943 95945 95945 95945 95945 95947 95947 95948 95948 95948 95948 95948 95948 95948 95948 95949 95949 95950 95950 95950 95950 95950 95950 95950 95950 95950 
1 1 1 3 4 6 7 8 10 12 18 21 29 38 47 58 77 101 125 149 172 217 262 315 388 460 561 672 815 1000 1232 1453 1759 2118 2542 3107 3776 4484 5393 6455 7667 9140 10938 13013 15381 18251 21465 25099 29081 33518 38189 43278 48458 53770 59063 64108 68822 73232 77145 80538 83499 85958 87983 89660 91010 92127 93033 93652 94197 94590 94901 95157 95369 95552 95676 95775 95848 95905 95955 95985 96011 96033 96055 96070 96083 96091 96095 96095 96099 96104 96110 96114 96117 96117 96117 96117 96117 96117 96117 96117 96117 96117 96117 
1 1 1 1 1 1 1 1 3 3 4 6 7 7 8 9 11 13 15 15 17 20 23 28 37 48 64 68 85 101 122 145 169 190 227 270 324 407 502 599 731 882 1048 1256 1526 1862 2268 2729 3281 3933 4672 5571 6666 7925 9478 11239 13401 15850 18702 21853 25445 29522 33967 38718 43628 48869 54054 59316 64334 69077 73445 77406 80913 83735 86195 88248 89866 91134 92200 93059 93713 94241 94676 95005 95253 95458 95594 95695 95786 95869 95925 95967 96006 96037 96060 96075 96084 96097 96102 96105 96108 96111 96112 96114 96115 96117 96118 96118 96118 96120 96120 96120 96120 96120 96120 96121 96121 96121 96121 96121 96121 96121 96121 96121 
1 1 1 1 2 2 2 3 4 4 5 6 6 9 10 13 17 22 30 36 39 50 60 74 97 126 144 181 222 268 337 408 513 629 756 937 1136 1361 1642 2002 2446 2993 3652 4336 5208 6319 7606 9196 10916 12976 15397 18184 21340 24883 28812 33217 38015 43077 48216 53611 58868 63950 68716 73103 77110 80507 83502 85983 88085 89727 91099 92182 93050 93713 94258 94681 94997 95234 95419 95580 95697 95795 95852 95908 95944 95982 96013 96031 96055 96067 96079 96087 96091 96094 96098 96100 96104 96105 96106 96108 96108 96108 96111 96111 96111 96111 96111 96111 96111 96111 96111 96111 96111 96112 96112 96112 96112 96112 96112 96112 96112 
1 1 1 1 2 4 4 5 6 6 8 8 15 16 18 24 34 37 41 48 57 73 103 134 164 189 225 266 333 413 493 582 702 851 1025 1234 1463 1751 2140 2585 3076 3702 4449 5357 6370 7563 9011 10773 12839 15220 17926 21203 24720 28667 33052 37813 42724 47932 53067 58330 63425 68254 72565 76511 80000 83131 85677 87748 89485 90867 92012 92846 93554 94143 94601 94951 95253 95480 95641 95766 95887 95986 96049 96102 96143 96173 96196 96221 96236 96248 96251 96257 96264 96269 96274 96276 96279 96282 96283 96284 96284 96284 96284 96285 96285 96286 96286 96286 96286 96286 96286 96286 96286 96286 96286 96286 96286 96286 96286 96286 96286 96286 96286 96286 96286 
1 1 1 1 1 1 1 1 1 2 3 4 4 5 5 7 9 11 13 14 16 17 21 25 29 31 35 40 54 66 80 96 118 141 169 209 244 303 374 440 539 642 763 923 1098 1320 1566 1901 2296 2756 3325 3974 4743 5745 6802 8147 9814 11685 13893 16366 19266 22483 26247 30317 34810 39501 44644 50029 55287 60515 65464 70131 74368 78179 81426 84264 86539 88584 90115 91324 92273 93080 93756 94270 94664 94981 95225 95392 95548 95677 95772 95847 95915 95960 95995 96017 96040 96055 96072 96079 96093 96097 96104 96107 96111 96113 96115 96119 96119 96121 96122 96122 96123 96123 96123 96123 96124 96124 96124 96124 96124 96124 96124 96124 
1 1 1 1 1 1 1 1 3 3 3 3 3 3 3 3 4 4 6 7 8 9 9 13 14 17 20 23 27 30 40 53 69 83 93 112 145 181 235 276 348 434 514 629 743 903 1074 1293 1602 1939 2324 2799 3382 4138 5051 6029 7177 8618 10229 12136 14382 16966 20018 23385 27242 31398 35889 40703 45821 50941 56137 61384 66295 70902 75102 78759 81969 84701 86982 88853 90310 91501 92471 93191 93779 94240 94634 94945 95182 95395 95524 95647 95730 95801 95867 95911 95958 95992 96011 96031 96052 96062 96066 96074 96077 96079 96081 96083 96085 96085 96087 96089 96089 96090 96090 96090 96090 96090 96091 96091 96091 96091 96091 96091 96091 96091 96091 96091 
1 1 1 2 3 3 4 4 6 7 9 10 13 17 22 27 35 42 52 61 71 85 99 130 164 194 231 289 352 424 528 634 767 939 1138 1354 1656 2001 2453 2937 3583 4275 5150 6173 7387 8826 10545 12474 14861 17599 20647 24079 28010 32271 36797 41827 47150 52448 57741 62824 67598 72075 76114 79783 82803 85329 87499 89302 90717 91829 92756 93509 94100 94550 94912 95172 95362 95550 95674 95797 95877 95943 95987 96028 96057 96091 96108 96126 96134 96140 96150 96156 96161 96162 96166 96170 96175 96177 96178 96179 96180 96180 96180 96180 96181 96181 96182 96182 96182 96182 96182 96182 96182 96182 96182 96182 96182 96182 96182 96182 
1 1 1 1 1 2 3 3 3 4 5 6 8 16 20 21 25 31 37 42 51 60 71 99 116 142 164 194 236 292 346 421 517 616 748 894 1058 1281 1535 1832 2182 2637 3177 3851 4653 5606 6694 8045 9606 11422 13570 15997 18895 22137 25875 30043 34493 39316 44550 49692 54922 60173 65015 69656 73934 77830 81180 84034 86391 88280 89842 91187 92203 93037 93686 94195 94626 94949 95230 95411 95564 95690 95795 95876 95929 95970 96003 96028 96048 96070 96083 96088 96097 96104 96107 96114 96119 96123 96126 96126 96129 96130 96130 96131 96131 96131 96131 96131 96131 96131 96131 96131 96131 96131 96131 96131 96131 96131 96131 96131 96131 
1 1 1 1 1 1 2 2 3 4 4 4 4 6 6 7 8 12 13 14 15 18 24 26 31 34 43 50 55 67 82 95 111 134 172 207 238 298 346 429 523 628 758 909 1099 1308 1568 1886 2282 2807 3424 4143 4983 5934 7156 8494 10172 12097 14294 16957 19911 23261 27039 31126 35716 40563 45583 50801 56051 61281 66194 70779 75011 78754 82006 84683 86940 88741 90248 91439 92399 93216 93852 94337 94728 95010 95263 95442 95589 95712 95807 95895 95948 95994 96023 96050 96084 96100 96113 96119 96124 96129 96133 96135 96136 96139 96143 96145 96148 96150 96150 96150 96150 96150 96150 96150 96152 96152 96152 96152 96152 96152 96152 96152 96152 96152 96152 96152 96152 
1 1 1 3 3 4 4 5 6 7 11 12 14 18 21 24 29 41 49 60 86 97 117 144 176 219 286 352 420 522 627 766 900 1084 1317 1619 1937 2337 2808 3370 4085 4878 5830 6965 8341 9917 11802 13976 16544 19502 22837 26552 30825 35389 40379 45458 50629 56013 61144 66141 70684 74956 78593 81816 84609 86865 88692 90152 91399 92347 93145 93727 94222 94608 94894 95135 95310 95457 95571 95658 95745 95788 95846 95880 95902 95915 95929 95944 95956 95964 95968 95970 95973 95977 95980 95981 95982 95983 95983 95984 95984 95984 95985 95985 95985 95985 95986 95986 95986 95986 95986 95986 95986 95986 95986 
1 1 1 1 1 1 1 1 1 1 3 3 3 3 3 4 5 5 5 5 5 12 16 18 19 23 29 35 40 45 60 66 90 117 142 163 193 233 272 317 380 454 549 671 821 1027 1255 1516 1845 2202 2676 3264 4014 4806 5810 6976 8373 9944 11822 14053 16559 19558 22875 26651 30929 35530 40298 45422 50724 56013 61072 66102 70738 74944 78653 81820 84587 86858 88698 90246 91370 92373 93159 93766 94235 94610 94904 95126 95305 95432 95541 95622 95695 95757 95810 95846 95876 95901 95912 95929 95934 95939 95941 95947 95950 95956 95957 95958 95958 95959 95959 95959 95960 95960 95960 95961 95961 95961 95961 95961 95961 95961 95961 95961 
1 1 1 1 1 1 1 2 4 6 6 6 7 8 10 12 15 21 29 31 40 50 58 65 78 97 112 124 148 190 239 283 353 432 519 629 758 921 1102 1350 1609 1916 2367 2908 3543 4240 5133 6097 7257 8733 10443 12476 14773 17452 20480 23940 27727 31883 36476 41476 46649 51874 57200 62295 67187 71662 75659 79203 82349 85022 87194 88978 90400 91573 92547 93289 93876 94349 94704 95000 95228 95419 95565 95669 95775 95848 95894 95930 95960 95983 96011 96026 96036 96045 96051 96054 96061 96067 96073 96075 96079 96079 96080 96080 96080 96082 96084 96086 96088 96089 96089 96089 96089 96089 96089 96089 96089 96089 96089 96089 96089 
1 1 1 1 2 3 4 4 4 6 7 8 9 10 14 15 19 21 24 29 38 46 59 77 82 95 119 150 172 203 235 287 357 434 510 601 733 873 1044 1267 1533 1863 2220 2674 3265 3952 4755 5683 6754 8086 9644 11456 13586 16118 19066 22408 25996 30041 34645 39581 44610 49900 55144 60296 65217 69990 74231 77940 81318 84172 86476 88446 90036 91344 92305 93063 93713 94220 94605 94912 95149 95356 95514 95624 95711 95770 95845 95899 95930 95957 95982 96003 96020 96032 96042 96054 96060 96064 96066 96069 96073 96075 96078 96078 96078 96078 96078 96078 96078 96079 96079 96079 96080 96080 96080 96080 96080 96080 
1 1 1 1 1 1 2 2 3 4 4 6 8 9 9 10 12 20 22 28 36 48 61 70 86 96 116 144 177 223 266 324 386 473 560 669 796 968 1184 1463 1795 2171 2603 3145 3801 4567 5460 6536 7831 9333 11164 13345 15843 18640 21954 25449 29572 34085 38927 43982 49203 54564 59930 64754 69474 73790 77536 80851 83733 86180 88174 89786 91121 92184 92985 93638 94154 94570 94910 95184 95402 95556 95671 95776 95847 95906 95957 95986 96008 96032 96042 96056 96064 96071 96078 96086 96088 96090 96092 96092 96097 96098 96098 96098 96098 96098 96099 96100 96100 96100 96100 96100 96100 96100 96100 96100 96100 96100 
1 1 1 1 1 1 3 4 4 4 6 11 11 16 19 26 31 36 47 64 88 109 138 165 203 247 306 377 466 574 693 847 1009 1216 1490 1789 2186 2668 3248 3880 4594 5509 6567 7860 9465 11302 13431 15895 18737 22003 25669 29631 34198 38986 44050 49350 54595 59749 64813 69551 73885 77729 81150 84022 86413 88379 89953 91205 92183 93047 93678 94219 94584 94923 95174 95374 95527 95665 95772 95853 95925 95966 95996 96033 96052 96066 96082 96089 96097 96102 96107 96113 96118 96120 96123 96124 96126 96130 96130 96130 96130 96132 96133 96133 96133 96133 96133 96133 96133 96133 96133 96133 96133 96133 
