1 0 0 0 0 0 0 0 2 1 1 0 0 0 0 2 3 2 5 3 1 7 8 9 6 2 7 7 15 11 26 27 20 30 32 47 45 52 50 79 77 92 101 116 144 165 155 177 267 277 304 349 373 393 516 576 641 724 857 923 1082 1167 1390 1467 1587 1830 1962 2273 2463 2490 2773 2990 3073 3330 3421 3472 3452 3447 3464 3356 3315 2976 2875 2568 2505 2223 2019 1825 1629 1360 1172 1043 871 733 617 609 483 413 352 251 247 208 168 151 153 118 101 72 55 63 43 32 36 34 15 20 10 19 13 18 10 8 3 2 7 3 2 4 3 2 1 0 2 1 0 0 0 0 0 0 0 1 0 0 0 0 0 0 0 0 0 0 
1 0 0 0 0 0 1 0 2 0 0 2 1 1 0 3 3 0 0 2 4 3 4 7 13 5 11 10 14 12 26 15 16 30 25 37 37 40 59 60 76 77 93 100 119 124 150 190 222 238 287 323 359 392 473 572 579 690 773 933 969 1145 1271 1464 1577 1693 2008 2200 2301 2539 2735 2949 3083 3251 3416 3503 3481 3536 3526 3306 3293 3142 2980 2732 2479 2228 2008 1865 1566 1450 1199 1111 914 771 750 540 530 426 396 285 263 290 192 176 137 107 112 94 80 50 53 52 46 32 31 28 15 15 11 21 9 7 7 9 4 2 6 3 4 0 1 2 1 3 0 1 1 1 1 0 0 0 0 0 0 0 0 0 0 0 0 0 0 0 0 
1 0 0 0 0 0 0 0 1 1 0 0 0 0 1 1 1 0 1 2 0 0 0 0 0 1 2 2 0 1 1 0 3 2 3 4 5 3 4 8 9 5 13 7 18 23 12 18 19 31 34 30 43 40 50 68 63 65 93 105 119 142 151 153 197 195 272 309 339 404 449 501 570 659 804 863 923 1099 1253 1353 1533 1753 1945 2080 2181 2493 2691 2929 3009 3126 3222 3447 3475 3371 3528 3392 3302 3310 3002 2699 2599 2429 2120 1933 1736 1481 1299 1113 963 867 750 665 541 471 374 361 277 242 224 187 142 130 104 86 86 77 57 58 49 36 26 29 17 15 20 12 9 7 10 8 11 5 2 5 3 2 5 1 1 3 1 0 1 2 0 1 0 0 0 0 0 0 1 0 0 0 0 1 0 0 
1 0 0 0 0 1 0 0 1 0 2 0 1 1 3 2 0 2 0 4 4 3 4 4 3 6 10 12 9 9 14 4 12 10 19 16 18 25 19 24 47 43 54 44 70 67 81 101 107 152 165 204 215 227 271 331 365 449 421 533 567 733 807 892 998 1189 1310 1448 1508 1807 1879 2130 2366 2612 2678 2887 3080 3204 3295 3419 3536 3500 3416 3298 3360 3153 2876 2763 2496 2250 2118 1896 1664 1467 1209 1116 1019 832 667 599 527 480 390 344 274 243 207 181 164 134 102 95 62 70 62 38 28 36 20 14 20 13 20 6 6 5 1 10 6 4 1 1 2 4 3 1 0 0 4 1 0 0 0 0 0 0 1 0 1 0 0 0 0 0 0 0 0 
1 0 0 0 1 0 0 0 0 1 0 1 0 1 3 0 2 0 1 1 2 2 3 5 3 6 5 8 10 6 6 16 14 15 13 22 31 26 28 32 39 61 53 64 91 93 115 141 134 152 191 195 227 281 311 390 417 414 568 633 695 769 849 961 1121 1262 1397 1501 1725 1930 2117 2340 2525 2697 2835 3025 3188 3336 3357 3472 3521 3553 3509 3374 3113 2865 2713 2598 2351 2096 1830 1728 1467 1357 1126 992 795 708 614 509 485 393 342 288 228 207 181 134 124 107 82 76 74 48 50 42 31 24 22 10 22 19 14 10 6 3 6 3 8 4 4 3 0 1 1 2 1 0 0 1 0 0 1 0 0 0 0 0 0 1 2 0 0 0 0 0 0 0 0 0 0 0 0 0 
1 0 0 0 0 0 0 0 0 1 0 0 0 0 1 0 0 1 0 0 0 0 3 0 0 0 1 2 0 0 1 0 0 1 2 0 1 1 3 2 0 2 5 1 3 3 3 8 9 8 10 7 5 9 22 19 18 30 26 17 27 34 52 45 51 61 65 80 79 86 117 133 144 179 196 247 212 331 353 384 436 513 540 671 745 835 977 1075 1189 1352 1461 1677 1877 2020 2199 2331 2614 2899 3030 3174 3217 3482 3560 3446 3482 3350 3366 3258 3112 2857 2551 2427 2282 1960 1700 1568 1341 1231 984 901 781 651 554 460 395 374 300 223 208 180 159 131 107 88 80 64 58 49 48 32 37 33 27 14 20 21 9 9 14 5 8 4 8 4 6 3 3 2 1 2 3 0 1 0 0 1 0 1 0 1 1 0 2 0 1 0 0 0 0 1 0 0 0 0 0 0 0 
1 0 0 0 0 0 0 1 0 0 0 0 2 0 1 0 1 3 1 1 3 1 3 3 5 0 0 3 8 4 10 13 13 11 14 17 14 15 22 33 26 31 35 52 56 74 66 79 73 96 147 144 146 187 189 237 282 323 399 459 488 557 600 719 760 936 1045 1210 1290 1429 1612 1842 2017 2171 2408 2597 2686 3021 3201 3384 3444 3570 3393 3453 3396 3355 3269 3120 2741 2597 2440 2249 1943 1770 1605 1425 1213 1089 907 843 677 547 521 420 340 353 285 236 193 177 157 97 115 76 64 55 59 42 36 25 20 19 14 13 7 13 9 5 5 8 5 4 4 3 2 0 3 0 1 1 0 3 0 1 0 1 1 0 1 0 0 0 0 0 0 0 0 0 
1 0 0 0 0 0 0 0 0 0 0 0 
1 0 0 0 0 1 0 0 0 0 0 1 0 0 0 0 0 0 1 2 0 2 3 0 1 1 3 3 2 5 6 5 3 8 7 4 7 19 10 13 16 18 20 31 26 17 33 41 58 61 71 77 82 86 117 144 162 180 201 228 232 312 340 368 412 507 577 695 722 848 964 1086 1237 1352 1517 1712 1850 2086 2217 2446 2725 2823 3011 3202 3299 3492 3423 3431 3436 3408 3284 3186 3067 2764 2612 2407 2181 1985 1732 1524 1355 1191 998 857 792 627 565 493 430 358 322 248 220 185 148 128 110 82 87 61 54 43 38 38 41 31 18 12 9 10 13 4 9 5 6 9 5 6 5 1 1 1 1 1 2 2 0 0 3 1 0 0 0 0 1 0 0 0 1 0 0 0 0 0 0 0 0 
1 0 0 0 0 0 0 0 0 
1 0 0 0 1 0 0 0 0 0 0 0 0 0 0 0 1 0 2 1 0 0 0 1 2 3 0 1 4 5 2 2 3 3 7 7 8 11 4 8 12 24 9 16 21 23 19 33 41 42 42 57 54 67 78 94 107 123 132 190 188 202 227 267 363 395 424 473 573 599 739 845 876 1054 1153 1328 1491 1615 1821 2053 2251 2416 2620 2741 2947 3108 3294 3426 3467 3516 3469 3390 3290 3268 3177 2870 2684 2389 2217 2018 1709 1554 1390 1247 1034 907 814 675 571 472 466 363 310 276 240 187 165 138 120 113 78 67 64 62 40 26 37 26 22 17 17 10 7 15 5 9 6 4 3 6 8 1 4 1 2 2 2 2 2 0 0 2 0 1 1 0 0 1 0 0 0 1 0 0 0 0 0 0 0 0 0 
1 0 0 0 0 0 0 0 1 1 0 0 0 0 0 1 1 0 0 1 2 1 0 0 1 0 0 5 2 2 2 2 6 3 5 0 6 9 10 14 15 10 12 17 30 28 22 26 33 46 54 51 56 77 71 87 108 153 157 185 211 241 253 317 350 410 416 519 585 658 761 924 945 1063 1231 1356 1506 1674 1876 2099 2204 2487 2691 2773 3003 3176 3177 3378 3461 3459 3471 3353 3285 3133 3013 2782 2615 2321 2133 2047 1775 1549 1426 1195 1084 899 762 683 626 498 417 329 337 261 232 184 184 143 118 83 81 56 72 45 41 39 31 17 25 17 18 14 12 3 5 8 7 5 4 4 2 2 2 0 0 1 0 1 2 1 0 0 1 0 0 0 0 0 0 0 0 0 0 0 
1 0 0 0 1 0 0 0 1 0 0 0 0 1 1 1 1 1 0 0 0 0 2 2 0 0 1 5 3 2 4 3 5 1 6 1 10 8 8 7 11 12 12 19 16 24 14 28 36 34 45 39 43 66 81 93 114 97 121 168 166 194 215 233 304 337 393 423 477 561 692 781 785 927 1012 1183 1307 1544 1653 1809 1999 2158 2433 2697 2778 2988 3112 3276 3299 3455 3545 3480 3377 3320 3340 2984 2820 2636 2392 2237 2026 1750 1574 1435 1202 1069 911 813 666 560 483 420 363 341 270 221 190 165 134 120 95 72 73 51 45 38 30 31 20 15 16 16 7 13 10 9 4 4 3 0 3 1 5 2 1 0 0 0 0 1 1 0 1 0 0 0 1 0 0 0 0 0 1 0 0 0 0 0 0 0 0 0 0 0 0 
1 0 0 0 1 1 0 0 0 0 1 0 1 0 1 0 0 0 2 1 2 2 1 0 2 4 7 2 2 3 5 8 6 6 8 18 14 16 15 18 29 20 27 29 27 43 46 49 75 80 87 93 99 144 160 166 186 227 249 278 342 410 403 491 563 638 711 814 984 1065 1190 1356 1427 1729 1920 2034 2164 2461 2702 2835 2969 3206 3311 3367 3544 3457 3538 3444 3460 3251 3036 2829 2641 2486 2147 1967 1770 1506 1405 1169 1002 907 698 626 555 453 407 335 279 269 206 190 142 133 102 88 65 63 52 54 36 30 27 21 24 17 13 5 7 9 8 8 5 9 5 0 1 4 1 1 4 1 0 1 0 0 0 0 0 1 0 1 0 0 0 0 0 0 0 0 0 
1 0 0 0 1 0 0 0 0 0 1 0 0 0 0 0 1 0 0 0 0 1 1 0 0 3 3 0 1 3 2 5 2 2 5 3 3 8 5 13 15 18 15 10 12 20 34 39 32 33 48 46 66 71 73 89 101 114 131 185 179 207 259 274 326 379 415 473 495 652 745 775 977 1055 1196 1282 1488 1615 1696 2005 2123 2359 2579 2696 2904 3157 3243 3324 3406 3539 3510 3526 3453 3202 3071 2885 2720 2418 2231 2086 1740 1604 1466 1235 1067 902 830 687 561 517 464 381 312 259 250 182 171 151 140 119 81 69 60 51 52 36 31 30 24 21 15 8 6 13 6 7 9 2 6 3 1 5 2 0 2 2 1 1 0 1 0 2 0 0 0 1 0 0 1 0 1 0 0 0 0 0 1 0 0 0 0 0 0 
1 0 0 0 0 0 0 1 1 1 3 2 0 1 3 1 3 4 3 4 6 11 4 4 11 10 15 14 16 18 24 27 32 41 31 59 55 65 81 88 106 108 155 146 169 197 250 254 298 351 446 464 548 615 665 695 878 981 1092 1270 1384 1542 1767 1986 2133 2303 2439 2708 2978 3104 3247 3401 3355 3458 3520 3489 3407 3318 3179 2951 2722 2486 2367 2036 1805 1709 1457 1258 1122 904 827 765 598 553 467 388 324 292 232 218 191 143 114 99 88 66 62 51 35 39 28 28 22 17 17 13 14 8 6 6 8 6 9 4 2 2 3 1 4 2 0 0 1 2 0 0 0 1 0 0 0 0 0 0 0 0 0 0 
1 0 0 0 0 0 0 1 2 0 2 0 0 1 0 4 0 3 0 1 0 1 5 2 1 4 7 5 6 7 9 12 9 17 14 18 20 28 29 26 29 30 54 62 45 67 93 89 101 134 143 169 187 189 231 279 328 363 438 453 542 622 695 777 938 1075 1145 1247 1471 1608 1832 1978 2155 2370 2453 2714 2807 3129 3240 3304 3390 3430 3448 3426 3298 3219 3001 3029 2696 2434 2358 2155 1882 1731 1477 1303 1096 947 869 676 633 542 493 355 324 296 232 198 187 166 129 75 82 87 58 59 33 30 34 22 17 16 18 15 12 10 9 7 7 4 3 5 4 5 1 4 1 0 0 1 0 1 0 0 0 0 0 1 0 0 0 0 0 0 0 0 0 
1 0 0 2 0 0 0 0 1 0 0 0 0 0 0 0 0 2 0 0 1 0 4 1 1 0 2 4 3 4 2 4 2 4 12 5 10 8 7 8 12 15 20 35 27 22 39 30 46 24 67 54 80 87 97 93 108 136 173 176 178 207 217 272 320 363 444 503 541 676 787 818 955 1057 1163 1335 1420 1764 1889 2056 2175 2392 2537 2812 3054 3179 3258 3363 3347 3489 3413 3374 3301 3183 3030 2888 2696 2399 2274 2012 1777 1559 1408 1208 1042 842 779 678 547 496 444 358 314 237 221 191 170 117 95 101 72 71 60 57 46 47 25 25 13 20 9 16 15 9 7 4 6 9 1 7 3 0 0 1 1 1 2 0 1 0 1 0 0 0 0 0 0 0 0 
1 0 0 0 0 0 0 0 0 0 0 0 1 0 0 0 0 0 0 1 1 3 0 0 1 2 1 3 1 0 2 2 2 7 5 4 8 7 3 9 9 10 6 13 17 22 23 18 24 40 26 36 45 44 70 86 73 92 111 132 133 182 186 216 273 312 320 436 437 500 578 675 767 900 933 1082 1202 1391 1571 1736 1926 2170 2337 2472 2669 2840 3072 3392 3286 3543 3405 3555 3460 3413 3328 3106 2958 2788 2679 2309 2061 1920 1633 1493 1258 1150 1010 842 730 629 513 457 402 298 306 257 218 169 155 145 104 95 74 75 63 43 42 41 26 36 15 24 11 7 10 11 8 9 2 9 6 5 2 1 2 0 0 0 2 0 0 1 0 0 0 0 0 0 1 0 0 0 0 0 0 0 1 0 1 0 0 0 0 0 0 0 0 0 0 0 0 0 0 
1 0 0 0 0 0 0 0 
1 0 0 0 0 0 0 0 0 0 0 1 0 1 2 3 1 2 0 0 2 4 2 0 4 5 11 4 7 6 11 18 11 20 13 22 22 30 39 44 48 54 59 73 76 95 95 118 111 150 174 207 209 241 324 330 394 470 524 616 639 796 831 932 1094 1209 1376 1496 1643 1906 2126 2375 2465 2628 2890 3037 3271 3264 3594 3547 3403 3446 3414 3264 3266 3010 2718 2612 2364 2070 1951 1742 1571 1377 1114 1027 876 727 643 550 464 402 316 302 226 187 160 145 120 101 94 72 72 43 37 38 34 32 21 18 20 11 11 9 10 6 2 5 1 5 4 2 0 1 1 2 0 0 0 1 1 2 0 0 0 0 0 0 0 0 0 0 0 
1 0 0 0 0 0 0 0 0 3 0 1 2 1 4 1 3 3 1 5 3 5 6 9 9 7 13 18 15 20 25 16 33 28 37 42 46 61 60 79 90 112 122 153 150 174 211 255 300 310 366 421 495 609 610 680 838 921 1009 1182 1346 1502 1594 1805 2042 2158 2308 2580 2782 3012 3185 3271 3371 3503 3486 3570 3516 3422 3174 3076 2877 2653 2456 2228 1972 1807 1548 1338 1216 1092 938 789 665 594 534 433 376 303 257 218 180 140 157 101 109 80 55 52 51 33 40 31 21 17 16 10 10 12 5 2 3 9 3 3 1 2 3 1 3 2 2 0 2 1 0 0 1 0 0 0 0 0 0 0 1 0 0 0 0 0 0 0 0 0 0 0 0 0 
1 0 0 0 0 0 1 0 0 0 1 0 0 1 1 0 1 1 1 1 0 3 2 2 3 0 1 3 3 8 5 5 4 4 6 7 8 12 16 21 17 23 23 30 27 32 43 46 55 54 75 86 91 127 126 146 182 193 217 276 286 333 377 427 471 558 667 763 847 931 1097 1236 1372 1537 1660 1887 2098 2161 2444 2703 2881 2953 3233 3256 3433 3515 3426 3516 3344 3367 3114 3068 2821 2600 2356 2246 1958 1723 1499 1350 1169 1051 888 702 642 530 497 382 319 299 254 224 183 141 142 87 88 82 67 48 48 37 35 29 29 21 19 15 9 10 12 8 6 7 6 6 4 6 4 4 1 4 1 1 1 0 1 2 0 0 0 0 0 0 0 0 
1 0 0 0 0 0 0 1 1 0 0 0 0 0 2 0 1 1 1 1 0 0 1 5 2 3 4 6 3 3 6 8 10 14 13 15 14 24 36 26 35 23 41 55 36 39 72 76 85 126 129 144 160 182 188 256 274 319 343 401 503 542 612 701 720 902 992 1111 1243 1483 1549 1776 2042 2119 2281 2516 2677 2968 3045 3206 3319 3413 3557 3538 3475 3329 3365 3107 2875 2808 2550 2298 1995 1908 1662 1473 1273 1085 925 822 722 603 518 440 398 324 271 249 215 161 147 108 104 95 73 62 44 54 31 41 25 27 18 12 22 12 10 6 10 7 7 3 6 6 3 1 2 2 3 2 2 1 2 0 1 2 0 0 0 0 0 0 0 0 0 0 0 
1 0 0 0 0 1 3 1 0 1 0 1 1 2 1 1 3 1 4 9 2 3 3 7 5 7 7 13 12 14 11 16 19 29 28 18 36 52 67 47 48 73 89 94 88 124 127 156 160 219 268 309 323 335 464 495 545 597 692 864 881 1042 1197 1303 1394 1677 1828 2027 2227 2424 2570 2771 3095 3096 3244 3401 3536 3447 3534 3427 3379 3214 3099 2836 2678 2471 2176 1989 1834 1583 1403 1248 1065 899 771 657 567 477 464 367 304 262 220 191 140 128 116 91 75 61 45 51 41 31 21 21 17 15 13 7 13 12 4 6 8 3 2 2 3 0 1 2 3 1 0 1 1 0 1 2 0 0 0 0 0 0 
1 0 0 0 0 0 2 1 0 0 0 0 1 1 3 1 3 3 0 1 4 4 3 3 5 5 8 5 9 11 8 16 13 19 22 26 31 27 30 56 56 52 63 77 93 94 125 147 152 198 215 242 273 340 359 411 468 515 644 675 781 871 958 1190 1271 1393 1606 1790 1927 2136 2249 2541 2719 2889 3095 3255 3383 3342 3445 3483 3444 3455 3356 3067 2950 2694 2578 2326 2075 1792 1648 1512 1287 1117 964 814 694 627 574 396 405 307 264 238 236 159 157 139 94 74 76 71 59 45 48 42 38 15 21 25 23 15 6 6 10 4 3 4 5 4 1 4 0 1 0 1 1 1 0 0 0 0 0 1 0 0 0 0 0 0 0 0 0 0 0 
1 0 1 2 1 0 0 2 0 1 2 1 1 2 3 3 3 4 3 10 14 8 15 13 14 19 13 18 18 31 26 34 41 34 52 50 69 74 96 86 139 134 138 145 168 233 256 306 314 388 407 495 561 636 695 882 964 1036 1243 1404 1469 1708 1940 2045 2223 2429 2673 2758 3066 3172 3315 3482 3391 3522 3415 3454 3233 3135 3117 2821 2610 2385 2232 2008 1791 1585 1384 1180 993 862 756 666 539 541 390 347 307 243 222 204 140 146 93 97 67 69 60 51 36 32 33 26 21 21 14 11 12 9 8 8 3 1 4 2 3 5 3 1 2 0 2 1 1 2 2 0 0 1 0 0 1 0 0 0 0 0 0 0 0 
1 0 0 0 0 0 1 0 0 0 0 0 1 3 0 0 1 1 0 5 3 4 6 4 6 6 8 8 10 11 15 14 23 19 19 22 22 33 48 45 54 43 66 83 107 91 96 131 157 176 194 230 266 293 357 379 424 507 573 690 763 857 968 1068 1224 1344 1618 1654 1966 2041 2219 2398 2616 2704 3058 3174 3292 3389 3454 3456 3508 3356 3293 3131 3002 2848 2648 2359 2176 1929 1682 1514 1394 1200 1020 871 774 667 550 467 396 366 266 237 246 207 167 140 100 107 104 84 68 46 41 44 29 30 22 26 15 10 8 6 7 10 6 3 5 3 5 1 3 3 1 0 1 0 0 1 1 0 0 0 1 0 0 0 0 0 0 0 0 0 0 
1 0 0 0 0 0 1 0 0 0 1 0 2 1 0 1 0 0 1 2 1 0 2 4 3 4 4 4 5 7 8 11 10 11 15 13 15 24 17 33 19 42 48 46 59 50 87 70 105 107 144 150 181 221 220 285 265 327 405 470 523 548 634 692 891 927 1081 1240 1321 1528 1630 1867 2084 2233 2445 2633 2871 2952 3145 3381 3364 3563 3528 3506 3478 3308 3296 3011 2880 2637 2415 2118 1942 1762 1548 1373 1144 1008 893 769 643 560 531 414 336 283 265 202 181 140 128 88 85 87 56 46 46 35 39 23 22 18 15 15 17 14 11 8 13 4 4 5 0 4 1 1 1 0 2 1 1 2 1 0 0 0 0 1 0 0 0 0 0 0 0 0 0 0 0 0 0 0 
1 0 0 0 0 0 0 0 1 0 1 0 0 0 0 0 0 0 0 
1 0 0 0 0 2 2 0 0 3 2 1 1 1 2 0 6 1 5 6 1 3 6 7 3 5 11 17 8 10 17 15 17 21 26 23 35 29 59 42 44 69 69 68 85 91 117 137 162 206 200 235 253 284 355 393 454 542 597 673 739 874 1018 1098 1295 1399 1467 1698 1952 2101 2235 2521 2675 2913 3012 3094 3282 3408 3495 3522 3424 3357 3324 3161 3004 2746 2546 2370 2166 1963 1650 1447 1337 1156 1032 875 736 627 534 466 407 347 287 258 206 173 152 134 127 106 77 59 45 51 39 33 30 27 20 21 12 12 0 14 13 6 13 4 4 5 4 0 5 0 2 3 0 1 1 0 1 2 1 1 1 0 0 0 0 0 0 0 0 0 
1 0 0 0 0 0 0 0 1 0 1 0 0 0 0 1 1 0 3 2 1 3 6 1 6 2 8 9 6 9 12 5 17 11 15 20 27 23 35 37 45 34 49 61 78 81 88 96 122 144 163 178 209 223 239 323 327 353 437 496 620 666 727 804 926 1061 1262 1346 1517 1597 1848 2055 2281 2538 2621 2873 2904 3115 3315 3316 3545 3623 3492 3386 3208 3119 2960 2782 2603 2414 2148 1896 1664 1569 1389 1183 998 910 738 696 602 451 431 342 307 243 200 180 157 155 105 109 84 62 59 43 50 35 30 31 22 22 21 12 10 11 13 7 4 4 6 2 4 3 5 4 1 0 0 1 0 1 0 0 0 0 0 0 0 0 1 0 0 0 0 
1 0 0 0 0 1 0 0 0 0 0 0 0 
1 0 0 0 0 0 0 1 0 0 1 0 0 1 0 0 1 4 1 0 1 2 6 2 3 4 5 7 6 4 6 4 3 4 16 9 13 19 25 21 23 29 25 43 46 50 49 59 74 80 103 105 117 130 162 201 230 257 271 324 376 393 551 552 625 704 808 929 1023 1163 1272 1438 1623 1789 1977 2246 2397 2574 2794 3002 3143 3254 3368 3380 3467 3448 3660 3335 3196 3043 2863 2696 2431 2109 2111 1862 1550 1379 1218 1068 926 757 672 592 522 390 352 330 229 220 177 162 149 107 110 92 70 60 36 46 47 33 34 18 22 16 13 10 9 6 5 3 1 3 4 7 3 2 2 2 3 1 0 2 2 0 1 3 2 0 0 0 1 1 0 1 0 1 0 0 0 0 0 0 0 0 
1 0 0 0 1 2 0 0 0 0 1 2 3 5 3 5 3 5 4 9 10 9 10 14 13 16 12 22 19 27 31 38 48 54 46 64 65 97 93 114 132 149 180 213 248 257 294 359 419 497 548 618 712 753 828 993 1176 1372 1416 1617 1790 1948 2154 2315 2542 2711 2931 3109 3320 3368 3407 3530 3603 3553 3318 3201 3181 3025 2788 2462 2279 2053 1850 1705 1393 1215 1103 945 838 688 590 514 440 374 335 301 239 228 163 139 116 101 73 85 83 61 40 36 37 26 23 23 17 10 13 12 8 8 7 6 4 4 4 4 2 0 0 1 3 0 1 2 0 1 0 0 0 0 0 1 0 0 1 0 0 0 0 0 0 0 0 
1 0 0 0 0 0 0 0 0 2 0 0 0 0 0 1 1 4 1 0 0 0 2 2 3 2 2 1 0 6 2 0 4 3 3 2 4 2 5 12 6 6 9 14 9 14 16 18 27 22 35 42 42 38 50 63 76 76 85 91 109 146 144 164 201 266 250 320 381 396 447 541 638 683 818 893 1015 1048 1376 1371 1643 1753 1968 2140 2266 2500 2787 2829 3107 3226 3411 3464 3464 3468 3461 3355 3284 3024 2866 2747 2567 2342 2035 1942 1588 1397 1244 1121 958 871 729 618 574 463 356 306 272 252 225 183 129 107 120 101 82 73 51 50 47 34 31 17 25 21 12 13 9 16 10 4 5 6 2 4 3 1 6 4 0 1 3 0 1 2 1 1 1 0 2 1 0 0 1 0 0 1 0 0 0 0 0 1 0 0 0 0 0 0 0 0 0 0 0 0 
1 0 0 0 0 
1 0 0 0 1 1 1 0 0 0 0 0 3 3 3 1 3 7 2 4 6 4 6 10 10 11 17 14 18 20 21 17 29 30 38 61 48 62 76 71 90 98 122 148 158 202 212 226 280 330 352 402 455 559 608 711 773 853 979 1075 1244 1447 1553 1734 1924 2104 2259 2448 2681 2898 3011 3142 3214 3448 3425 3485 3411 3346 3227 3124 2946 2688 2498 2327 2077 1921 1703 1463 1337 1166 979 880 781 635 574 451 395 379 309 233 213 179 162 160 110 99 87 63 67 56 32 49 29 25 19 22 16 14 12 11 10 10 4 5 6 2 4 2 3 1 2 3 1 1 0 2 2 0 1 0 0 1 0 0 0 0 0 0 0 0 0 0 0 0 0 0 
1 0 0 0 0 0 0 0 0 1 1 0 0 0 2 1 0 1 1 0 2 0 1 1 0 4 4 3 3 4 11 9 8 8 8 1 13 19 21 16 24 29 29 32 38 48 55 45 56 77 88 91 128 140 136 159 209 219 262 309 343 355 421 430 580 648 749 852 909 1010 1185 1325 1461 1576 1821 1985 2188 2421 2620 2772 2955 3067 3323 3372 3452 3590 3452 3399 3293 3143 3062 2881 2610 2431 2234 1978 1766 1594 1416 1278 1040 912 802 631 609 479 401 371 290 283 233 187 172 122 122 122 87 67 55 45 33 48 24 29 31 19 13 17 13 12 9 11 4 5 5 3 4 2 4 1 0 2 0 0 0 1 1 0 1 0 0 1 0 0 0 1 0 0 0 0 0 0 0 0 0 0 0 0 
1 0 0 0 0 2 1 1 1 1 0 1 0 2 1 3 2 1 8 3 4 11 4 7 6 17 13 13 14 18 15 24 34 42 27 50 57 71 55 78 87 87 97 123 168 158 197 235 284 319 346 352 439 502 594 630 761 871 959 1055 1187 1407 1566 1671 1894 2088 2317 2437 2608 2914 2903 3231 3406 3365 3545 3598 3420 3473 3286 3167 2969 2868 2513 2411 2228 1882 1711 1563 1310 1189 985 879 718 638 605 482 441 325 274 254 219 171 148 126 99 84 84 67 53 44 45 37 23 21 20 13 11 13 10 6 13 5 8 3 5 2 1 3 0 2 1 0 0 0 0 0 0 0 0 0 0 0 
1 0 0 0 0 0 0 0 0 1 0 2 0 0 2 1 2 0 0 5 2 2 6 3 1 3 6 9 6 5 10 12 8 12 15 16 17 22 23 18 25 40 38 48 66 49 83 77 90 114 137 154 176 197 226 283 303 359 352 422 481 604 703 767 844 957 1099 1232 1376 1597 1738 1897 2121 2308 2524 2674 2831 3175 3120 3280 3415 3556 3633 3542 3363 3288 3220 2944 2876 2491 2376 2069 1930 1671 1413 1294 1145 1021 806 666 603 594 441 376 317 292 225 193 191 163 139 106 101 66 78 51 50 44 35 35 26 17 18 14 17 8 9 7 11 4 7 2 3 6 1 1 1 1 1 0 1 1 0 2 0 0 1 0 0 0 0 0 0 1 0 0 0 0 0 0 0 0 
1 0 0 0 3 0 0 0 0 1 0 1 1 0 0 0 1 1 1 4 0 2 1 0 2 1 2 7 3 6 7 4 9 8 11 11 16 21 11 14 22 22 30 37 43 43 43 66 77 80 89 109 121 155 166 191 246 274 299 289 364 462 499 592 680 762 884 942 1081 1233 1364 1531 1719 1889 2035 2274 2585 2673 2970 2916 3270 3353 3395 3489 3563 3454 3307 3306 3173 3023 2789 2668 2394 2171 1923 1733 1532 1354 1179 1011 825 745 664 521 469 412 343 298 242 193 189 179 124 120 84 76 55 61 47 40 42 24 27 20 21 16 10 15 5 9 3 6 3 3 2 1 2 1 1 1 2 1 1 1 1 1 0 0 2 0 0 0 0 0 1 0 0 0 0 0 0 0 0 0 
1 0 0 0 0 1 1 0 3 0 0 3 2 1 2 2 4 4 6 1 3 3 4 7 10 11 11 15 13 8 22 15 26 36 30 30 34 40 50 54 76 80 84 96 112 139 153 175 184 239 291 311 388 448 458 577 569 689 812 902 1000 1148 1311 1417 1624 1698 1985 2065 2330 2518 2712 2934 3057 3181 3380 3471 3500 3452 3349 3343 3245 3080 2950 2748 2580 2312 2083 1843 1677 1500 1356 1091 1006 878 682 617 545 474 427 320 273 236 218 190 131 106 95 90 74 68 59 39 49 25 30 21 25 24 14 6 9 11 3 7 1 3 3 3 7 4 2 1 1 0 1 2 0 2 0 0 0 0 0 0 0 0 0 0 0 0 0 
1 0 0 0 0 0 2 0 1 0 1 3 1 0 2 3 5 4 1 2 5 6 14 6 12 9 11 14 13 21 22 25 36 36 39 49 47 61 78 92 110 95 121 148 161 213 237 250 317 362 393 419 500 543 656 749 885 936 1135 1150 1373 1506 1685 1843 2087 2186 2423 2629 2785 2956 3150 3346 3380 3308 3459 3474 3457 3273 3255 3031 2828 2655 2427 2194 1910 1789 1563 1382 1264 920 899 786 666 582 451 435 345 296 223 214 186 164 127 113 81 83 55 57 51 36 32 34 25 14 11 13 8 8 7 5 5 11 8 4 2 3 4 0 3 1 1 0 1 2 0 0 0 0 0 1 0 0 1 0 0 1 0 0 0 0 0 0 0 
1 1 2 1 0 1 3 1 2 1 6 3 4 6 2 5 5 7 12 16 10 9 9 15 17 24 22 30 24 34 45 59 71 64 82 102 133 126 141 180 198 241 253 328 308 427 420 518 624 683 792 840 978 1154 1245 1396 1596 1803 1909 2100 2263 2487 2699 3000 3046 3185 3371 3411 3465 3523 3485 3419 3300 3250 2972 2757 2566 2319 2109 1938 1687 1470 1265 1088 937 810 711 632 539 437 387 374 254 233 188 176 169 145 111 106 65 73 49 49 39 33 36 21 22 22 23 11 4 8 10 5 8 9 1 7 5 4 4 3 4 1 1 2 1 0 1 1 1 0 1 0 1 0 0 0 0 0 0 0 0 0 0 0 0 
1 0 0 0 0 2 2 0 1 1 0 2 2 4 2 3 5 6 2 6 4 6 8 13 0 12 16 13 23 18 18 28 35 46 33 46 61 60 79 76 104 107 136 153 165 245 225 264 279 330 411 447 479 581 690 728 861 937 1037 1257 1355 1524 1633 1889 2068 2211 2435 2662 2751 2964 3226 3287 3426 3573 3449 3432 3456 3344 3235 2952 2854 2585 2389 2079 1888 1757 1577 1342 1173 1042 920 735 644 561 446 397 364 291 277 234 187 150 128 106 82 71 67 61 36 44 33 28 18 23 15 14 16 12 9 6 5 5 5 6 4 3 3 2 2 2 2 1 1 1 0 0 0 0 0 0 0 0 0 1 0 0 0 1 0 0 1 0 0 0 0 0 0 0 0 0 0 0 0 
1 0 0 0 0 1 0 0 0 2 0 1 2 2 6 3 2 0 4 5 7 6 8 9 14 7 8 23 16 17 25 28 25 39 53 57 46 62 63 76 99 110 142 145 183 209 258 268 281 330 457 435 485 701 761 805 877 1046 1101 1305 1473 1631 1801 1996 2171 2240 2557 2649 2995 3113 3222 3336 3419 3565 3425 3376 3415 3282 3044 2988 2759 2508 2192 2063 1817 1692 1449 1320 1132 933 810 700 565 532 465 360 300 300 244 202 169 154 120 117 89 77 55 48 40 42 43 32 19 14 15 14 12 11 12 5 5 1 1 8 3 2 1 0 0 3 1 0 1 0 1 2 0 0 0 0 1 0 0 0 0 0 0 0 0 0 
1 0 0 0 1 1 1 1 0 1 0 0 0 3 0 5 3 2 2 2 2 0 1 4 9 2 7 3 10 8 11 9 15 10 19 18 17 32 28 35 33 47 45 58 63 68 80 92 108 108 138 195 208 225 237 299 307 387 410 500 568 667 771 881 900 1057 1167 1369 1545 1684 1852 2040 2205 2487 2653 2816 3033 3146 3228 3379 3498 3499 3432 3449 3311 3232 3085 2783 2598 2481 2137 1903 1714 1520 1347 1237 1026 892 779 663 578 506 426 337 301 256 211 174 133 122 112 101 83 70 59 44 40 35 29 29 25 23 13 13 12 7 9 10 10 6 4 3 3 2 4 1 0 1 0 2 2 0 1 0 0 0 0 0 1 0 0 0 0 0 0 0 0 0 
1 0 0 1 1 0 1 0 1 4 2 3 4 1 2 2 5 7 4 3 8 9 8 12 14 16 18 23 23 19 36 29 59 45 51 58 67 83 94 102 130 138 169 153 186 259 316 299 375 404 451 536 586 614 727 901 1035 1144 1242 1381 1567 1782 1956 1951 2319 2503 2752 2929 3054 3246 3224 3415 3483 3433 3504 3396 3305 3208 2862 2722 2541 2286 2159 1920 1617 1480 1335 1108 972 806 714 634 521 479 399 346 288 243 214 222 159 142 101 114 73 70 54 43 40 40 31 26 20 20 11 6 14 10 3 10 2 5 3 5 4 3 2 1 1 3 0 1 0 3 0 0 0 1 1 2 0 1 0 0 2 1 0 0 0 0 0 0 0 1 0 0 0 0 0 
1 0 0 0 1 1 0 0 1 0 0 0 1 2 0 1 2 1 1 2 0 6 7 7 5 6 16 5 8 8 21 19 19 18 28 19 52 50 47 68 60 73 91 100 134 149 144 165 183 216 261 369 369 397 420 513 598 722 759 881 954 1117 1320 1456 1578 1691 1889 2138 2363 2504 2696 2903 3098 3173 3330 3418 3426 3494 3541 3369 3283 3103 3059 2769 2548 2328 2169 1894 1672 1461 1278 1118 1007 826 758 627 522 422 364 368 285 229 182 153 149 113 105 82 78 74 44 42 40 25 26 23 19 16 16 12 10 8 9 4 4 6 1 3 1 2 1 0 1 0 1 0 3 0 0 0 0 2 0 0 0 0 0 0 0 0 0 0 0 0 1 0 0 0 0 0 0 0 0 0 
1 0 0 1 0 0 0 0 2 0 0 1 2 0 0 0 3 1 2 1 0 0 4 2 3 6 9 4 5 7 4 12 10 10 16 16 21 25 25 31 29 28 45 45 53 62 64 93 122 100 135 169 143 185 221 256 294 346 395 403 488 572 637 786 838 951 1093 1235 1381 1556 1742 1864 2146 2271 2460 2677 2845 3088 3233 3401 3364 3462 3543 3497 3469 3361 3214 2987 2817 2688 2377 2137 1858 1778 1462 1305 1128 979 828 760 644 528 461 364 309 290 244 202 156 142 119 108 81 70 55 44 48 43 33 21 28 18 10 12 7 3 6 6 5 3 5 2 2 2 2 3 2 1 2 1 0 0 0 0 0 1 0 1 2 0 0 0 0 0 0 1 0 0 0 0 0 0 0 0 
1 0 0 0 1 0 1 0 1 3 4 2 3 3 2 8 4 3 12 11 7 11 12 18 13 19 12 29 20 33 48 42 53 56 65 80 85 91 151 119 144 181 188 225 278 330 351 356 436 481 607 668 708 841 910 1048 1194 1303 1569 1624 1831 2070 2239 2421 2574 2859 2936 3182 3175 3520 3442 3514 3589 3446 3405 3236 3024 2815 2607 2428 2179 1965 1695 1538 1433 1159 989 896 788 684 604 539 416 339 299 262 221 181 166 133 110 95 83 87 54 50 32 42 38 22 25 20 15 9 14 5 10 5 7 4 3 1 1 1 4 1 3 2 3 1 3 1 0 1 2 3 0 1 1 0 1 1 0 0 0 0 0 0 0 
1 0 0 0 0 0 0 1 0 1 1 0 1 1 0 1 1 0 1 0 3 1 1 4 4 3 5 2 3 1 5 12 12 9 13 18 15 20 19 26 28 28 39 62 53 64 78 62 74 106 117 137 173 165 208 250 295 337 365 430 516 536 651 746 849 937 989 1176 1365 1547 1662 1866 2055 2155 2431 2646 2802 3019 3119 3211 3372 3430 3444 3517 3392 3278 3148 3003 2851 2584 2499 2161 2056 1826 1585 1366 1165 1111 898 798 700 569 527 410 376 323 262 235 179 173 152 96 100 70 61 57 46 29 43 31 31 28 23 19 9 14 9 10 8 2 3 3 6 1 3 2 1 1 0 0 3 1 2 0 0 0 0 0 0 0 0 1 0 0 0 0 0 0 0 0 0 0 
1 0 0 0 1 0 1 1 0 0 1 2 0 1 4 3 0 5 2 6 5 0 4 5 8 8 11 9 20 15 18 18 23 17 28 38 37 55 56 51 69 79 97 96 143 146 169 171 198 249 319 331 370 445 530 542 654 689 795 965 1063 1240 1315 1478 1642 1838 1991 2170 2473 2673 2830 2966 3141 3280 3406 3413 3463 3479 3474 3447 3213 3091 2776 2672 2428 2242 1994 1763 1569 1356 1247 1087 881 790 672 570 489 411 335 297 257 210 184 141 136 103 104 73 76 65 36 44 35 22 25 19 15 11 19 13 10 10 5 6 2 1 3 7 1 3 2 1 0 0 1 1 0 1 0 2 0 0 0 0 0 0 0 0 0 0 0 0 0 0 0 0 
1 0 0 0 0 0 0 0 2 0 0 0 0 0 0 0 0 0 
1 0 2 0 0 2 2 0 0 2 0 1 5 5 7 5 5 6 5 7 15 17 11 20 22 19 29 26 24 42 48 46 48 78 70 96 109 117 145 137 159 219 211 276 297 342 394 430 518 638 647 805 852 980 1157 1232 1371 1630 1727 1938 2122 2300 2547 2750 2868 3125 3258 3372 3459 3531 3523 3457 3330 3333 3182 2951 2735 2590 2279 2098 1900 1648 1472 1301 1137 954 839 710 595 511 432 392 328 290 219 188 176 111 134 103 84 65 68 46 43 39 37 23 23 21 18 15 12 12 10 9 3 2 3 3 6 2 2 1 0 2 2 2 1 0 1 0 0 0 1 0 0 1 0 0 0 0 1 1 0 0 0 0 0 0 0 0 0 
1 0 0 0 0 0 0 0 1 0 0 0 0 1 0 0 1 0 0 1 1 0 1 0 4 1 1 1 3 3 2 8 6 4 6 3 2 8 10 11 10 13 16 16 19 20 40 36 29 41 52 50 56 78 94 93 94 125 133 140 224 198 230 261 289 338 426 452 552 555 704 815 855 1009 1106 1236 1354 1554 1682 1912 2137 2293 2563 2703 2839 3052 3169 3288 3282 3548 3526 3429 3376 3274 3233 2894 2889 2567 2353 2194 1916 1646 1427 1241 1142 967 907 693 643 544 445 434 347 266 210 193 187 149 126 110 72 70 62 54 43 47 41 26 24 22 12 17 12 14 10 7 4 3 3 0 4 3 5 0 4 2 0 2 1 2 0 0 0 0 0 2 0 0 0 0 0 0 1 0 0 0 0 0 0 0 0 0 0 
1 0 0 0 0 0 0 0 1 0 1 2 0 0 0 0 0 1 2 0 0 1 1 1 3 1 1 2 5 3 3 2 1 9 6 11 10 4 14 11 20 15 17 12 17 35 25 43 34 39 53 55 58 60 81 104 123 114 154 144 173 222 241 286 324 375 383 460 574 614 681 783 936 980 1163 1279 1426 1561 1776 1997 2156 2392 2564 2735 2992 3179 3119 3467 3479 3449 3533 3458 3311 3178 3059 2920 2649 2487 2247 2080 1853 1574 1446 1164 1087 913 820 738 540 508 442 375 305 260 231 205 171 123 110 72 80 77 59 56 31 34 26 24 25 11 19 19 7 13 9 2 7 4 2 3 6 1 5 0 1 2 0 0 1 0 1 0 0 2 0 0 0 0 0 0 1 0 0 0 0 0 0 0 
1 0 0 0 0 0 0 0 1 0 0 2 0 0 0 1 0 0 0 0 1 2 0 0 0 4 2 1 3 1 1 1 3 8 4 7 7 9 7 12 13 14 8 18 16 30 28 31 35 37 47 58 66 91 90 96 109 124 151 198 194 232 296 330 337 421 502 506 605 695 827 953 962 1137 1281 1446 1619 1827 2032 2147 2419 2564 2745 2923 3057 3292 3444 3371 3420 3431 3479 3346 3328 3177 2848 2656 2547 2264 2000 1794 1687 1433 1341 1103 955 797 660 626 529 424 378 318 253 211 177 152 159 114 83 80 68 58 70 41 39 26 25 22 20 16 10 16 5 11 6 2 8 4 3 4 5 3 0 4 1 1 1 1 1 1 1 1 2 0 0 0 0 0 0 0 0 0 0 0 0 
1 0 0 0 0 0 0 0 0 0 0 
1 0 0 0 0 0 0 1 0 0 2 1 1 1 2 0 0 0 1 2 2 3 4 3 3 5 4 5 8 8 9 9 9 14 18 16 19 32 25 39 36 35 41 49 74 59 68 103 120 127 158 186 188 214 256 327 340 382 426 493 600 633 716 828 882 1064 1153 1428 1522 1584 1781 1966 2161 2438 2599 2770 2951 3140 3119 3298 3521 3448 3490 3390 3270 3219 2964 2793 2644 2510 2281 2048 1787 1562 1357 1284 1034 922 802 702 572 539 406 376 308 237 225 201 176 142 118 93 89 76 55 56 47 45 28 24 16 26 17 13 12 13 15 4 5 5 11 4 5 2 1 3 1 5 1 3 1 2 1 1 3 0 0 0 0 0 0 1 0 1 0 0 0 0 0 0 0 0 0 
1 0 0 0 0 
1 0 0 1 1 0 0 1 0 0 3 0 0 1 0 1 2 2 1 5 3 7 6 4 8 5 8 14 12 11 20 22 18 30 34 26 47 44 67 73 68 99 87 95 124 131 151 176 221 255 298 329 360 407 471 535 621 690 813 924 962 1116 1251 1510 1517 1781 1966 2184 2305 2474 2775 2949 3086 3277 3350 3469 3462 3499 3480 3412 3313 3145 2871 2660 2547 2272 1993 1830 1661 1468 1226 1081 916 830 682 626 508 461 390 324 274 194 193 172 138 127 123 82 77 52 50 41 48 36 33 17 23 17 14 16 12 4 4 2 4 3 2 0 3 2 0 1 4 0 0 0 0 0 1 0 0 0 0 0 0 0 0 0 
1 0 0 0 0 0 0 1 1 0 4 1 0 4 0 3 2 1 2 1 2 1 3 4 4 10 10 3 7 4 12 10 15 19 18 14 15 30 29 28 38 36 41 51 54 84 73 81 117 121 145 151 172 211 262 296 349 368 412 480 525 665 742 824 928 1031 1199 1319 1491 1568 1846 1976 2150 2265 2527 2763 2918 3152 3255 3375 3384 3438 3506 3405 3380 3196 3156 2983 2699 2553 2237 1951 1886 1614 1447 1270 1109 980 813 646 580 550 413 374 299 265 225 193 158 134 110 110 84 59 50 60 41 45 32 22 24 15 11 17 11 12 6 9 2 7 5 5 0 5 3 2 0 1 0 0 1 0 0 0 0 0 0 
1 0 0 0 0 0 0 0 0 1 0 1 0 0 0 0 0 1 0 1 0 2 2 2 6 1 4 6 6 4 14 6 12 22 23 20 16 33 24 31 43 38 72 68 67 86 82 114 123 146 162 190 208 252 304 334 381 401 475 578 672 752 807 955 1070 1174 1376 1553 1621 1802 2013 2204 2427 2606 2871 2869 3136 3400 3484 3428 3503 3475 3414 3379 3267 3063 2831 2709 2459 2165 1946 1775 1508 1410 1219 1015 909 805 625 625 488 392 347 297 266 215 165 167 149 117 109 77 67 61 47 40 35 30 33 19 16 10 12 10 9 5 6 5 5 4 5 1 3 3 1 0 0 0 0 1 2 1 0 2 1 0 0 0 0 1 0 0 0 0 0 0 0 
1 0 0 0 0 0 1 0 0 2 0 2 0 1 0 4 1 2 3 5 2 2 3 4 5 12 5 5 13 10 11 18 16 20 19 29 28 33 40 37 48 70 77 73 73 93 122 139 168 214 230 200 254 303 352 407 542 562 628 704 781 891 1024 1099 1299 1474 1633 1756 1964 2104 2332 2519 2787 2869 3129 3190 3351 3562 3579 3519 3530 3220 3273 3082 2986 2687 2511 2253 1997 1784 1606 1440 1224 1093 882 834 677 628 565 442 371 318 253 250 205 172 141 124 110 86 91 57 55 50 41 30 30 34 16 20 15 12 19 8 12 6 7 7 3 5 5 3 3 4 1 2 1 2 0 1 0 0 1 0 0 0 0 0 
1 0 0 0 0 1 0 0 0 0 0 0 0 1 1 0 0 0 0 0 1 3 0 0 0 1 1 2 3 2 3 4 3 3 3 3 9 10 11 7 10 9 11 25 22 34 28 22 31 33 43 60 52 59 89 75 103 118 148 138 184 211 228 246 306 313 396 466 517 558 647 729 887 968 1029 1237 1496 1532 1766 1878 2065 2278 2569 2630 2913 3060 3190 3380 3516 3449 3493 3426 3411 3317 3219 2994 2775 2513 2264 2173 1847 1687 1437 1287 1169 1052 808 775 663 563 449 399 328 290 232 233 188 153 134 98 95 68 55 52 44 36 39 33 20 22 13 16 13 12 14 6 8 6 5 2 3 5 4 0 3 3 1 0 1 0 0 0 1 0 0 0 0 0 0 0 
1 0 0 0 1 0 1 2 1 2 2 1 2 6 3 5 4 4 5 6 3 5 9 8 14 21 14 16 12 18 35 42 44 40 48 52 58 87 81 105 126 112 160 192 208 240 237 324 366 428 463 519 614 770 808 816 1063 1052 1310 1409 1618 1784 1946 2151 2356 2481 2710 2960 3059 3122 3481 3437 3480 3345 3437 3386 3289 3260 2966 2712 2543 2280 2058 1836 1629 1363 1287 1085 946 841 699 617 562 473 392 343 264 212 195 183 146 131 105 99 71 59 51 47 34 30 29 26 24 13 11 15 12 10 6 4 8 5 2 2 0 2 2 2 1 3 1 0 1 0 0 0 0 0 0 1 0 0 0 0 0 1 0 1 0 0 0 0 0 0 1 0 0 0 0 0 0 0 0 0 0 0 
1 0 0 0 1 0 0 0 2 2 0 0 0 2 4 4 3 3 9 4 8 7 13 10 14 15 12 19 26 31 22 35 38 44 66 62 73 73 81 107 128 142 170 193 222 236 243 297 324 418 463 518 611 704 776 864 1003 1147 1294 1419 1592 1755 1925 2209 2352 2566 2746 2909 3128 3234 3451 3428 3486 3434 3411 3383 3227 3214 2929 2722 2492 2359 2102 1843 1609 1458 1223 1130 944 862 682 597 549 465 353 329 287 234 205 156 123 99 117 86 72 54 51 60 18 24 28 18 17 19 6 13 9 8 8 5 2 9 6 3 2 0 1 0 0 3 0 2 1 1 2 0 1 0 0 0 0 2 0 0 0 0 0 0 0 0 0 0 0 0 0 0 0 0 0 0 0 0 
1 0 0 1 1 1 0 0 1 0 0 1 0 1 0 3 3 1 2 3 6 5 2 3 3 5 9 5 9 10 10 11 9 18 23 16 23 30 36 42 47 45 57 79 79 92 118 123 145 170 199 207 272 257 350 348 428 489 528 603 689 829 922 1065 1130 1244 1581 1582 1796 1999 2165 2475 2654 2735 2973 3106 3249 3432 3525 3498 3526 3518 3330 3206 3057 2904 2730 2489 2208 1951 1848 1583 1402 1238 1082 878 844 634 604 550 409 358 299 240 203 178 157 134 118 121 84 64 50 60 29 25 49 39 27 19 15 17 5 13 10 10 3 3 4 5 4 1 2 2 1 1 2 1 2 0 1 0 1 0 0 0 1 0 0 0 0 0 0 0 
1 0 0 0 0 0 0 0 1 0 1 1 3 0 0 0 2 4 3 3 6 7 8 7 7 4 10 12 5 14 17 12 23 23 28 30 31 31 43 40 57 59 76 81 99 104 134 141 151 185 240 265 277 334 341 399 472 553 630 704 853 955 1022 1226 1380 1488 1718 1932 2028 2204 2492 2614 2878 2999 3249 3360 3366 3538 3462 3503 3413 3303 3260 3111 2918 2655 2291 2198 1918 1726 1508 1364 1130 1071 908 759 703 578 452 433 342 293 250 223 183 121 118 118 95 75 73 62 51 45 29 19 24 15 21 16 15 12 13 8 5 11 3 2 3 2 2 2 2 2 1 3 2 0 0 0 0 0 0 1 0 0 2 0 0 0 0 0 0 0 0 0 0 1 0 0 0 0 0 0 0 0 0 0 0 0 
1 0 0 0 0 0 0 0 0 0 1 1 0 0 0 0 0 0 0 2 0 2 3 4 4 1 0 5 2 2 3 3 4 4 8 9 10 4 12 10 12 16 17 21 19 25 22 33 57 43 44 65 64 80 102 96 118 122 148 190 216 240 292 318 397 390 478 558 612 659 771 913 982 1146 1306 1448 1627 1845 1948 2128 2377 2563 2830 2972 3182 3293 3255 3491 3471 3466 3407 3367 3196 3018 2972 2689 2526 2293 2018 1800 1643 1430 1169 1124 936 835 709 593 502 428 359 291 255 233 200 148 126 114 100 75 65 65 60 52 33 40 26 19 16 12 14 11 15 11 12 6 2 6 4 1 5 4 4 0 1 1 2 0 1 3 0 0 1 2 0 0 0 0 0 0 0 0 1 0 0 0 0 0 0 0 
1 0 0 0 0 0 0 0 1 1 0 1 0 1 1 0 2 1 2 6 3 2 6 2 7 4 10 4 6 10 9 16 20 23 17 15 26 22 32 35 36 50 62 61 80 81 102 104 153 151 135 191 226 256 279 353 407 419 494 520 636 719 864 956 1024 1171 1322 1468 1652 1892 2028 2198 2286 2616 2815 3013 3119 3261 3342 3396 3478 3413 3511 3357 3147 3007 2871 2658 2440 2180 1978 1664 1596 1356 1262 1143 950 771 698 633 500 434 367 335 257 253 189 167 161 121 91 86 65 52 57 38 41 31 18 23 26 20 11 23 8 12 11 6 3 5 11 3 3 3 2 1 1 4 2 1 0 0 1 0 0 1 0 0 1 2 0 0 0 0 0 0 0 0 0 0 0 0 0 0 0 
1 0 0 1 0 0 0 0 0 0 0 0 0 2 0 0 0 0 1 2 2 3 2 1 3 1 7 4 2 3 4 6 6 4 8 12 9 19 11 24 21 26 20 27 40 59 54 67 58 68 78 95 133 129 158 168 216 258 296 331 322 420 448 554 618 705 859 945 1052 1204 1332 1525 1642 1716 2128 2222 2413 2603 2762 2976 3227 3213 3377 3439 3497 3593 3408 3424 3152 3105 2921 2681 2416 2172 2083 1781 1636 1350 1214 1045 879 772 668 557 524 426 354 317 249 197 189 158 126 132 100 81 68 50 60 52 26 37 24 23 17 15 11 11 10 12 9 3 7 4 3 3 3 1 2 1 0 1 1 1 0 0 0 2 0 0 1 0 0 0 0 0 0 0 0 
1 0 0 0 1 0 0 0 0 1 0 1 0 0 0 3 1 0 0 1 1 1 3 1 1 2 1 0 2 6 3 3 3 5 6 7 10 10 8 10 12 22 14 17 18 31 38 38 44 51 57 58 67 87 108 113 137 149 162 189 259 280 268 340 376 417 495 563 666 732 762 951 981 1211 1328 1448 1697 1754 1926 2205 2468 2577 2871 2998 3136 3250 3530 3479 3397 3503 3501 3399 3181 3113 2826 2680 2455 2304 2053 1814 1537 1439 1205 993 898 762 643 571 515 406 310 267 236 206 180 163 119 106 86 71 56 60 58 36 28 22 27 23 9 11 16 7 10 7 6 5 5 8 4 4 1 1 0 1 0 0 0 0 0 0 1 0 0 1 0 0 1 0 0 0 0 0 0 0 0 0 0 0 0 
1 0 0 0 0 0 0 0 0 1 2 0 1 0 0 1 0 5 2 3 0 3 2 2 1 1 4 4 8 4 10 1 3 12 7 10 12 16 17 20 26 17 20 32 42 44 47 61 75 76 100 120 120 141 135 176 220 234 284 348 365 448 470 556 631 710 820 876 1017 1173 1296 1445 1603 1837 2024 2179 2323 2590 2711 2928 3145 3261 3337 3459 3417 3353 3463 3279 3246 3080 2925 2789 2462 2242 2069 1814 1639 1468 1261 1119 941 845 653 614 554 410 402 303 283 236 182 169 149 95 101 81 67 67 51 29 39 27 28 26 16 13 14 8 8 7 6 4 3 4 3 2 4 0 2 1 3 0 1 0 2 1 0 0 0 0 0 2 0 0 0 0 0 0 0 0 
1 0 0 0 0 0 1 0 0 0 2 1 0 1 0 6 1 4 2 3 3 11 3 8 4 4 8 10 12 22 21 11 19 19 31 26 28 51 47 58 67 72 73 91 119 128 158 189 186 233 266 296 345 386 496 520 610 679 796 891 965 1173 1271 1417 1594 1766 2036 2106 2320 2517 2720 2870 3091 3242 3352 3506 3417 3481 3476 3385 3296 3109 2947 2583 2559 2340 2050 1851 1697 1493 1266 1106 959 811 716 659 511 469 400 292 318 257 173 179 145 120 103 101 86 67 50 29 35 43 30 17 23 11 16 11 11 9 3 2 7 7 5 3 4 2 3 1 2 2 0 2 2 0 2 1 0 1 0 0 0 1 1 1 0 0 0 0 1 0 1 1 0 0 1 0 0 0 0 0 0 0 0 0 0 0 0 1 0 1 0 0 0 1 0 0 0 0 0 0 0 1 0 0 0 0 1 0 0 0 0 0 0 0 0 1 0 0 0 0 0 0 0 0 1 0 1 0 0 1 0 0 0 0 0 0 1 0 0 0 0 0 0 0 0 0 
1 0 0 0 0 0 0 0 2 0 1 1 2 1 1 0 2 0 6 2 3 4 2 10 9 7 11 9 12 10 28 15 19 22 40 49 38 40 55 71 85 88 91 112 141 176 175 212 241 275 316 366 409 458 496 628 661 759 914 1085 1102 1248 1413 1644 1768 2015 2128 2482 2538 2660 2836 3067 3260 3390 3325 3489 3393 3534 3422 3232 3069 2866 2717 2612 2238 1995 1850 1635 1524 1288 1124 932 828 748 630 497 417 397 345 293 242 195 187 158 123 118 83 74 49 52 44 52 23 36 25 34 25 17 8 6 11 3 9 3 4 3 1 2 4 4 0 2 0 0 0 0 0 1 0 0 1 0 0 0 1 0 0 0 0 0 0 0 0 0 0 0 0 
1 2 1 4 2 0 3 1 3 5 9 5 3 4 6 7 12 9 11 16 19 15 17 21 25 29 27 41 39 44 55 72 88 77 106 104 127 174 164 178 229 271 297 360 396 429 495 599 668 784 902 1004 1093 1233 1470 1651 1779 2000 2207 2461 2591 2788 3025 3027 3274 3232 3420 3685 3536 3521 3416 3225 3051 2927 2767 2527 2227 2019 1765 1566 1463 1277 1115 918 821 728 606 511 443 369 326 245 251 206 149 134 124 98 101 71 58 52 41 38 48 35 19 13 18 12 10 8 5 6 5 9 6 9 4 3 2 5 2 0 1 1 3 1 0 1 0 0 1 0 0 0 0 0 1 0 1 0 0 0 0 0 
1 0 0 0 0 2 0 0 0 0 2 0 1 1 2 0 1 0 1 1 2 4 0 2 4 3 5 2 5 3 3 10 7 8 6 10 15 9 11 25 32 22 29 41 34 49 54 58 75 88 102 99 136 152 161 188 235 245 298 356 366 429 489 569 652 761 883 915 1071 1208 1360 1562 1660 1812 2049 2220 2602 2630 2734 3038 3161 3372 3406 3629 3576 3553 3427 3322 3249 3066 2830 2677 2452 2111 1938 1729 1525 1321 1182 1004 838 758 652 579 470 416 338 303 259 226 157 156 120 102 89 60 52 50 42 31 20 31 21 16 9 12 13 8 6 5 7 4 1 1 0 5 0 0 0 1 0 0 1 1 1 0 0 0 0 0 0 0 0 0 0 
1 0 0 0 0 0 0 0 0 0 1 1 0 1 0 1 2 1 0 1 1 2 0 4 0 5 5 6 2 4 1 9 3 8 14 7 9 15 10 19 20 14 34 20 29 36 52 53 58 50 64 88 93 115 143 131 162 178 209 251 290 328 378 452 469 538 620 760 852 952 994 1232 1365 1501 1706 1833 2079 2190 2432 2644 2851 3011 3122 3395 3399 3410 3645 3565 3420 3368 3176 2975 2884 2606 2381 2244 1940 1754 1503 1337 1176 1089 895 773 620 515 483 417 383 299 245 214 202 172 128 111 95 85 60 65 53 37 36 33 17 22 22 23 18 8 8 5 9 4 14 1 4 3 4 1 1 1 1 0 2 0 0 0 0 0 0 0 0 0 0 0 0 
1 0 0 0 0 0 1 0 0 0 0 1 1 0 0 0 1 2 3 0 2 3 1 4 1 7 6 3 2 5 7 5 12 14 10 12 10 18 16 25 28 29 29 37 39 39 68 53 68 78 75 95 135 151 143 211 266 239 289 289 363 386 468 526 628 721 813 881 986 1148 1292 1429 1624 1830 1967 2173 2383 2574 2769 2884 3124 3258 3370 3556 3417 3459 3395 3350 3346 2996 2998 2724 2534 2236 1993 1810 1661 1472 1193 1049 877 826 719 574 467 462 392 326 278 214 203 130 144 114 104 98 73 64 53 44 41 32 27 28 27 18 18 17 7 9 9 13 5 2 4 3 5 1 3 6 1 0 1 1 1 0 1 0 1 0 0 1 1 0 0 0 1 0 0 0 0 1 1 0 0 0 0 0 0 0 0 0 
1 0 0 2 3 0 0 2 2 3 2 1 2 2 2 7 5 6 8 9 5 5 10 13 21 18 15 18 27 30 28 39 47 49 45 63 71 79 102 98 145 129 165 186 200 244 242 318 352 418 453 514 574 710 787 839 975 1099 1269 1368 1547 1673 1914 2172 2303 2537 2674 2926 3067 3155 3283 3450 3521 3409 3434 3415 3328 3090 2930 2803 2535 2302 2189 1895 1648 1415 1292 1144 1003 835 728 638 539 491 386 324 263 228 219 171 157 150 88 79 76 71 61 54 35 29 22 26 24 20 11 16 6 18 8 8 7 2 12 5 3 2 3 2 1 0 3 0 1 3 0 1 0 0 0 2 0 0 0 0 0 0 0 0 0 
1 0 1 0 2 2 2 2 4 2 0 1 6 5 3 5 3 5 5 12 9 15 15 20 22 16 24 30 28 27 42 59 58 61 71 100 82 89 121 125 154 174 195 252 285 342 365 383 483 570 648 714 836 840 1056 1155 1303 1505 1625 1807 1988 2145 2387 2570 2741 2962 3091 3302 3471 3485 3468 3565 3381 3301 3230 3131 3025 2653 2493 2165 1988 1761 1576 1370 1282 978 920 786 613 573 481 434 385 311 271 220 170 165 128 117 102 76 70 50 55 31 34 20 20 22 23 11 10 8 12 9 10 6 4 7 4 1 4 0 1 2 2 1 1 0 2 0 0 0 0 0 1 0 1 1 0 1 0 1 0 0 0 0 0 0 0 0 0 
1 0 0 2 0 1 1 0 3 1 3 4 3 5 4 1 4 13 10 13 15 12 12 22 28 27 42 35 39 50 62 62 90 86 101 107 143 137 168 204 255 250 291 360 395 473 528 616 643 727 899 996 1187 1206 1421 1558 1810 1969 2109 2438 2580 2742 2921 3096 3221 3428 3492 3474 3427 3529 3374 3385 3204 2852 2740 2570 2374 2144 1839 1635 1473 1227 1122 921 807 689 607 514 445 407 312 281 241 192 158 120 122 105 80 76 56 64 43 36 40 25 26 22 19 12 12 4 3 9 6 8 2 1 5 2 2 2 1 1 2 2 0 1 1 1 1 1 0 0 2 0 1 1 2 3 0 0 0 0 1 0 0 0 0 0 0 0 0 0 0 0 0 0 0 0 0 
1 0 0 0 0 0 0 0 0 0 1 0 1 0 1 0 0 1 1 0 3 1 0 2 2 1 2 1 1 2 6 5 3 9 3 10 5 9 8 9 12 20 13 14 26 25 31 41 30 35 51 64 76 92 93 113 105 113 142 189 200 252 256 310 362 392 470 533 608 678 795 827 1010 1168 1273 1406 1547 1757 1954 2132 2317 2445 2676 2941 3119 3184 3316 3386 3416 3417 3444 3450 3186 3046 2968 2749 2628 2278 2142 1849 1724 1491 1374 1167 976 876 735 660 553 451 452 357 290 225 239 181 143 110 93 99 79 56 68 56 39 45 27 26 20 15 26 5 12 8 3 7 4 9 0 5 6 2 2 1 3 5 1 2 1 0 0 0 3 1 0 0 0 0 0 0 1 0 0 0 0 0 1 0 0 0 0 0 0 0 0 0 0 0 0 
1 0 0 0 0 0 0 1 0 0 0 0 0 0 1 0 3 2 5 4 3 2 2 4 4 8 2 6 5 6 6 8 12 14 27 15 14 20 30 31 32 37 47 51 46 68 81 109 104 115 143 149 177 201 247 258 284 336 394 486 580 618 647 742 900 983 1172 1260 1409 1558 1693 1943 2148 2355 2598 2772 2893 3045 3306 3307 3427 3601 3466 3486 3339 3266 3105 2992 2724 2556 2309 2018 1857 1673 1440 1279 1196 948 828 692 562 545 457 385 291 265 212 229 175 137 122 109 80 65 62 45 45 32 37 21 28 14 13 12 12 12 7 6 2 2 5 1 2 2 5 2 2 0 3 2 0 2 1 0 1 1 2 0 1 0 0 0 0 0 0 0 0 0 0 0 
1 0 0 0 0 1 0 0 0 0 0 3 0 0 0 0 0 5 1 0 2 0 2 4 2 2 3 5 5 2 5 3 3 5 11 5 8 7 12 13 11 16 16 31 25 27 31 43 46 47 63 65 89 88 110 110 132 178 178 212 226 278 311 346 409 431 527 599 648 798 859 1003 1137 1253 1453 1598 1815 1949 2135 2283 2521 2776 2858 3060 3296 3415 3387 3530 3410 3381 3349 3272 3140 2906 2786 2573 2304 2114 1879 1670 1448 1256 1124 978 803 742 654 584 455 386 342 264 256 189 170 151 108 99 86 70 56 51 53 38 32 38 23 23 13 13 13 7 11 5 3 4 1 0 2 3 0 1 1 0 0 0 1 0 0 0 0 1 0 0 0 0 0 0 0 0 0 0 0 0 0 
1 0 0 0 0 1 0 0 0 0 0 2 0 2 0 0 0 0 0 0 0 1 0 0 0 1 1 0 0 0 0 0 1 1 1 2 0 0 3 2 4 1 3 8 3 6 5 3 11 8 7 12 11 15 16 25 23 27 37 31 34 49 74 83 66 89 103 113 121 161 166 199 229 283 328 370 386 450 511 592 698 791 905 967 1049 1267 1350 1592 1682 1844 2138 2248 2486 2717 2782 3089 3226 3267 3454 3391 3449 3517 3399 3198 3221 2994 2840 2651 2270 2174 1864 1698 1508 1239 1156 1019 852 749 662 523 448 387 368 296 275 203 185 156 125 98 104 65 86 58 47 44 39 29 27 15 20 21 7 8 8 14 6 6 7 5 3 2 1 2 3 1 1 1 2 0 1 1 1 0 0 0 0 2 1 0 1 0 0 0 0 0 0 0 0 0 0 0 0 
1 0 0 0 1 2 1 0 0 0 1 4 2 1 2 2 4 3 1 1 8 7 8 5 7 7 12 17 17 15 21 25 27 19 29 30 42 44 59 51 87 86 97 112 137 152 184 185 231 260 283 341 375 471 515 589 627 746 872 953 1034 1216 1381 1437 1703 1861 2107 2240 2356 2592 2825 2943 3217 3286 3386 3365 3508 3467 3378 3304 3216 3002 2927 2604 2412 2132 1850 1770 1581 1362 1147 1009 940 763 670 605 484 435 348 307 285 215 221 176 125 111 95 76 75 56 58 39 36 19 29 16 17 7 6 11 12 13 7 10 9 2 1 2 2 2 0 2 1 0 2 0 1 0 1 1 1 0 0 0 0 0 0 0 1 0 0 0 0 
1 0 0 0 0 0 0 0 0 0 0 1 0 0 0 0 0 0 0 0 2 0 0 0 0 1 1 0 3 1 0 3 0 1 0 4 4 2 4 3 3 4 9 7 5 10 8 6 12 18 15 22 18 23 25 52 46 44 46 64 79 101 111 120 159 149 176 216 230 300 307 374 429 480 594 633 733 823 894 1021 1180 1266 1489 1748 1778 2021 2208 2417 2594 2711 3038 3199 3275 3436 3639 3442 3529 3358 3463 3277 3060 2828 2680 2414 2197 1971 1763 1560 1403 1237 1005 916 797 677 588 467 431 350 290 254 254 188 181 150 95 103 92 86 51 42 33 33 30 20 18 23 23 9 4 7 7 2 5 7 1 6 1 4 3 7 2 0 1 0 3 1 0 0 0 2 0 0 0 0 0 0 0 0 0 0 
1 0 0 0 0 0 0 0 0 0 1 2 1 0 0 0 2 2 1 1 0 3 2 3 4 4 7 3 4 12 4 5 7 10 9 15 14 15 15 22 30 29 38 45 41 63 66 68 57 74 97 118 127 177 147 153 238 277 272 353 375 440 487 568 650 728 822 976 1107 1263 1325 1477 1724 1808 2083 2227 2442 2624 2818 3032 3214 3275 3377 3582 3493 3486 3538 3437 3173 3012 2802 2605 2396 2182 1866 1768 1527 1349 1196 1037 870 797 692 543 482 376 329 294 262 196 187 147 117 100 84 83 72 58 38 40 29 32 24 27 25 17 9 14 5 5 9 3 8 3 4 2 1 3 2 0 0 0 1 2 0 2 0 1 0 0 1 0 0 0 0 0 0 0 0 0 0 0 
1 0 0 0 0 0 3 1 0 3 1 1 4 1 2 4 4 9 5 6 7 13 8 18 13 14 21 25 28 33 31 45 59 51 63 63 76 107 101 122 117 153 211 194 274 285 337 380 411 488 602 628 729 827 908 1078 1183 1373 1486 1684 1881 2067 2230 2496 2718 2865 3024 3203 3352 3380 3508 3592 3511 3366 3396 3182 3030 2808 2562 2264 2199 1962 1773 1532 1363 1131 983 896 798 634 532 464 429 391 318 247 207 200 144 123 127 90 87 74 41 39 48 31 33 21 24 16 11 13 15 9 11 11 6 4 1 5 4 3 0 1 2 1 0 0 1 1 1 0 0 0 0 1 0 0 0 0 0 0 0 0 
1 0 0 0 0 2 2 0 0 1 1 3 1 2 3 1 3 3 8 0 4 7 9 10 13 18 11 18 19 20 17 23 35 55 40 50 42 85 84 100 119 131 123 154 210 234 235 283 337 392 426 486 558 632 718 810 956 1049 1124 1346 1500 1673 1811 2024 2261 2514 2661 2868 3040 3222 3334 3428 3453 3597 3518 3517 3306 3290 2989 2775 2652 2480 2213 1857 1758 1558 1323 1179 1032 997 739 674 569 465 385 372 257 250 207 182 130 118 96 72 74 64 39 39 45 35 23 15 22 19 11 7 7 7 6 6 9 3 5 2 1 1 1 1 2 1 0 0 0 1 0 1 0 0 0 0 0 0 1 0 0 0 0 0 0 0 0 0 0 0 
1 0 0 0 0 0 1 1 0 3 1 0 1 2 1 1 2 2 4 2 3 3 6 0 7 7 5 7 10 7 10 18 11 11 21 19 26 30 30 32 45 48 53 73 93 88 98 107 121 143 189 206 285 251 271 371 428 482 525 580 660 793 901 1048 1182 1180 1395 1624 1803 2062 2127 2377 2534 2813 2963 3192 3232 3371 3443 3507 3616 3388 3405 3191 3240 3006 2616 2500 2350 1999 1806 1605 1409 1298 1073 936 824 666 578 508 416 375 299 265 235 190 171 131 112 90 96 77 59 48 26 30 31 33 20 12 19 10 7 14 5 8 4 6 7 3 3 3 2 4 1 3 0 1 0 1 0 1 0 0 0 0 0 1 0 0 0 0 1 0 0 0 0 0 
1 0 0 0 0 0 0 0 1 0 0 0 0 0 0 0 0 0 2 0 0 0 0 0 0 0 2 0 2 0 0 1 2 4 1 0 1 1 5 4 2 8 6 11 6 8 14 7 20 21 17 24 25 37 46 46 47 62 63 73 69 105 126 136 168 179 228 256 291 322 402 411 534 520 672 710 808 987 1032 1201 1279 1511 1677 1784 1978 2276 2427 2655 2819 2939 3167 3303 3337 3426 3513 3485 3415 3387 3230 3077 2930 2671 2420 2274 1885 1773 1531 1406 1205 1025 926 786 658 591 463 415 377 303 250 237 152 166 143 105 88 83 71 51 51 38 37 29 28 19 11 17 12 10 6 7 4 7 8 6 3 2 2 2 1 1 0 2 1 2 2 0 0 2 0 0 0 0 0 0 0 1 0 0 0 0 0 0 0 0 1 0 0 0 0 0 0 
1 0 0 0 0 1 0 0 0 0 0 0 2 1 0 0 1 0 1 2 1 0 0 1 1 1 1 1 0 4 2 1 0 1 6 7 5 4 4 5 7 9 7 6 11 11 13 11 19 31 22 31 32 36 53 46 52 65 82 102 111 126 135 162 183 216 236 324 310 373 485 492 557 597 794 865 987 1105 1207 1353 1515 1639 1909 2094 2265 2411 2705 2764 3117 3118 3370 3487 3579 3556 3592 3459 3376 3200 3063 2800 2619 2261 2136 1869 1713 1503 1332 1188 1071 887 729 644 541 485 396 343 287 235 196 167 137 113 112 97 71 70 57 51 41 28 18 19 19 18 17 9 10 10 12 4 3 7 3 3 0 2 2 1 0 2 0 2 0 0 0 1 0 0 0 0 0 0 0 0 0 1 0 0 0 0 0 1 0 0 0 0 0 0 0 0 
1 0 1 1 0 0 1 1 0 1 1 1 3 5 1 2 0 4 4 6 5 4 4 9 9 12 9 15 21 15 25 28 27 37 43 40 49 49 66 77 84 113 112 114 160 176 184 217 253 244 312 399 405 487 558 627 724 837 921 996 1203 1297 1498 1680 1825 1895 2219 2433 2587 2778 3011 3132 3347 3430 3506 3487 3442 3398 3442 3314 3008 2836 2635 2419 2295 1939 1742 1578 1413 1236 1023 862 835 636 611 449 439 374 317 299 201 192 138 138 111 87 93 64 51 54 35 35 47 21 17 15 13 14 8 11 10 5 7 4 5 3 3 2 3 2 1 2 1 0 1 1 0 1 0 0 0 0 0 0 0 0 0 0 0 0 
1 0 0 1 2 0 1 0 3 4 1 1 2 5 3 6 4 3 7 8 19 11 16 15 18 21 20 20 31 41 48 42 49 73 70 83 81 110 122 157 155 187 204 227 266 321 360 412 467 533 607 692 724 909 980 1104 1217 1382 1560 1696 1840 2099 2275 2536 2651 2931 3019 3219 3360 3408 3450 3469 3478 3471 3281 3066 2893 2797 2439 2376 2023 1922 1705 1507 1335 1130 958 849 776 633 551 488 379 351 304 241 227 177 158 121 117 103 90 70 54 40 41 38 26 24 26 26 14 19 10 11 4 9 7 5 7 6 1 2 0 4 0 0 2 2 2 0 1 2 0 1 1 1 0 0 1 1 0 0 0 0 0 0 1 0 0 0 0 0 0 0 0 0 0 0 0 0 0 0 
1 0 0 0 1 1 0 0 0 1 2 1 1 3 1 0 2 3 4 3 1 4 8 11 5 7 6 10 22 11 16 20 20 30 34 38 29 30 42 63 65 56 86 88 135 124 127 165 176 233 236 294 330 391 433 481 560 610 682 862 949 1036 1182 1281 1427 1594 1826 1984 2231 2380 2594 2757 2941 3053 3302 3328 3421 3433 3430 3516 3384 3191 3110 2896 2710 2472 2266 1996 1797 1573 1449 1270 1024 947 835 656 580 514 412 379 308 253 228 193 161 147 130 89 92 67 53 49 47 31 23 28 18 21 19 8 15 7 9 8 3 3 4 2 2 3 1 0 0 0 0 2 1 0 0 0 0 0 0 0 0 0 0 
1 0 0 0 0 0 1 1 0 0 0 0 0 2 1 0 1 1 4 2 3 4 4 3 7 10 10 11 8 17 12 16 12 29 25 31 34 37 43 42 64 70 61 102 101 126 146 165 168 223 213 257 277 334 388 425 473 559 694 694 832 943 1071 1191 1269 1426 1642 1779 1956 2199 2353 2570 2868 2947 3139 3289 3390 3409 3378 3528 3486 3442 3260 3061 2761 2653 2480 2255 1985 1780 1575 1354 1263 1136 944 792 676 570 487 451 368 314 270 231 178 145 143 95 101 85 81 63 47 36 27 40 37 17 20 17 12 6 9 10 12 0 8 3 7 5 7 1 2 2 2 1 0 0 3 0 1 2 1 1 0 1 0 0 0 0 0 0 0 0 0 0 
1 0 0 0 2 0 2 1 1 0 0 1 2 2 3 2 5 2 1 3 6 4 12 7 6 8 11 15 21 14 18 21 39 26 32 26 47 56 68 70 85 89 119 120 141 156 183 198 266 261 325 385 455 454 564 627 715 792 898 1005 1202 1293 1437 1631 1879 2025 2211 2385 2565 2764 2966 3131 3317 3316 3595 3556 3505 3443 3451 3144 3087 2855 2717 2435 2308 2009 1824 1621 1365 1205 1086 943 731 693 528 470 410 351 327 243 228 158 135 130 111 102 71 53 53 46 35 37 28 19 28 15 17 11 13 4 10 7 4 1 3 1 0 1 0 1 0 1 1 1 2 0 0 1 1 1 1 1 2 0 0 0 0 0 0 0 0 0 1 0 0 0 0 0 0 0 0 0 0 0 0 
1 0 0 0 0 1 0 2 1 1 0 1 2 2 1 5 1 5 5 9 5 4 3 17 6 12 13 17 18 19 33 37 30 49 64 51 69 88 88 95 125 118 172 154 203 234 276 289 346 404 470 528 652 694 832 927 1018 1116 1203 1503 1555 1692 2019 2167 2324 2591 2708 2921 3167 3293 3358 3416 3528 3582 3439 3448 3242 3099 2950 2759 2520 2305 2012 1796 1648 1440 1250 1068 982 833 667 579 532 470 374 320 255 240 200 165 139 130 87 86 72 62 54 46 37 27 19 22 17 24 9 12 9 5 4 8 2 5 5 2 3 1 0 0 1 0 1 0 1 0 0 0 1 0 0 0 1 0 0 0 0 0 0 0 0 0 0 0 0 0 0 
1 0 1 0 0 0 0 0 1 1 0 2 1 1 0 1 5 3 2 1 0 0 2 1 11 3 7 4 4 3 6 12 8 5 9 9 13 23 25 29 29 43 36 47 52 39 63 90 71 88 118 147 154 174 189 206 270 291 306 387 472 508 590 673 722 890 930 1098 1228 1368 1551 1712 1873 2050 2216 2548 2710 2991 2972 3231 3300 3374 3470 3551 3533 3503 3269 3026 2949 2735 2574 2364 2132 1954 1740 1456 1286 1170 950 855 740 644 529 478 406 380 294 273 218 170 165 148 99 90 73 63 59 49 43 30 25 24 22 19 10 16 7 10 7 5 2 5 4 4 3 2 6 2 1 1 1 0 0 0 3 2 0 0 0 0 1 0 0 0 0 0 0 0 0 0 0 0 0 0 0 
1 0 0 0 0 0 1 1 1 1 1 2 0 1 2 0 2 4 3 4 3 6 3 7 4 13 9 7 10 16 17 21 19 18 29 31 32 31 49 52 67 61 73 90 90 125 135 153 188 187 246 275 264 332 376 424 477 555 689 756 852 885 1026 1207 1241 1481 1599 1772 1973 2237 2434 2462 2808 2872 3020 3346 3473 3529 3511 3387 3372 3340 3145 3070 2910 2687 2413 2280 1967 1787 1584 1414 1186 1111 906 840 675 599 497 415 353 276 297 240 210 148 138 136 98 91 52 52 41 32 40 39 20 19 24 10 10 8 7 7 8 3 10 3 0 6 3 1 1 0 1 2 1 0 1 0 0 0 0 1 0 0 0 0 0 0 0 
1 0 0 0 0 0 1 0 0 0 1 0 1 0 1 1 4 0 0 2 4 1 4 3 4 2 5 4 5 3 5 4 16 14 9 22 18 32 24 31 32 34 39 54 52 74 84 90 120 139 133 130 204 208 231 283 313 361 400 454 511 677 705 722 843 981 1124 1331 1402 1569 1764 1913 2152 2366 2559 2672 2964 3011 3235 3313 3528 3538 3541 3561 3404 3251 3093 2971 2736 2542 2319 2015 1887 1656 1385 1289 1059 983 866 713 650 515 418 381 328 294 238 202 186 158 133 109 73 79 67 45 48 24 24 21 20 22 11 9 13 10 9 9 3 8 5 1 2 3 2 2 3 1 0 2 1 0 1 0 0 0 0 0 1 0 0 0 0 0 0 0 0 
1 0 0 0 1 0 1 1 1 3 2 0 1 2 6 3 3 5 8 9 8 10 18 16 24 21 28 34 38 30 52 52 53 78 85 88 95 126 144 155 169 240 249 289 320 312 393 454 583 652 724 788 871 1068 1121 1276 1414 1634 1775 1942 2198 2498 2466 2769 2965 3125 3283 3361 3472 3445 3474 3453 3301 3291 3119 2947 2745 2489 2310 2090 1729 1664 1432 1263 1074 952 853 695 590 497 439 362 327 292 221 194 160 132 123 96 82 73 58 41 30 28 26 26 29 16 11 7 9 13 4 4 5 5 1 3 5 1 3 1 2 1 3 1 1 2 0 1 1 2 0 1 0 0 1 1 0 1 0 0 1 0 0 0 0 0 0 0 0 0 0 0 0 
1 0 0 0 0 0 0 0 0 1 0 1 0 0 0 0 1 2 2 1 1 0 1 2 4 3 1 6 6 2 6 7 9 5 11 8 16 12 21 18 26 33 34 41 33 41 47 59 67 67 71 121 89 141 159 185 183 223 257 321 317 391 451 534 589 640 689 858 969 1072 1132 1373 1512 1671 1851 2072 2254 2483 2666 2829 2945 3211 3268 3379 3617 3538 3532 3367 3307 3271 2983 2800 2610 2478 2211 1926 1689 1535 1346 1164 1040 855 755 612 550 483 379 353 330 255 197 156 146 114 112 81 84 81 60 69 36 39 30 26 18 24 12 11 15 6 8 7 7 5 3 4 3 1 4 5 1 2 3 0 1 0 0 1 0 0 0 0 0 0 0 0 
1 0 0 0 1 1 0 1 0 0 2 1 3 2 2 1 3 3 2 8 4 5 6 8 10 8 14 13 14 18 18 19 32 24 32 37 38 52 56 51 64 75 86 105 119 139 156 205 197 256 239 346 398 388 491 532 604 717 798 878 1008 1125 1290 1490 1595 1810 1935 2156 2321 2567 2794 2916 3123 3077 3314 3348 3412 3546 3480 3379 3313 3052 2867 2711 2465 2289 2095 1807 1646 1487 1271 1132 948 835 676 656 513 436 401 331 304 256 202 165 153 111 104 105 57 55 61 50 43 27 27 25 15 14 15 13 11 13 8 3 5 6 6 3 2 1 1 1 0 1 1 2 0 0 0 0 0 0 1 0 0 0 0 0 0 0 0 0 
1 0 0 0 0 3 0 0 0 0 0 1 1 1 4 1 3 0 1 1 3 4 1 8 7 7 4 6 10 8 14 12 16 15 17 23 35 36 47 38 42 43 55 80 69 97 116 134 137 151 180 226 258 268 304 365 417 486 550 641 682 790 932 940 1157 1255 1463 1590 1738 1937 2190 2298 2507 2732 2842 2975 3290 3302 3334 3399 3507 3366 3339 3193 3141 2993 2789 2411 2275 2053 1830 1625 1457 1308 1142 1031 854 735 618 514 452 404 349 295 252 184 177 160 129 99 87 79 66 61 44 37 24 33 27 13 14 6 14 8 12 3 5 8 2 1 3 2 1 1 2 1 5 1 1 0 0 0 0 0 1 0 0 1 0 0 0 0 0 0 0 0 0 0 0 
1 0 0 2 1 0 3 2 1 2 0 2 1 3 3 1 8 4 7 2 4 6 7 8 9 9 14 15 21 14 18 31 31 27 33 44 53 63 81 73 72 115 116 150 174 174 220 238 295 293 356 400 472 525 612 670 783 819 1025 1117 1240 1361 1558 1739 1963 2053 2306 2468 2697 2926 2962 3347 3295 3524 3422 3488 3429 3331 3245 3144 3037 2838 2544 2351 2057 1901 1646 1511 1276 1203 997 858 702 616 535 438 361 314 277 246 210 153 153 113 112 102 77 56 48 47 35 38 28 19 19 10 13 10 14 4 3 3 0 2 5 1 3 2 0 1 2 0 0 0 0 0 0 0 0 0 
1 0 0 0 0 0 2 1 0 0 0 1 0 5 0 0 2 3 1 8 4 0 2 6 8 6 9 9 9 16 21 14 14 21 23 28 31 37 41 53 61 77 78 75 104 113 141 139 183 209 247 256 288 356 367 445 473 601 660 717 784 926 991 1186 1308 1439 1620 1873 2004 2204 2409 2573 2840 2977 3078 3245 3460 3447 3470 3395 3423 3308 3275 3087 2815 2698 2385 2261 2086 1820 1585 1414 1222 1031 909 773 687 580 452 403 363 283 294 198 202 155 134 99 108 75 61 54 40 43 35 36 26 19 21 15 12 7 11 9 3 8 5 1 3 3 3 1 0 1 0 0 0 0 0 0 0 0 0 0 0 0 
1 0 0 0 2 0 2 0 4 0 0 0 3 0 2 2 4 9 3 2 12 5 9 12 10 22 13 14 24 24 25 34 41 44 41 58 58 85 89 86 110 162 138 161 181 206 279 292 338 393 425 481 575 713 787 885 971 1117 1226 1399 1547 1743 1876 2095 2266 2427 2696 2778 3045 3334 3322 3416 3451 3504 3425 3471 3349 3086 2938 2726 2627 2401 2198 1908 1692 1544 1335 1188 1001 862 675 611 577 449 384 314 284 249 205 165 161 141 108 100 65 49 52 55 37 29 31 20 26 22 13 6 20 14 6 6 3 5 3 3 2 2 1 2 0 0 1 2 1 0 0 1 0 0 0 1 0 0 0 0 0 0 0 0 0 0 0 0 0 0 0 
1 0 0 0 0 0 0 1 0 0 1 0 2 2 3 0 1 3 1 1 4 0 2 4 4 4 2 6 13 6 11 17 14 12 22 19 25 26 23 33 33 39 54 59 86 70 94 97 102 158 153 182 224 242 288 317 346 449 430 519 642 677 809 887 978 1158 1341 1439 1587 1771 1964 2147 2343 2599 2755 2981 3157 3203 3434 3497 3505 3548 3503 3347 3069 3064 2985 2724 2446 2215 1984 1840 1571 1370 1278 1057 966 808 687 639 551 455 359 300 274 245 194 154 151 115 94 95 55 66 48 45 38 32 25 14 18 13 8 14 7 7 5 4 2 5 2 1 0 2 1 0 0 0 1 0 1 2 0 0 0 0 0 0 0 0 1 0 0 0 0 1 0 0 0 0 0 
1 0 1 1 0 1 1 0 0 0 0 0 0 1 0 1 1 0 0 0 0 0 1 1 1 1 1 2 3 1 2 4 3 6 3 4 4 6 4 12 6 13 12 14 25 16 18 24 28 31 31 46 65 62 66 75 96 92 123 148 152 186 186 259 291 297 366 390 456 545 639 684 787 847 1031 1151 1283 1427 1626 1768 1957 2185 2323 2516 2674 2922 3120 3278 3384 3377 3435 3536 3470 3468 3419 3092 2908 2721 2555 2291 2074 1848 1707 1459 1248 1059 948 794 724 599 536 410 357 310 280 251 190 152 129 101 98 79 70 62 38 45 38 41 22 16 18 14 9 12 5 4 6 4 4 5 6 3 2 2 1 1 1 2 4 0 0 3 1 1 0 0 0 0 0 0 0 1 0 0 1 0 0 0 0 0 0 0 0 
1 0 0 0 0 0 1 2 0 0 0 2 2 1 2 3 3 3 4 5 1 2 7 8 7 10 7 15 9 10 17 14 16 17 33 20 41 45 34 54 58 84 71 88 106 116 131 191 211 194 252 259 293 388 448 476 559 646 749 821 891 1070 1234 1370 1516 1577 1819 2068 2142 2372 2686 2845 2993 3166 3349 3316 3457 3506 3469 3432 3256 3166 3071 2820 2619 2467 2306 1927 1774 1547 1416 1198 1149 899 812 631 578 524 419 365 334 264 208 167 165 139 127 93 85 73 68 43 43 26 31 22 29 20 18 16 12 11 8 8 10 6 2 1 3 6 3 0 0 1 0 0 1 1 1 0 0 1 0 1 1 0 0 0 2 0 0 1 0 0 0 0 0 0 0 0 0 
1 0 0 0 0 0 0 0 0 
1 0 0 0 0 2 0 2 0 0 3 2 3 1 0 3 1 3 10 5 5 6 4 9 10 9 12 15 27 25 16 24 37 42 42 42 57 78 94 76 99 111 117 150 155 184 236 225 269 308 356 429 478 513 613 697 729 896 979 1066 1224 1406 1613 1724 1943 2211 2232 2478 2759 2850 2940 3178 3363 3497 3456 3520 3356 3503 3225 3047 2958 2791 2456 2339 2071 1917 1640 1430 1321 1154 993 882 744 628 517 461 371 337 280 280 201 168 126 116 89 78 82 60 49 42 37 31 16 23 15 25 14 8 5 5 8 6 1 4 3 1 2 3 4 1 0 0 2 1 1 0 1 0 0 0 0 0 0 0 0 0 0 0 
1 0 0 0 0 0 0 0 0 1 0 0 1 0 0 1 2 1 0 1 2 1 0 0 0 0 3 1 2 1 1 2 1 4 2 5 3 8 7 10 11 5 10 14 17 23 25 26 25 29 35 56 37 46 55 82 71 98 103 130 142 165 197 234 260 271 329 345 501 501 613 651 736 845 965 1116 1230 1390 1527 1684 1808 2106 2381 2441 2742 2874 3105 3256 3333 3409 3441 3457 3522 3452 3415 3141 3008 2737 2705 2308 2143 1910 1625 1460 1319 1127 913 823 709 669 524 458 384 340 291 231 229 159 172 121 112 83 83 72 48 51 47 31 32 24 22 15 11 10 13 5 7 4 6 0 3 0 0 4 2 2 2 1 0 0 0 1 0 0 0 0 1 0 0 0 1 0 0 0 0 0 0 0 0 
1 0 0 1 0 0 3 1 1 3 0 1 1 0 1 6 2 4 5 5 4 4 16 5 14 9 13 11 22 25 24 27 40 50 45 65 72 66 87 104 122 147 140 177 191 228 258 318 372 444 448 518 605 684 810 903 986 1102 1220 1417 1697 1848 1969 2121 2315 2553 2728 2885 3149 3207 3472 3415 3500 3432 3454 3452 3303 3181 3045 2781 2538 2293 2055 1889 1609 1470 1262 1145 943 823 731 615 518 451 335 321 289 213 170 141 137 120 100 82 56 65 46 34 23 22 30 19 18 15 18 5 2 7 5 4 4 3 2 1 5 1 1 0 0 0 0 1 0 0 0 0 0 0 0 0 0 0 
