1 1 1 1 1 1 1 1 3 4 5 4 4 4 4 6 9 10 12 15 14 21 29 35 37 35 41 46 59 67 89 109 124 149 168 203 234 266 304 367 418 479 550 631 731 853 943 1053 1236 1441 1643 1865 2114 2380 2716 3098 3517 4004 4591 5194 5931 6660 7583 8513 9520 10642 11862 13226 14680 16023 17548 19220 20782 22396 23921 25331 26569 27659 28507 29094 29508 29469 29161 28542 27731 26667 25325 23890 22382 20643 18823 17123 15379 13714 12171 10780 9440 8256 7158 6172 5293 4493 3819 3274 2802 2415 2068 1733 1464 1231 1060 885 777 642 540 473 403 347 295 252 196 166 139 118 96 86 69 59 52 47 40 33 28 26 20 16 13 8 6 4 2 2 2 2 2 2 2 2 2 1 1 0 
1 1 1 1 1 1 2 2 4 4 4 6 6 7 6 9 11 10 10 12 15 18 21 26 37 41 50 57 67 72 96 105 114 138 153 180 207 235 280 316 371 419 480 552 630 723 823 958 1118 1284 1495 1699 1953 2213 2544 2938 3302 3761 4258 4884 5510 6305 7144 8070 9052 10075 11345 12711 14110 15578 17152 18754 20357 22020 23645 25176 26521 27617 28560 29094 29564 29715 29524 28973 28196 27047 25730 24327 22652 20961 19114 17443 15687 14025 12488 10993 9687 8512 7464 6416 5549 4802 4132 3576 3056 2612 2255 1923 1638 1397 1224 1040 879 758 658 560 469 398 344 294 240 207 183 153 131 102 87 74 60 55 46 37 30 28 24 18 13 12 13 11 7 6 5 5 5 4 3 3 3 3 2 2 1 1 0 
1 1 1 1 1 1 1 1 2 3 3 2 2 1 2 3 4 4 4 5 5 4 4 3 3 4 5 6 6 7 8 8 10 12 14 16 21 21 25 30 38 42 50 56 68 87 92 106 120 143 167 182 213 238 266 316 362 413 474 557 644 735 827 923 1058 1187 1368 1580 1816 2087 2404 2743 3122 3578 4134 4702 5297 6051 6883 7737 8729 9874 11050 12321 13563 15020 16636 18292 19845 21392 22833 24281 25710 26836 27908 28653 29151 29492 29412 28959 28174 27323 26140 24915 23367 21734 20007 18249 16486 14858 13272 11717 10309 9074 7883 6888 6005 5219 4558 3875 3283 2788 2401 2008 1735 1498 1271 1086 915 792 671 587 501 438 366 310 258 220 188 155 140 120 103 88 76 68 54 40 37 31 28 22 21 21 15 12 9 8 7 6 5 2 1 1 1 1 1 2 1 0 
1 1 1 1 1 2 2 2 2 2 4 4 5 5 8 7 7 9 8 11 15 17 19 23 25 29 39 46 52 57 65 64 70 77 93 102 114 133 141 150 186 214 259 289 338 382 442 512 588 703 817 971 1109 1262 1451 1693 1955 2266 2534 2895 3263 3777 4311 4922 5610 6423 7304 8216 9140 10294 11433 12744 14178 15719 17196 18643 20318 21839 23301 24792 26115 27290 28268 28796 29333 29497 29259 28848 28042 26945 25737 24389 22837 21137 19456 17606 15921 14334 12731 11275 10012 8780 7709 6681 5785 4992 4344 3701 3227 2771 2353 2012 1723 1453 1226 1025 851 703 604 511 427 357 313 253 215 180 153 135 111 83 64 56 47 43 36 31 25 17 18 12 11 10 9 7 6 3 3 3 3 3 3 2 2 1 1 1 0 
1 1 1 1 2 2 2 1 1 2 2 3 3 4 6 6 6 6 7 8 10 12 14 19 20 25 29 35 43 44 49 62 74 80 90 106 129 149 167 189 215 259 291 335 409 478 567 675 766 857 982 1107 1255 1462 1668 1944 2225 2489 2887 3298 3747 4277 4821 5451 6176 6980 7874 8811 9917 11143 12452 13858 15320 16928 18424 19932 21527 23131 24554 25910 27130 28240 29064 29520 29647 29385 28944 28213 27227 26044 24604 23133 21419 19702 18001 16327 14667 13070 11572 10178 8903 7762 6791 5983 5096 4390 3718 3144 2703 2316 1968 1664 1428 1185 989 851 725 623 540 458 397 331 271 230 187 154 132 107 95 84 74 59 49 43 35 34 29 25 19 14 9 6 7 6 5 3 3 2 2 3 4 3 3 3 2 2 2 2 1 1 1 1 1 0 
1 1 1 1 1 1 1 1 1 2 1 1 1 1 2 2 2 2 2 2 2 2 5 4 3 3 4 5 4 4 5 4 4 5 7 7 6 7 9 11 10 12 17 15 16 17 20 26 34 39 45 51 54 61 79 90 96 116 136 145 167 194 220 250 284 324 369 429 474 523 607 699 802 924 1039 1222 1353 1581 1852 2113 2399 2742 3091 3544 4035 4590 5234 5937 6695 7571 8501 9587 10800 12023 13366 14717 16231 17876 19478 21025 22532 24199 25721 26852 27843 28587 29189 29569 29588 29308 28613 27794 26781 25316 23679 22021 20240 18539 16756 15119 13608 12101 10672 9394 8151 7099 6115 5217 4459 3861 3290 2824 2404 2018 1740 1480 1257 1067 915 775 684 596 513 432 369 313 264 230 208 175 152 126 113 94 85 73 64 51 40 34 32 26 23 19 14 12 10 9 4 5 6 6 8 6 7 6 6 4 4 4 4 4 3 3 2 1 0 
1 1 1 1 1 1 1 1 1 1 1 1 3 3 4 4 4 7 8 9 12 11 14 15 18 18 17 17 25 29 38 50 60 67 77 88 93 99 112 136 150 174 195 237 274 329 376 427 467 537 650 747 843 967 1094 1266 1466 1684 1963 2274 2620 3007 3407 3907 4404 5040 5726 6551 7379 8290 9340 10511 11752 13053 14491 15964 17457 19095 20776 22462 24081 25599 26726 27759 28581 29138 29558 29606 29246 28602 27613 26632 25267 23726 22151 20482 18791 17126 15464 13904 12384 10968 9683 8463 7370 6438 5604 4844 4178 3621 3086 2589 2220 1857 1561 1341 1136 944 804 689 579 485 399 331 277 228 178 149 121 108 94 87 73 62 49 34 34 27 23 23 18 20 16 13 10 10 8 7 7 6 4 3 3 2 2 1 1 0 
1 1 1 1 1 1 1 1 1 1 1 0 
1 1 1 1 1 2 1 1 1 1 1 2 1 1 1 1 1 1 2 4 4 5 8 8 8 8 11 13 14 18 22 27 29 33 38 40 45 59 63 72 85 98 113 134 149 159 185 215 258 301 346 406 457 512 594 694 814 941 1074 1235 1390 1614 1817 2055 2335 2685 3078 3563 4022 4589 5241 5971 6812 7682 8694 9777 10944 12195 13544 14939 16533 18060 19647 21300 22852 24381 25653 26818 27823 28585 29082 29289 29343 28926 28220 27351 26225 24978 23432 21863 20229 18537 16887 15185 13633 12140 10656 9344 8151 7089 6152 5269 4553 3935 3365 2879 2437 2135 1777 1472 1249 1050 904 782 683 594 494 419 356 301 252 207 173 142 122 109 93 87 74 61 50 39 33 25 26 27 24 16 12 13 12 9 7 6 5 5 5 4 5 5 3 2 2 2 2 1 0 
1 1 1 1 1 1 1 1 0 
1 1 1 1 2 2 1 1 1 1 1 1 1 1 1 1 2 1 3 4 3 3 3 4 6 9 8 9 12 15 16 17 19 21 26 33 39 45 47 52 61 83 86 94 109 123 134 161 192 221 246 286 316 365 420 482 556 648 736 884 1015 1141 1296 1485 1743 2021 2296 2619 3013 3414 3899 4458 5051 5756 6495 7388 8388 9383 10543 11799 13204 14612 16095 17609 19215 20816 22474 24009 25420 26712 27753 28635 29131 29509 29723 29460 28845 27941 26750 25403 23757 22176 20518 18742 17073 15358 13779 12197 10839 9450 8295 7207 6280 5440 4653 4012 3468 2972 2553 2176 1831 1537 1307 1137 960 800 694 586 523 433 367 307 261 224 189 163 136 114 99 84 71 58 49 43 38 34 30 29 27 24 21 16 13 10 10 9 7 7 6 4 3 4 3 2 2 2 2 1 1 1 0 
1 1 1 1 1 1 1 1 2 2 2 2 2 2 2 3 3 3 3 4 5 6 5 5 6 6 5 9 11 12 10 12 16 18 22 22 28 35 44 54 67 73 79 89 113 135 148 164 187 214 256 287 321 377 417 478 567 686 798 932 1076 1225 1405 1629 1860 2141 2416 2779 3186 3622 4127 4743 5347 6024 6846 7734 8699 9744 10939 12227 13538 14971 16509 17989 19571 21091 22494 24012 25450 26677 27699 28406 28944 29216 29236 28772 28121 27230 26122 24859 23385 21822 20279 18675 17032 15445 13780 12293 10903 9566 8376 7277 6347 5528 4796 4127 3509 2945 2513 2143 1829 1534 1355 1149 963 809 680 560 472 397 343 297 255 216 176 153 136 111 93 83 65 56 54 40 32 24 16 13 12 11 10 10 7 6 5 5 5 5 1 1 1 1 1 0 
1 1 1 1 2 2 2 2 3 1 1 1 1 2 3 4 4 4 4 4 4 3 5 7 6 5 6 11 14 14 16 18 23 22 26 27 37 38 46 51 54 63 71 86 93 109 121 141 160 184 218 247 273 320 381 449 530 596 683 801 914 1053 1176 1341 1548 1790 2039 2329 2652 3041 3526 4044 4544 5162 5814 6594 7443 8444 9500 10605 11822 13120 14569 16131 17637 19322 20835 22405 23905 25314 26667 27670 28483 29078 29467 29342 29176 28588 27682 26566 25224 23814 22188 20583 18830 17161 15432 13872 12355 10961 9623 8385 7336 6351 5473 4681 4025 3442 2948 2516 2147 1796 1535 1285 1086 928 780 646 554 452 375 309 265 217 186 157 131 106 93 80 61 50 44 37 30 24 21 16 13 12 8 8 7 6 3 3 4 4 4 2 2 1 2 2 1 1 1 1 1 1 1 1 1 1 0 
1 1 1 1 2 2 2 2 2 2 3 3 4 3 3 3 3 3 5 6 8 9 10 10 10 13 20 21 20 21 25 30 35 39 46 60 72 82 90 104 127 139 150 165 180 206 239 276 328 386 442 513 583 685 810 909 1036 1182 1353 1551 1801 2083 2347 2692 3071 3503 3970 4496 5177 5886 6638 7529 8418 9551 10784 12032 13309 14772 16361 18003 19503 21109 22700 24101 25573 26822 27929 28737 29422 29725 29708 29420 28753 27965 26725 25418 23916 22223 20564 18778 16890 15135 13466 11959 10529 9150 7984 6977 6018 5201 4477 3836 3317 2826 2391 2068 1748 1508 1254 1041 876 745 616 504 430 359 294 255 221 187 165 144 121 109 95 71 59 53 43 36 36 30 27 24 20 13 10 4 4 5 5 4 4 3 2 2 2 2 2 1 0 
1 1 1 1 1 1 1 1 1 1 2 2 2 2 2 2 2 2 2 1 1 2 3 3 3 5 8 8 9 11 13 17 19 20 23 26 28 36 39 48 59 69 78 83 93 112 138 162 187 209 246 281 325 373 416 479 545 631 712 843 963 1114 1303 1487 1707 1970 2250 2552 2892 3349 3872 4381 5056 5757 6568 7386 8347 9334 10386 11630 12862 14269 15805 17260 18830 20469 21972 23505 24869 26275 27418 28491 29168 29564 29658 29343 28824 27885 26819 25644 24134 22570 20894 19100 17369 15636 14001 12438 10973 9659 8496 7458 6461 5565 4842 4172 3562 3089 2626 2267 1946 1645 1411 1189 1020 847 727 606 512 447 373 301 257 219 183 156 143 117 94 81 74 62 48 36 31 27 23 19 18 17 14 11 9 7 7 7 7 5 4 3 4 3 3 3 3 3 4 3 2 2 1 1 0 
1 1 1 1 1 1 1 2 3 4 7 7 7 8 11 12 15 17 20 22 26 35 37 38 46 51 62 72 83 99 118 135 159 188 208 260 298 343 399 470 534 619 725 828 943 1070 1253 1419 1619 1878 2192 2502 2859 3259 3714 4169 4762 5417 6121 6958 7862 8828 9982 11220 12521 13924 15342 16900 18564 20204 21868 23468 24854 26120 27267 28257 28984 29496 29642 29455 28912 28214 27206 25952 24429 22981 21250 19435 17740 16061 14346 12894 11440 10152 8873 7736 6701 5816 5048 4291 3719 3153 2696 2325 1956 1648 1395 1159 972 818 680 574 499 422 354 296 266 224 191 157 140 119 111 91 78 65 59 53 49 46 34 30 26 19 16 10 9 9 8 7 5 4 3 1 1 1 1 0 
1 1 1 1 1 1 1 2 4 3 5 5 5 5 5 9 9 11 10 10 10 11 16 15 16 18 24 27 31 37 44 52 59 71 82 92 105 125 143 159 176 196 240 285 316 367 434 493 563 661 756 873 994 1122 1278 1483 1718 1969 2252 2545 2884 3336 3815 4325 4950 5667 6417 7197 8163 9202 10366 11607 12867 14270 15609 17141 18598 20209 21770 23310 24691 25985 27132 28109 28790 29157 29200 29187 28717 27895 26944 25791 24369 22876 21307 19586 17825 16108 14500 12956 11540 10197 8938 7786 6769 5826 5057 4301 3691 3190 2710 2275 1947 1689 1413 1214 1013 860 690 596 481 403 338 284 257 217 182 155 129 113 99 86 69 59 51 44 39 27 21 19 17 13 11 9 6 5 4 4 3 3 3 3 2 1 1 1 0 
1 1 1 2 2 2 2 2 3 3 2 2 2 2 2 1 1 3 3 3 4 4 8 8 8 8 9 13 15 18 19 23 23 25 35 37 41 47 53 56 65 74 89 118 137 146 173 192 225 235 287 323 384 434 507 563 634 727 844 955 1068 1199 1324 1506 1729 1961 2282 2636 2991 3479 4022 4560 5192 5883 6654 7518 8453 9584 10780 12058 13323 14735 16158 17730 19384 21039 22584 24095 25365 26622 27621 28372 28926 29200 29193 28896 28394 27499 26415 25162 23710 22102 20465 18719 17053 15306 13733 12259 10767 9504 8293 7238 6240 5377 4602 3894 3395 2904 2472 2128 1808 1518 1315 1103 957 806 656 565 460 389 325 275 247 216 183 147 121 106 90 78 65 55 48 39 29 22 22 18 14 13 9 8 7 4 3 2 1 1 0 
1 1 1 1 1 1 1 1 1 1 1 1 1 1 1 1 1 1 1 2 3 5 5 5 6 8 8 11 11 11 12 13 14 21 26 28 33 36 37 43 46 54 55 65 82 96 113 124 139 168 183 207 240 274 329 390 440 498 576 670 768 893 1025 1175 1372 1598 1817 2123 2425 2762 3169 3630 4117 4728 5353 6058 6823 7719 8749 9825 11078 12423 13862 15290 16762 18361 19963 21736 23171 24771 26050 27308 28283 29040 29509 29654 29556 29044 28446 27442 26224 24909 23274 21534 19704 17897 16269 14652 13080 11665 10251 8948 7831 6744 5850 5070 4367 3788 3249 2817 2402 2041 1733 1469 1251 1072 911 783 684 589 495 434 345 286 242 198 163 145 122 108 97 77 60 49 41 32 25 21 16 13 8 9 8 8 4 4 4 4 4 1 1 1 1 1 1 1 2 2 2 2 2 2 2 2 1 1 1 1 1 1 1 1 0 
1 1 1 1 1 1 1 0 
1 1 1 1 1 1 1 1 1 1 1 2 2 3 5 8 8 9 9 9 9 11 13 13 16 20 30 32 35 41 52 65 72 87 95 113 129 158 186 218 252 286 324 370 417 476 534 611 686 798 917 1058 1183 1357 1591 1810 2077 2416 2785 3207 3631 4154 4698 5281 5998 6808 7713 8663 9714 10937 12287 13727 15174 16634 18224 19844 21501 23013 24642 26112 27205 28192 28876 29338 29665 29589 29017 28382 27459 26238 24739 23313 21669 20067 18329 16667 14981 13372 11947 10500 9185 7999 6931 6010 5136 4408 3752 3229 2751 2321 1968 1688 1440 1207 1013 848 738 625 510 427 367 299 250 206 185 155 131 117 91 79 66 52 43 39 32 27 23 20 17 17 15 13 7 6 5 5 5 4 4 3 1 1 0 
1 1 1 1 1 1 1 1 1 4 4 5 7 7 11 11 14 16 16 20 21 26 31 39 43 47 56 72 83 100 116 128 147 168 189 220 255 294 330 384 448 530 612 722 828 949 1091 1273 1497 1702 1963 2258 2595 3004 3404 3876 4448 5071 5706 6495 7380 8358 9330 10436 11715 13040 14404 15877 17425 19123 20845 22431 23891 25332 26587 27825 28739 29358 29658 29727 29455 28870 27998 26844 25525 23934 22402 20688 18920 17249 15546 13939 12386 10948 9666 8513 7319 6319 5452 4675 4014 3463 2949 2482 2156 1827 1516 1290 1118 945 793 664 557 461 375 309 269 229 180 147 123 116 99 79 68 53 47 35 31 25 23 21 20 17 12 9 8 6 6 5 5 4 3 3 2 2 2 1 1 1 1 1 1 1 1 1 1 0 
1 1 1 1 1 1 2 1 1 1 1 1 1 2 3 3 4 4 5 6 6 7 9 10 12 12 12 15 17 25 27 31 35 34 37 43 51 58 70 83 94 108 129 152 170 186 212 242 284 322 380 447 503 592 676 772 910 1037 1196 1372 1563 1796 2045 2351 2668 3043 3496 4037 4627 5244 5955 6802 7706 8663 9684 10896 12195 13493 14923 16480 18112 19584 21251 22855 24372 25832 27021 28056 28737 29269 29346 29410 29015 28399 27396 26313 24966 23514 21820 20089 18460 16745 15104 13505 12002 10455 9185 8008 6915 6025 5196 4444 3807 3249 2772 2370 2006 1746 1476 1251 1062 896 758 631 529 458 393 329 265 221 190 166 150 134 113 96 87 77 66 64 53 47 42 32 29 24 19 18 17 13 10 9 9 6 3 0 
1 1 1 1 1 1 1 2 3 2 2 2 2 2 4 4 5 6 7 8 6 6 7 12 13 15 18 21 21 24 30 35 44 56 67 80 90 107 130 152 178 187 213 249 271 292 351 400 462 547 643 745 850 985 1115 1302 1492 1707 1945 2184 2525 2891 3298 3763 4230 4858 5510 6224 7033 8003 8988 10121 11419 12702 14061 15558 17071 18724 20253 21831 23358 24711 26122 27388 28262 28923 29401 29630 29343 28886 28134 27103 25885 24546 22986 21289 19584 17777 16050 14385 12840 11374 9969 8773 7621 6575 5690 4959 4285 3700 3151 2701 2317 1960 1640 1387 1168 1000 841 714 605 518 438 364 317 267 226 193 165 141 125 98 84 74 70 60 50 43 40 31 24 21 22 15 12 13 11 9 9 6 3 1 1 1 1 1 0 
1 1 1 1 1 2 5 6 6 6 6 7 8 7 8 9 11 11 15 23 23 25 24 31 33 39 45 51 62 74 78 90 106 123 145 154 183 225 268 294 325 385 443 510 561 638 720 842 933 1086 1293 1515 1733 1955 2279 2612 2987 3384 3836 4422 5001 5691 6480 7340 8257 9321 10491 11745 13133 14517 15983 17559 19334 20913 22459 23969 25442 26662 27755 28588 29229 29600 29727 29238 28728 27869 26706 25417 23943 22391 20714 18899 17086 15461 13882 12331 10868 9528 8377 7259 6301 5466 4715 4045 3442 2972 2535 2157 1817 1534 1301 1111 923 770 643 524 437 373 322 269 233 190 151 131 116 91 74 69 57 38 37 32 29 27 22 17 13 10 8 9 8 6 3 2 1 0 
1 1 1 1 1 1 3 4 4 3 3 3 4 5 8 9 10 11 11 12 15 17 20 23 27 29 35 37 45 53 59 69 75 89 106 128 149 167 187 228 273 307 351 399 463 535 629 743 844 986 1133 1293 1475 1720 1969 2242 2560 2926 3366 3783 4307 4864 5496 6338 7175 8007 9082 10217 11385 12694 14014 15489 17040 18646 20278 21854 23440 24813 26133 27309 28202 28902 29400 29411 29243 28675 28044 27040 25872 24428 22911 21316 19580 17816 16166 14372 12829 11419 10072 8775 7596 6606 5696 4914 4261 3650 3183 2696 2327 1966 1686 1425 1234 1063 897 752 641 540 461 409 363 315 261 226 177 151 130 117 90 70 50 44 38 35 31 30 22 15 15 12 10 6 4 3 2 2 2 1 1 1 1 1 1 1 0 
1 1 2 4 5 5 5 7 7 7 8 8 8 10 12 14 17 21 23 33 45 50 60 70 79 89 99 107 118 141 152 169 200 226 260 292 332 387 455 524 629 715 807 899 1015 1179 1355 1568 1777 2036 2311 2637 3018 3450 3921 4536 5202 5900 6740 7638 8572 9707 10900 12161 13495 14895 16401 17880 19560 21201 22738 24242 25615 26873 27855 28640 29100 29346 29494 29105 28414 27526 26416 25032 23570 22056 20335 18625 16923 15328 13779 12253 10741 9450 8259 7184 6172 5324 4599 3991 3424 2927 2464 2061 1765 1509 1265 1084 935 783 657 569 481 413 345 292 257 209 182 159 135 111 88 69 62 54 46 39 31 26 25 22 20 14 16 14 13 11 10 9 6 5 3 3 2 2 2 1 0 
1 1 1 1 1 1 2 2 2 1 1 1 2 5 5 5 6 7 7 11 14 17 23 26 29 33 40 48 56 63 74 84 102 114 120 132 147 171 210 242 282 310 363 415 493 551 593 691 793 913 1049 1219 1398 1612 1852 2096 2386 2713 3107 3595 4111 4632 5304 5984 6812 7679 8722 9764 10992 12240 13552 14892 16355 17782 19455 21032 22646 24144 25475 26679 27769 28609 29074 29267 29205 28885 28244 27374 26259 24920 23447 21803 20229 18475 16792 15110 13530 12074 10601 9327 8110 7081 6108 5236 4529 3894 3315 2862 2453 2148 1871 1618 1397 1187 1019 878 723 625 523 452 367 316 265 217 183 155 129 110 95 83 73 58 47 39 34 27 23 17 15 15 14 10 5 4 4 3 2 2 1 1 1 1 1 1 0 
1 1 1 1 1 1 2 2 2 2 3 2 4 5 5 5 5 5 5 7 6 6 8 12 14 17 19 20 25 29 36 43 50 60 69 82 90 107 116 142 155 185 219 253 297 331 390 434 511 584 687 798 941 1108 1244 1449 1622 1843 2106 2452 2817 3149 3556 4001 4594 5205 5940 6744 7585 8548 9595 10776 12077 13440 14901 16405 17976 19512 21112 22753 24209 25650 26977 27960 28767 29293 29675 29734 29386 28797 27884 26616 25248 23744 22111 20427 18631 16841 15187 13559 11988 10530 9282 8110 6997 6103 5276 4534 3911 3311 2806 2348 1991 1722 1454 1205 1038 848 731 604 511 445 365 313 272 243 215 184 161 131 111 92 81 68 53 48 43 30 27 23 20 13 13 10 10 8 7 7 6 6 4 3 3 3 1 1 1 1 1 1 1 0 
1 1 1 1 1 1 1 1 2 2 1 1 1 1 1 1 1 1 0 
1 1 1 1 1 3 5 5 5 7 8 9 8 8 10 10 14 15 20 25 24 25 29 34 36 40 48 60 63 70 79 85 95 110 130 142 170 190 234 255 286 332 373 409 468 527 604 699 803 963 1102 1266 1435 1601 1857 2128 2444 2818 3229 3645 4131 4739 5425 6146 7006 7904 8777 9829 11075 12342 13667 15174 16705 18264 19857 21406 22946 24388 25798 27043 27962 28686 29253 29418 29324 28890 28171 27261 25992 24690 23173 21525 19855 18141 16445 14874 13269 11796 10404 9149 8054 7007 6038 5243 4458 3869 3294 2821 2439 2084 1780 1515 1238 1053 896 745 642 551 468 399 328 280 236 206 183 153 136 121 109 95 81 69 62 52 45 39 31 24 21 15 13 12 11 8 7 6 4 3 2 2 2 2 1 0 
1 1 1 1 1 1 1 1 2 2 3 3 2 2 2 2 3 3 5 7 7 10 16 17 21 22 29 38 40 46 56 54 68 74 85 99 117 133 156 183 217 243 274 318 370 424 479 551 633 728 833 960 1082 1232 1390 1616 1833 2043 2363 2694 3135 3584 4069 4574 5181 5866 6678 7560 8544 9523 10700 11992 13344 14866 16324 18016 19512 20993 22633 24024 25538 26907 27899 28707 29199 29407 29263 28965 28211 27349 26242 24772 23212 21681 20073 18452 16687 15040 13525 12083 10614 9325 8156 7042 6144 5321 4595 3960 3367 2894 2465 2107 1788 1524 1306 1123 938 808 672 568 482 433 380 321 276 242 218 179 152 122 108 90 78 69 59 50 41 34 26 22 15 12 9 8 7 6 4 2 2 2 3 2 1 1 0 
1 1 1 1 1 2 1 1 1 1 1 1 0 
1 1 1 1 1 1 1 2 2 2 2 2 2 3 3 3 4 7 8 8 8 10 15 17 19 21 25 30 36 37 40 42 42 43 54 58 67 79 98 114 131 152 166 202 234 264 295 336 388 449 512 576 655 741 856 998 1164 1338 1522 1758 1991 2255 2662 3053 3470 3920 4448 5085 5736 6504 7315 8254 9297 10380 11572 12965 14371 15911 17558 19216 20756 22326 23885 25255 26532 27638 28704 29210 29436 29439 29172 28598 27826 26570 25297 23932 22343 20593 18942 17268 15553 13902 12333 10892 9607 8382 7290 6318 5440 4636 3941 3382 2911 2478 2144 1819 1554 1322 1102 944 828 708 605 508 426 345 291 245 218 181 152 122 96 82 70 57 49 47 39 35 32 29 23 19 18 14 12 13 12 11 10 10 11 11 8 8 7 7 6 5 4 4 2 1 1 0 
1 1 1 1 2 4 4 4 4 4 4 6 9 13 16 19 21 25 28 35 44 49 56 67 74 85 92 106 120 139 160 183 219 258 284 323 372 447 512 600 697 799 920 1073 1244 1414 1606 1882 2168 2521 2904 3315 3766 4305 4849 5506 6338 7236 8122 9135 10301 11492 12783 14124 15596 17157 18754 20398 21988 23539 25023 26386 27564 28523 29114 29437 29687 29527 29073 28200 27276 26025 24571 22989 21269 19541 17741 15982 14297 12659 11258 9866 8643 7507 6542 5687 4912 4297 3699 3156 2705 2309 1940 1662 1445 1255 1051 873 752 637 552 480 414 331 269 230 187 163 135 122 100 88 75 59 50 45 37 32 28 21 19 16 13 12 10 9 7 5 4 5 5 4 5 4 3 3 3 2 2 2 0 
1 1 1 1 1 1 1 1 1 3 3 3 2 2 2 3 4 8 9 7 6 6 8 8 10 12 13 12 12 16 16 14 18 20 21 21 24 25 27 37 42 44 50 61 68 79 91 103 122 139 159 187 213 242 274 319 371 419 483 542 613 708 809 915 1044 1228 1397 1624 1903 2173 2454 2827 3268 3740 4305 4890 5556 6213 7132 7992 9069 10188 11424 12723 14063 15542 17136 18649 20310 21864 23509 24982 26199 27330 28280 28943 29381 29376 29101 28703 28009 27104 25746 24374 22813 21049 19438 17786 15923 14291 12771 11369 10029 8786 7695 6621 5671 4947 4268 3673 3162 2676 2299 2018 1724 1464 1256 1073 925 789 674 569 486 411 345 292 250 207 172 149 141 123 100 83 70 57 53 47 42 36 33 26 19 19 18 16 14 14 14 13 10 7 7 5 2 3 3 3 3 2 2 2 1 1 1 1 1 1 1 1 1 1 1 0 
1 1 1 1 0 
1 1 1 1 2 3 3 3 3 3 3 3 6 9 12 11 14 21 23 26 30 33 36 42 50 59 72 83 92 104 114 120 144 170 201 247 278 318 368 418 481 555 639 743 859 993 1131 1290 1476 1704 1940 2196 2517 2916 3333 3798 4300 4872 5524 6197 6957 7880 8879 9964 11197 12429 13774 15185 16700 18279 19848 21465 22894 24373 25688 26890 27826 28610 28991 29220 29087 28610 27896 26987 25759 24375 22840 21245 19666 17913 16191 14592 13048 11579 10300 9088 7975 6915 6049 5235 4554 3912 3337 2891 2488 2154 1823 1549 1321 1140 978 834 713 595 508 429 361 289 254 219 189 171 151 125 109 91 81 63 59 49 43 36 32 28 24 20 18 15 14 10 8 6 5 3 3 2 2 2 2 2 2 2 2 1 1 0 
1 1 1 1 1 1 1 1 1 2 2 2 2 2 4 4 4 4 5 4 6 6 7 8 8 10 13 16 18 21 30 39 45 50 51 51 62 77 91 101 122 142 159 177 204 235 269 296 337 392 451 509 603 706 802 899 1040 1199 1393 1597 1820 2064 2328 2612 3004 3440 3959 4527 5103 5747 6535 7391 8340 9346 10470 11657 12936 14410 15968 17511 19144 20699 22309 23870 25376 26675 27706 28572 29110 29330 29384 29113 28443 27503 26409 25149 23708 22096 20494 18821 17187 15502 13944 12386 10951 9554 8384 7272 6250 5402 4655 3995 3455 2961 2526 2208 1904 1602 1387 1174 972 829 700 605 520 420 359 314 282 235 205 182 152 127 104 83 75 62 58 48 40 35 27 21 16 14 9 9 9 7 6 6 5 4 2 2 1 1 1 1 1 1 1 1 1 1 1 0 
1 1 1 1 1 3 4 4 4 5 5 6 6 7 7 9 10 10 17 20 23 33 34 39 43 58 65 73 82 99 109 125 148 178 196 235 269 314 354 404 465 516 583 668 782 896 1033 1193 1401 1612 1862 2075 2371 2724 3139 3546 4057 4657 5311 6015 6790 7719 8720 9771 10960 12252 13654 15106 16561 18219 19646 21342 22975 24470 25903 27199 28138 28989 29382 29562 29461 29091 28356 27409 26334 24928 23407 21771 20001 18267 16547 14956 13309 11867 10506 9216 8081 6975 6066 5220 4507 3857 3327 2848 2427 2051 1735 1473 1257 1065 898 784 637 529 451 355 296 267 218 186 172 146 125 101 88 75 64 54 44 38 32 22 19 17 10 5 3 3 2 1 1 0 
1 1 1 1 1 1 1 1 1 2 2 3 3 3 5 6 8 7 7 12 13 15 20 23 21 24 29 37 39 41 49 55 59 69 81 92 103 118 128 140 156 183 207 248 294 323 385 438 500 580 673 776 898 1038 1197 1401 1614 1875 2114 2384 2691 3109 3602 4121 4660 5299 6030 6833 7748 8815 9914 11092 12416 13815 15288 16798 18273 20037 21532 23115 24577 26050 27338 28317 29003 29478 29818 29653 29339 28587 27580 26242 24843 23197 21452 19694 18026 16347 14671 13019 11436 10073 8880 7754 6740 5832 5002 4302 3713 3186 2702 2343 2000 1712 1491 1261 1060 893 766 663 548 465 385 335 291 241 206 160 146 129 110 94 80 68 58 50 39 36 31 24 19 17 14 11 9 6 4 3 3 2 2 1 1 1 1 1 1 1 1 1 1 0 
1 1 1 1 4 4 3 3 3 4 3 4 5 4 3 3 4 5 5 8 8 9 10 10 12 12 14 18 19 25 31 31 39 45 52 60 71 88 94 102 117 130 156 184 212 241 266 309 362 421 485 567 654 765 878 1010 1194 1392 1586 1772 2024 2356 2684 3110 3598 4108 4702 5299 6002 6841 7742 8732 9822 11029 12202 13529 15157 16655 18304 19836 21484 23122 24607 25976 27218 28162 28787 29334 29589 29556 29150 28501 27543 26324 24920 23406 21851 20114 18480 16763 14939 13287 11765 10382 9102 7978 6934 5990 5134 4401 3812 3289 2833 2413 2094 1758 1512 1305 1083 927 783 650 552 466 401 329 282 237 196 168 138 115 94 72 67 57 50 42 34 25 21 17 14 13 12 10 10 7 8 7 7 6 5 4 4 4 4 4 4 3 3 2 1 0 
1 1 1 1 1 2 3 3 6 6 5 8 9 10 12 13 16 19 24 23 24 24 27 33 42 48 55 67 75 79 98 109 128 153 168 189 214 238 271 305 353 412 473 544 621 713 815 932 1068 1232 1430 1648 1928 2228 2558 2959 3328 3801 4363 4966 5624 6363 7216 8091 9104 10150 11431 12650 13962 15464 17017 18567 20165 21720 23290 24750 26124 27237 28142 28744 29110 29286 29203 28813 28067 27031 25800 24377 22833 21220 19620 17864 16208 14637 13060 11568 10228 8994 7805 6800 5865 5080 4373 3747 3203 2695 2304 1996 1690 1464 1212 1017 859 731 626 547 491 404 346 288 241 201 160 138 106 93 82 68 56 49 42 35 29 25 23 22 19 15 12 10 10 8 4 2 2 1 1 1 1 1 0 
1 1 1 1 1 1 3 3 3 3 4 7 7 7 8 11 15 18 18 19 22 27 41 45 56 61 64 72 81 96 107 127 151 179 210 250 274 316 380 449 530 589 668 770 877 1034 1198 1362 1611 1870 2131 2403 2740 3102 3539 4058 4674 5260 6057 6795 7666 8597 9681 10809 12121 13400 14859 16372 17847 19327 20953 22568 24038 25352 26544 27599 28476 29073 29373 29269 28978 28428 27613 26518 25145 23697 22125 20432 18777 16916 15144 13548 12093 10610 9244 8079 7032 6128 5303 4575 3908 3322 2883 2472 2086 1773 1496 1267 1087 910 758 643 554 460 386 319 267 217 177 141 114 110 100 87 75 67 58 48 44 41 34 27 23 21 17 11 9 8 6 6 6 5 5 5 5 5 5 4 2 2 1 1 0 
1 2 4 5 5 5 8 9 11 12 17 19 23 26 28 31 34 39 48 62 68 71 77 89 99 116 133 153 169 193 223 274 323 366 421 488 589 688 779 911 1050 1217 1403 1634 1846 2150 2411 2748 3182 3663 4210 4762 5418 6181 6981 7906 8975 10115 11261 12492 13834 15290 16867 18566 20190 21796 23357 24791 26104 27297 28214 29014 29486 29704 29518 29076 28366 27357 26149 24636 23157 21424 19717 17907 16184 14517 12910 11480 10071 8833 7684 6692 5764 4991 4260 3643 3194 2750 2367 2026 1699 1447 1238 1082 913 752 652 540 463 405 351 296 244 209 179 145 127 116 101 85 75 67 60 53 47 41 36 31 28 25 22 18 15 11 11 8 7 6 6 5 4 3 2 2 2 2 1 1 0 
1 1 1 1 1 2 4 4 5 6 6 8 9 12 14 17 20 26 26 30 33 36 40 52 47 56 71 81 98 109 122 141 167 196 220 249 291 332 390 440 519 588 688 795 915 1093 1239 1426 1610 1841 2125 2408 2719 3108 3583 4058 4616 5235 5898 6722 7627 8596 9612 10838 12058 13397 14827 16307 17857 19460 21171 22704 24189 25624 26814 27837 28783 29308 29578 29527 29223 28555 27489 26188 24822 23366 21769 20021 18384 16699 15107 13580 12010 10592 9270 8109 7023 6078 5259 4564 3899 3328 2861 2433 2079 1762 1503 1287 1070 893 738 615 512 446 374 318 270 217 175 155 133 121 103 89 77 66 57 54 47 39 32 25 21 14 13 9 9 7 5 3 2 1 1 2 2 2 2 2 2 2 3 2 2 2 2 2 2 2 2 2 1 1 0 
1 1 1 1 1 2 2 2 2 4 4 4 6 8 14 17 16 14 18 22 28 33 37 45 55 56 60 80 89 99 117 140 154 183 219 266 299 339 378 422 495 562 655 769 904 1052 1241 1425 1626 1857 2187 2458 2771 3294 3838 4400 4976 5661 6384 7263 8214 9269 10426 11651 12927 14181 15690 17161 18835 20458 22000 23504 24898 26245 27360 28142 28900 29373 29455 29288 28846 28059 26974 25792 24258 22795 21114 19437 17731 15973 14295 12791 11270 9956 8709 7556 6538 5680 4917 4206 3631 3135 2654 2276 1972 1687 1415 1200 1016 865 738 644 534 444 374 323 274 227 198 164 142 107 87 77 61 56 49 38 33 28 22 20 19 12 10 8 7 6 5 4 5 4 4 3 3 3 2 1 1 0 
1 1 1 1 2 3 4 5 5 6 5 5 5 8 8 13 11 13 14 15 17 17 17 21 27 27 33 34 42 47 53 58 67 74 84 96 107 132 153 173 190 223 261 303 351 390 445 503 573 633 732 874 1029 1188 1350 1551 1771 2028 2302 2654 3075 3537 4059 4611 5232 5928 6665 7564 8606 9665 10841 12063 13381 14824 16316 17963 19581 21150 22661 24139 25581 26857 27818 28677 29195 29529 29586 29153 28440 27577 26390 24966 23450 21884 20077 18421 16687 15014 13547 12032 10698 9378 8256 7207 6286 5459 4655 3989 3385 2867 2438 2052 1764 1482 1221 1056 896 771 667 578 508 430 365 318 270 219 183 158 137 114 100 85 71 56 50 44 30 27 22 21 22 18 13 8 5 5 5 4 3 3 3 3 3 2 1 1 1 0 
1 1 1 2 3 3 4 4 5 9 11 14 16 14 15 17 22 29 30 32 36 44 49 56 67 78 90 109 125 137 162 181 228 255 291 328 368 431 504 571 666 752 871 971 1096 1271 1497 1686 1942 2205 2511 2880 3262 3658 4123 4756 5432 6196 7025 7893 8888 10058 11274 12388 13809 15231 16810 18444 20049 21683 23183 24620 25913 27126 28125 28770 29266 29489 29202 28748 27977 26976 25827 24434 22834 21258 19622 17876 16224 14545 12981 11457 10166 8921 7780 6839 5965 5162 4459 3834 3282 2823 2433 2110 1784 1518 1302 1115 931 782 666 561 473 415 349 275 233 194 159 137 111 103 87 72 67 62 49 39 37 31 28 23 19 21 20 19 16 13 11 10 9 9 9 9 7 8 5 5 5 4 4 4 4 3 3 2 2 1 0 
1 1 1 1 2 3 3 3 4 3 3 2 3 5 5 6 7 8 9 10 10 16 21 27 32 35 47 50 56 61 76 85 100 112 131 145 187 231 257 309 346 405 463 537 636 738 839 955 1072 1213 1391 1659 1897 2171 2446 2802 3210 3712 4223 4809 5442 6181 7051 8019 9027 10074 11228 12549 13977 15415 16946 18549 20145 21741 23257 24765 26035 27165 28217 28829 29296 29475 29476 29027 28271 27323 26087 24687 23142 21441 19745 17909 16219 14577 12981 11492 10119 8843 7712 6752 5855 5030 4316 3715 3183 2712 2307 1956 1653 1414 1173 994 853 708 598 514 437 357 306 259 221 194 170 142 120 102 84 73 59 46 34 29 25 22 17 14 15 12 9 7 6 8 5 4 3 2 2 2 2 2 2 1 1 1 2 2 1 1 1 1 1 1 1 0 
1 1 1 2 2 2 1 1 3 3 3 3 5 5 5 5 8 8 8 8 8 7 10 11 14 19 27 30 33 40 43 47 52 60 73 86 97 116 134 156 175 195 222 250 290 334 376 442 538 607 700 811 902 1037 1184 1365 1548 1784 2041 2315 2640 3023 3458 4006 4578 5226 5930 6777 7682 8710 9835 11019 12399 13721 15119 16664 18251 19853 21546 23195 24641 25986 27187 28284 29130 29648 29858 29785 29370 28598 27643 26444 24949 23469 21809 20160 18368 16554 14818 13218 11664 10272 8978 7783 6762 5854 5027 4283 3669 3139 2657 2245 1896 1612 1366 1163 987 823 699 597 528 437 361 291 243 195 154 128 117 102 84 66 53 41 36 35 30 26 25 23 19 17 12 11 5 6 5 5 6 5 4 4 4 3 3 3 2 2 2 2 1 1 1 0 
1 1 1 1 2 2 2 2 3 6 10 11 14 16 17 24 28 25 36 45 49 59 67 77 81 95 101 122 134 157 201 227 260 301 343 406 458 519 632 713 801 917 1054 1210 1408 1658 1885 2140 2401 2712 3133 3592 4061 4611 5192 5879 6642 7460 8505 9548 10705 11988 13352 14757 16222 17844 19401 20999 22450 24094 25448 26695 27840 28729 29391 29684 29727 29309 28704 27880 26719 25282 23740 22131 20475 18605 16804 15082 13538 12119 10692 9416 8228 7131 6155 5344 4589 3961 3382 2891 2472 2108 1790 1578 1357 1145 948 817 708 596 513 433 362 299 251 208 178 144 123 98 89 64 54 46 39 37 33 28 29 27 24 21 21 19 17 20 17 13 12 6 7 6 6 4 3 2 2 2 0 
1 1 1 1 1 1 1 2 2 3 4 4 5 5 5 6 6 5 5 3 6 7 8 11 14 17 21 22 25 24 29 40 46 53 64 77 90 103 116 129 149 173 202 250 288 334 384 419 472 536 621 720 843 958 1094 1274 1494 1726 1969 2259 2631 3005 3461 3989 4555 5168 5786 6561 7498 8491 9553 10743 11991 13287 14701 16213 17796 19426 20946 22451 24003 25390 26553 27610 28448 28931 29174 29125 28818 28220 27532 26493 25216 23809 22214 20436 18665 17033 15422 13857 12329 10947 9698 8434 7332 6377 5520 4777 4115 3469 3010 2587 2196 1865 1564 1313 1116 944 805 703 600 496 423 361 296 246 210 182 156 126 107 93 81 68 54 45 33 29 24 21 18 17 13 12 9 8 8 7 6 6 4 4 4 2 1 1 1 1 1 1 1 0 
1 1 1 1 2 2 3 3 3 3 4 5 5 6 10 11 11 15 17 23 25 25 28 31 36 39 47 51 67 78 87 101 117 126 150 179 206 249 289 322 375 429 502 573 684 787 900 1019 1135 1305 1538 1758 2019 2329 2685 3047 3490 3938 4476 5125 5829 6645 7473 8422 9461 10645 11890 13173 14642 16151 17761 19292 20936 22563 24096 25413 26623 27679 28581 29298 29573 29582 29206 28714 27822 26664 25395 23876 22185 20500 18806 17135 15430 13809 12284 10850 9555 8338 7229 6290 5433 4623 3951 3359 2881 2429 2062 1725 1469 1236 1063 925 789 666 550 444 378 314 266 225 190 166 148 131 107 95 76 67 55 47 35 29 25 17 16 14 10 10 5 6 6 5 3 3 3 3 2 2 2 1 1 1 1 1 1 0 
1 1 1 1 1 1 1 1 3 3 2 2 2 2 2 1 1 0 
1 1 3 3 3 4 6 5 5 7 7 7 12 17 23 27 32 34 36 41 55 67 70 86 104 118 139 155 167 196 232 259 297 350 400 470 544 635 735 822 937 1084 1225 1410 1606 1826 2103 2392 2743 3181 3624 4192 4767 5414 6198 6984 7834 8914 10024 11236 12539 13905 15424 17009 18558 20205 21824 23493 24948 26311 27470 28453 29086 29497 29705 29492 29031 28319 27206 26015 24652 23013 21326 19651 17937 16298 14640 12969 11458 10053 8776 7622 6660 5786 4940 4176 3609 3067 2636 2209 1867 1601 1366 1149 981 846 731 621 512 430 373 319 268 232 198 171 142 116 102 80 64 51 44 38 29 29 29 20 17 11 9 8 8 7 5 5 3 4 4 3 3 2 3 4 4 3 2 2 2 1 1 1 0 
1 1 1 1 1 1 1 1 2 2 1 1 1 2 2 2 3 3 3 4 4 4 5 5 7 8 9 10 13 14 15 22 26 29 34 36 34 40 48 56 59 64 77 89 102 114 147 175 193 222 255 291 330 378 443 511 576 670 754 848 1017 1137 1287 1449 1633 1848 2163 2481 2838 3208 3688 4224 4799 5462 6200 7008 7863 8878 9902 11067 12376 13761 15295 16816 18381 20013 21621 23107 24460 25893 27070 27989 28770 29272 29562 29332 28894 28257 27358 26260 24792 23147 21416 19681 18017 16222 14612 13052 11609 10173 8860 7838 6790 5838 5021 4311 3716 3182 2711 2315 1965 1668 1434 1221 1037 897 786 665 546 459 396 336 279 236 201 171 145 130 110 87 76 64 53 45 38 33 29 23 20 16 15 11 11 7 6 8 5 4 4 4 3 3 3 3 3 2 2 1 1 1 1 1 0 
1 1 1 1 1 1 1 1 1 1 2 4 3 3 3 3 3 4 5 5 5 6 7 8 10 10 10 10 14 15 17 17 18 26 32 39 46 49 59 64 80 91 99 104 113 141 152 182 205 230 267 304 335 366 423 496 587 655 762 851 965 1122 1289 1486 1718 1987 2223 2537 2930 3321 3780 4311 4934 5591 6383 7247 8135 9148 10258 11480 12775 14220 15710 17235 18886 20544 22066 23717 25270 26554 27648 28546 29054 29406 29436 29158 28576 27771 26733 25547 24070 22471 20895 19084 17329 15601 14014 12461 11044 9690 8505 7399 6393 5509 4817 4172 3574 3027 2593 2179 1864 1580 1326 1132 925 781 646 569 467 395 339 276 229 202 169 137 119 99 84 70 61 50 46 39 32 29 22 16 14 11 12 7 6 7 6 5 4 3 3 1 2 2 2 2 1 1 1 0 
1 1 1 1 1 1 1 1 2 2 2 4 3 3 3 3 3 2 2 2 3 5 3 3 3 7 9 10 13 12 12 12 15 21 25 30 36 42 47 58 64 72 76 88 96 121 139 162 191 222 254 295 346 414 483 542 606 688 803 954 1075 1248 1442 1676 1896 2195 2558 2892 3291 3764 4306 4963 5587 6332 7166 8136 9154 10343 11603 12866 14314 15832 17337 18914 20497 22116 23701 25042 26200 27256 28216 28939 29487 29663 29363 28839 28092 27040 25753 24164 22699 21050 19368 17627 15951 14244 12670 11253 9909 8701 7585 6561 5646 4850 4167 3530 3027 2556 2181 1852 1572 1327 1137 987 821 677 587 495 409 350 303 249 199 174 143 115 106 91 79 74 66 59 47 45 40 32 29 20 20 16 15 13 14 9 6 6 6 5 5 3 3 2 2 1 0 
1 1 1 1 1 1 1 1 1 1 0 
1 1 1 1 1 1 1 2 1 1 3 4 5 6 7 6 5 5 5 7 9 12 16 18 20 24 26 28 35 42 50 56 64 72 83 92 107 132 143 174 196 213 236 273 325 363 410 487 575 662 774 897 1036 1176 1354 1589 1812 2078 2357 2690 3102 3526 4003 4548 5095 5818 6562 7507 8509 9483 10583 11752 12989 14461 15958 17492 19047 20712 22101 23594 25080 26338 27420 28238 28811 29221 29109 28810 28252 27499 26539 25250 23813 22155 20582 18976 17230 15549 13934 12479 10965 9730 8470 7381 6418 5528 4733 4090 3464 2972 2510 2132 1842 1555 1329 1133 968 816 702 599 508 439 383 319 283 235 208 173 145 130 120 109 100 86 66 56 46 42 32 31 28 23 23 21 22 20 17 13 8 8 8 9 8 6 3 3 2 2 1 1 1 1 0 
1 1 1 1 0 
1 1 1 2 3 3 2 3 3 3 5 4 4 5 5 6 7 9 10 14 17 21 24 28 36 39 46 57 60 68 84 100 114 140 165 185 215 246 298 355 404 469 520 575 665 752 853 974 1131 1322 1517 1741 1980 2265 2583 2946 3374 3831 4343 4963 5586 6324 7150 8153 9083 10207 11434 12769 14119 15524 17098 18726 20367 22010 23500 25002 26280 27414 28413 29131 29578 29695 29423 28839 28082 26995 25591 24148 22641 21030 19253 17516 15812 14172 12592 11143 9851 8642 7588 6555 5667 4882 4206 3632 3100 2679 2301 1944 1656 1395 1175 1008 847 714 617 522 456 394 317 260 220 179 157 136 113 82 65 51 43 35 28 23 18 15 13 11 10 8 8 6 3 3 2 1 1 1 1 0 
1 1 1 1 1 1 1 2 3 3 7 7 7 10 10 11 13 13 13 12 13 14 17 20 21 31 39 38 42 43 53 60 71 84 94 100 107 132 151 169 201 224 248 280 319 372 423 472 551 632 740 846 948 1083 1272 1478 1732 1978 2274 2610 2971 3418 3917 4462 5074 5785 6555 7427 8418 9361 10523 11698 12966 14302 15703 17301 18879 20501 22077 23544 24960 26163 27420 28325 29026 29322 29483 29337 28767 27977 26903 25551 24155 22664 21056 19282 17532 15835 14238 12637 11138 9896 8652 7520 6500 5663 4889 4186 3573 3058 2593 2229 1870 1576 1371 1164 972 823 693 585 489 427 367 310 264 212 181 153 125 106 94 81 61 56 50 45 37 30 23 21 18 16 10 9 7 1 0 
1 1 1 1 1 1 1 1 1 2 2 2 2 2 2 2 2 3 3 3 3 5 7 8 13 14 17 23 28 31 42 46 58 74 95 113 121 144 160 183 214 241 293 336 383 447 497 584 666 769 880 1006 1139 1318 1531 1763 2029 2288 2627 3026 3502 4002 4532 5153 5841 6612 7529 8548 9558 10666 11906 13270 14709 16194 17767 19270 20830 22499 24049 25526 26862 27930 28709 29365 29710 29724 29347 28761 27870 26807 25501 23994 22209 20428 18698 16903 15247 13651 12019 10697 9395 8172 7164 6198 5336 4585 3920 3377 2966 2500 2139 1828 1536 1319 1142 956 811 689 583 480 404 359 295 244 197 164 139 118 102 83 71 57 50 47 37 28 22 20 18 16 12 12 10 11 9 9 9 8 7 7 6 4 3 2 1 1 0 
1 1 1 1 1 1 2 2 2 4 4 6 6 5 5 9 9 11 13 18 20 20 21 24 28 37 41 44 53 59 66 78 87 102 110 137 154 177 207 230 259 311 359 406 455 516 607 702 834 996 1152 1286 1452 1660 1900 2188 2587 2970 3401 3873 4372 4985 5674 6360 7228 8167 9188 10314 11521 12817 14174 15619 17216 18753 20373 21917 23449 25078 26375 27596 28570 29102 29461 29562 29393 28800 27962 26842 25439 23971 22442 20737 19057 17406 15701 14127 12569 11055 9742 8608 7526 6600 5699 4915 4273 3646 3121 2659 2300 1992 1714 1456 1223 1052 886 756 651 556 478 417 358 293 259 218 182 156 131 118 103 94 83 71 64 57 46 38 33 28 24 18 14 10 9 6 4 1 1 0 
1 1 1 1 1 2 2 2 1 1 1 1 1 2 3 2 2 2 2 2 3 4 4 4 4 5 6 8 10 11 14 15 18 19 22 24 30 39 47 53 58 62 69 90 107 136 147 158 182 202 233 277 307 348 418 465 530 607 718 810 946 1084 1237 1413 1623 1810 2098 2420 2782 3139 3578 4056 4654 5305 5980 6798 7788 8760 9874 11058 12318 13675 15266 16716 18331 19996 21587 23234 24812 26127 27256 28134 28879 29395 29672 29497 29095 28202 27257 26106 24623 23065 21465 19659 17953 16396 14696 13124 11676 10292 9031 7878 6826 5946 5126 4448 3845 3290 2832 2376 2048 1754 1484 1257 1071 914 757 639 532 455 390 322 269 221 193 165 147 131 108 97 85 72 64 52 47 41 33 29 24 19 15 12 11 8 4 4 2 1 1 0 
1 1 1 1 2 1 2 4 5 7 8 9 9 15 18 22 25 28 31 36 35 36 43 50 63 79 89 99 107 120 148 179 202 229 263 299 341 401 454 529 618 697 823 957 1096 1260 1407 1635 1883 2186 2501 2852 3277 3817 4354 4874 5610 6304 7165 8065 9123 10272 11452 12735 14170 15583 17125 18696 20280 21777 23473 24893 26235 27233 28198 28875 29306 29644 29490 28856 28122 27085 25783 24335 22812 21065 19268 17527 15856 14280 12719 11292 10008 8814 7666 6676 5811 4981 4293 3738 3168 2711 2318 1980 1666 1407 1178 1000 850 702 602 533 447 370 310 255 212 184 156 128 115 98 84 69 58 44 38 28 22 20 18 16 14 11 11 8 7 6 5 4 3 2 2 2 2 2 2 3 3 3 3 3 2 1 2 1 1 1 1 1 1 1 1 1 1 0 
1 1 1 1 2 2 2 2 4 5 5 5 5 7 10 14 16 19 27 30 35 39 51 55 67 80 90 103 124 147 161 183 208 241 290 330 385 428 477 553 639 748 867 1002 1165 1323 1473 1672 1881 2162 2461 2817 3220 3687 4213 4787 5460 6208 7069 7978 9013 10100 11288 12699 14137 15636 17125 18694 20371 21972 23571 25012 26311 27416 28329 28993 29347 29581 29358 28827 28152 27197 25954 24490 22887 21233 19527 17840 15980 14408 12834 11380 10032 8787 7683 6679 5805 4927 4257 3635 3068 2636 2237 1908 1618 1385 1179 1033 870 720 607 504 399 341 295 263 215 183 149 124 100 87 82 69 58 50 40 36 27 22 20 17 13 12 12 10 10 8 7 6 5 6 5 4 2 2 2 2 2 2 2 2 2 2 2 2 1 1 1 1 1 0 
1 1 1 2 3 4 4 3 4 4 4 3 3 4 4 5 8 9 11 14 19 23 23 24 25 29 36 40 48 55 62 67 70 81 98 112 126 147 172 203 234 268 310 368 422 484 570 646 744 876 1006 1156 1359 1536 1776 1988 2279 2607 2962 3340 3815 4367 4986 5701 6431 7238 8310 9322 10428 11647 12956 14503 16050 17539 19073 20699 22281 23901 25384 26594 27728 28673 29258 29580 29639 29346 28845 28049 26853 25478 23946 22271 20589 19018 17333 15574 14035 12463 11029 9721 8542 7399 6425 5540 4736 4057 3465 2962 2542 2220 1878 1557 1306 1116 953 829 725 607 522 447 380 319 262 225 180 164 131 107 97 85 66 60 51 44 33 29 22 17 14 12 13 12 10 5 3 3 4 4 3 3 3 2 1 0 
1 1 1 1 1 1 1 1 2 2 3 4 6 6 6 6 7 10 13 15 20 27 33 38 42 41 49 59 58 66 81 87 106 118 140 160 180 203 229 258 295 331 387 449 512 580 667 766 868 996 1159 1337 1535 1764 1980 2245 2571 2950 3378 3842 4436 5103 5788 6640 7560 8515 9655 10908 12113 13401 14902 16415 18065 19637 21307 22972 24397 25857 26996 28028 28875 29331 29792 29777 29461 28719 27713 26541 25171 23622 21906 20212 18432 16659 14975 13405 12006 10611 9376 8174 7081 6158 5323 4599 3961 3349 2833 2424 2091 1760 1504 1276 1093 927 790 633 523 430 381 321 282 257 218 184 153 137 112 95 69 62 54 45 39 30 26 27 26 19 18 14 9 7 6 6 4 4 5 5 4 2 2 2 2 1 1 1 1 1 1 1 1 1 1 1 1 1 1 1 1 0 
1 1 1 1 1 1 1 1 1 1 2 2 2 2 2 2 2 2 2 4 4 6 9 12 16 15 15 19 19 20 23 25 26 28 34 40 45 45 53 61 67 78 91 106 119 134 146 171 215 241 278 325 368 418 488 554 626 714 806 949 1109 1276 1489 1708 1985 2234 2557 2948 3368 3804 4315 4931 5565 6350 7196 8140 9197 10376 11554 12805 14239 15730 17356 18990 20661 22252 23705 25238 26497 27542 28381 29021 29316 29260 29146 28667 27944 26915 25615 24153 22526 20885 19131 17338 15634 14060 12515 11168 9843 8580 7503 6445 5584 4839 4141 3541 2960 2540 2169 1838 1540 1325 1143 985 826 696 595 505 425 359 306 264 222 195 171 143 117 105 98 81 75 71 64 53 42 34 29 24 22 22 17 14 12 12 11 8 8 5 5 5 5 4 3 2 1 1 1 1 1 0 
1 1 1 1 1 1 1 1 2 3 3 4 3 4 5 5 7 8 9 15 16 17 21 22 29 32 41 39 44 52 58 68 85 101 111 117 139 151 176 197 221 254 297 338 391 450 519 585 692 787 873 1007 1167 1331 1530 1770 2062 2346 2690 3011 3437 3931 4510 5142 5819 6597 7458 8401 9465 10658 11929 13248 14552 16056 17673 19265 20854 22461 23900 25249 26421 27431 28308 28926 29220 29116 28896 28382 27649 26480 25132 23582 22002 20375 18777 17237 15573 13972 12386 10971 9683 8553 7480 6517 5697 4914 4235 3625 3123 2663 2269 1956 1636 1358 1149 985 829 706 592 489 401 359 313 273 231 198 176 147 133 117 108 90 76 66 58 48 41 41 36 29 23 20 13 11 11 10 8 7 6 7 6 5 4 4 4 4 2 1 1 1 1 1 1 1 0 
1 1 1 1 1 1 1 1 1 1 1 1 1 3 2 2 2 2 3 5 7 10 11 11 13 13 19 21 22 23 24 28 33 37 44 53 57 70 77 98 108 126 139 159 189 237 279 318 360 408 466 528 624 707 833 944 1099 1273 1475 1713 1925 2199 2494 2889 3309 3791 4395 5046 5758 6547 7440 8445 9458 10500 11877 13247 14643 16133 17715 19243 20896 22418 23903 25322 26602 27820 28702 29356 29586 29632 29390 28822 27928 26694 25444 23969 22442 20714 18877 17051 15374 13791 12311 10799 9508 8303 7201 6288 5423 4668 4040 3473 2968 2551 2156 1822 1525 1311 1132 986 832 724 612 521 441 385 324 272 225 187 166 134 121 100 87 70 60 54 47 35 27 21 19 17 12 9 9 9 9 8 7 6 6 6 4 3 1 1 0 
1 1 1 1 2 2 2 2 1 2 2 2 2 2 2 5 5 5 5 5 6 7 9 10 10 11 10 10 12 17 19 19 22 27 29 32 38 44 47 56 64 83 92 102 109 132 159 190 224 257 289 324 376 441 520 592 681 772 890 1022 1210 1407 1582 1802 2057 2343 2661 3042 3489 3957 4453 5074 5717 6508 7378 8303 9339 10446 11638 13059 14548 16026 17650 19240 20875 22459 24108 25556 26704 27831 28729 29366 29596 29596 29281 28714 27831 26831 25587 24172 22438 20866 19101 17197 15519 13917 12400 10911 9533 8317 7178 6128 5263 4512 3895 3316 2790 2365 1983 1653 1396 1185 1027 879 759 648 537 466 394 316 255 209 183 156 131 112 98 87 74 66 55 43 33 27 24 21 17 10 8 7 5 3 3 4 2 1 2 2 2 1 1 1 1 1 1 1 1 1 0 
1 1 1 1 1 1 1 1 1 2 4 4 5 4 4 5 5 8 10 12 12 15 16 18 18 18 19 23 26 28 34 32 30 41 45 53 63 72 84 97 116 127 136 159 190 219 246 293 349 409 474 556 636 739 827 946 1109 1270 1468 1721 1983 2278 2595 2982 3415 3899 4458 5026 5696 6510 7335 8293 9287 10434 11693 12990 14349 15809 17334 18894 20544 22163 23664 25057 26306 27316 28270 28823 29255 29262 29026 28596 27819 26725 25612 24130 22588 20949 19241 17589 15919 14255 12677 11203 9874 8623 7561 6558 5653 4818 4154 3595 3086 2628 2224 1879 1591 1354 1159 952 840 685 594 491 417 349 305 255 209 174 151 130 102 83 72 58 50 43 35 27 22 21 17 14 14 12 9 9 8 5 4 5 5 4 3 2 2 2 2 0 
1 1 1 1 1 1 2 2 2 2 3 4 4 5 5 10 11 15 17 20 23 32 30 36 35 37 45 52 60 78 94 102 112 125 145 164 185 221 255 297 345 388 440 506 595 678 794 927 1058 1226 1401 1612 1861 2119 2447 2804 3239 3671 4208 4811 5474 6204 7077 7989 9020 10157 11410 12643 14031 15532 17062 18613 20204 21834 23347 24802 26090 27275 28334 28981 29395 29510 29283 28716 28019 27039 25747 24329 22836 21233 19515 17865 16161 14498 12937 11505 10121 8906 7751 6713 5875 5072 4308 3737 3225 2731 2340 2039 1716 1447 1238 1044 887 748 635 534 471 384 315 251 212 185 155 130 116 103 90 78 62 51 43 37 34 32 24 22 19 16 14 12 11 11 10 10 10 9 9 9 8 7 4 4 5 4 5 6 5 4 5 4 3 3 3 3 3 3 2 1 1 1 1 2 2 2 2 2 2 3 2 2 2 2 2 2 1 2 2 1 1 1 2 2 2 1 1 1 1 1 1 2 2 2 2 2 2 1 1 1 2 2 2 2 2 3 3 1 1 1 1 1 2 2 1 1 1 1 1 1 1 0 
1 1 1 1 1 1 1 1 3 3 4 5 5 6 7 7 9 9 14 15 18 21 22 31 39 42 51 57 68 71 94 105 116 136 166 204 230 252 288 336 398 459 521 606 701 829 944 1094 1266 1447 1666 1919 2200 2506 2831 3266 3698 4222 4819 5571 6292 7104 8071 9147 10286 11530 12817 14342 15754 17205 18669 20295 21904 23464 24763 26056 27161 28127 28881 29285 29314 28998 28638 28045 26960 25645 24289 22763 21147 19448 17672 16006 14346 12830 11416 10040 8770 7671 6676 5790 5031 4330 3745 3228 2730 2343 1971 1710 1437 1241 1059 925 773 641 550 479 417 368 300 244 209 177 146 123 103 88 66 52 50 43 36 32 27 22 17 15 10 10 7 7 4 4 3 3 3 2 2 2 2 2 2 1 1 1 1 1 0 
1 3 4 8 10 10 11 12 15 19 27 27 30 31 36 41 50 57 65 75 89 99 108 124 138 154 172 205 231 258 289 346 403 456 528 591 683 809 909 1032 1191 1373 1583 1847 2124 2412 2735 3149 3610 4171 4753 5430 6185 7001 7967 9064 10237 11510 12893 14377 15950 17540 19151 20583 22118 23546 25041 26588 27661 28574 29269 29660 29628 29440 29043 28210 27034 25710 24124 22577 20933 19230 17557 15764 14197 12626 11133 9891 8611 7529 6549 5679 4927 4217 3608 3086 2617 2213 1903 1605 1358 1156 999 842 736 638 536 445 377 319 265 234 194 164 139 118 99 87 77 68 60 51 45 41 34 27 28 23 20 18 17 14 10 5 3 3 2 2 3 3 3 3 2 2 2 0 
1 1 1 1 1 3 2 2 2 2 4 4 5 6 6 6 7 7 8 8 10 12 11 13 17 20 20 21 24 27 29 39 42 47 51 59 70 74 82 99 128 144 158 190 211 243 277 319 371 439 511 577 670 777 897 1022 1192 1356 1551 1820 2063 2359 2699 3099 3524 4037 4658 5242 5942 6731 7627 8650 9704 10763 12069 13397 15041 16497 17990 19625 21187 22864 24401 25942 27132 28227 29032 29529 29868 29805 29432 28808 27930 26736 25236 23642 21951 20155 18439 16678 14937 13395 11887 10543 9209 8053 7020 6098 5252 4546 3870 3311 2800 2374 2049 1731 1442 1227 1029 841 689 603 503 432 358 297 250 201 166 142 123 96 76 65 49 44 35 27 20 16 10 7 7 6 5 4 3 3 3 2 2 2 1 1 0 
1 1 1 1 1 1 1 1 1 1 2 3 3 3 3 4 6 6 5 6 5 7 6 10 8 13 17 22 24 25 23 32 28 36 48 51 59 68 75 88 101 109 133 146 164 185 226 268 300 334 383 445 507 585 691 775 885 1016 1148 1314 1510 1739 1992 2316 2624 2998 3430 3945 4508 5145 5761 6597 7510 8498 9600 10732 12038 13318 14755 16259 17890 19443 21039 22690 24163 25536 26904 28112 28868 29362 29661 29579 29335 28639 27717 26576 25125 23633 22009 20261 18634 16901 15259 13632 12075 10627 9345 8195 7066 6185 5327 4559 3943 3410 2904 2474 2107 1822 1547 1321 1135 977 825 715 598 502 435 376 306 257 216 175 158 141 123 107 95 81 68 60 46 41 27 25 22 19 10 9 5 4 3 3 2 2 1 1 0 
1 1 1 1 1 1 2 1 1 1 1 2 3 3 3 3 4 6 7 7 9 11 11 14 15 22 26 28 29 32 38 42 51 59 67 71 75 88 101 121 137 153 172 201 223 251 294 328 365 416 462 524 631 739 843 1002 1198 1352 1550 1728 1969 2240 2541 2888 3315 3801 4352 4928 5564 6353 7181 8074 9108 10302 11563 12855 14272 15780 17361 18880 20518 22200 23689 25206 26477 27602 28449 29012 29438 29432 29289 28720 27981 26902 25595 24174 22600 20978 19220 17416 15640 14013 12460 10977 9684 8579 7518 6548 5681 4909 4185 3594 3052 2614 2227 1914 1609 1363 1155 994 839 723 610 529 472 393 344 305 265 212 186 160 142 116 100 84 71 56 53 46 41 29 24 22 20 16 15 9 9 7 7 8 8 7 7 6 4 4 4 4 3 3 4 3 3 3 3 3 2 2 1 0 
1 1 1 3 6 6 6 8 10 12 12 11 13 13 15 21 25 26 33 41 44 47 54 63 81 90 98 107 121 144 164 194 230 267 291 332 375 433 512 571 666 755 863 1002 1141 1313 1453 1665 1901 2181 2477 2835 3219 3703 4236 4762 5409 6121 6924 7815 8771 9862 11110 12439 13812 15317 16825 18451 20075 21640 23197 24697 26032 27197 28076 28805 29224 29302 29144 28849 28058 26995 25841 24484 22898 21234 19555 17940 16245 14622 13096 11647 10274 9034 7840 6802 5900 5118 4393 3782 3193 2767 2348 1970 1662 1449 1240 1026 858 711 606 521 451 368 323 275 230 198 173 158 134 115 103 90 78 61 55 44 40 35 31 24 22 17 14 11 11 8 6 7 7 7 6 3 2 2 2 1 0 
1 1 2 2 4 6 8 10 12 14 14 15 19 24 24 28 30 33 37 48 56 66 75 90 105 113 129 147 161 179 206 256 295 336 390 463 514 552 640 724 827 936 1069 1247 1452 1699 1954 2218 2555 2956 3392 3871 4422 4971 5685 6429 7263 8226 9273 10422 11638 12967 14409 15910 17381 18970 20519 22195 23817 25261 26487 27683 28490 29065 29509 29697 29592 28915 28104 26903 25582 24050 22374 20553 18876 17083 15420 13808 12254 10799 9431 8264 7215 6216 5411 4671 3990 3432 2947 2525 2162 1828 1531 1308 1122 940 802 666 569 483 416 347 293 251 210 181 155 139 125 107 96 83 69 57 43 35 29 25 22 16 13 10 7 6 6 6 6 6 7 6 6 5 5 4 4 3 2 1 1 1 1 1 0 
1 1 1 3 3 4 5 5 8 7 10 13 16 21 24 24 27 39 49 55 64 72 81 101 124 143 173 196 225 264 307 344 411 472 538 608 718 803 910 1050 1230 1397 1594 1853 2128 2439 2813 3237 3665 4144 4753 5421 6260 7017 7937 8947 10116 11329 12646 14159 15656 17205 18845 20488 22016 23652 25128 26370 27441 28495 29091 29616 29899 29621 29021 28263 27414 26097 24626 23018 21297 19534 17805 16035 14354 12728 11323 9982 8693 7600 6587 5719 4885 4189 3564 3049 2605 2210 1888 1621 1374 1196 1016 857 740 627 525 452 396 335 277 225 194 169 139 117 91 73 67 56 44 42 33 28 28 26 20 19 15 11 9 8 7 7 9 8 8 9 9 10 9 8 8 5 6 5 5 4 1 1 1 1 1 1 1 1 1 1 1 1 0 
1 1 1 1 1 1 1 1 1 1 2 2 3 3 4 4 4 4 4 4 7 7 7 9 10 10 11 11 12 14 19 23 24 32 32 38 42 50 53 58 65 79 88 94 113 133 155 186 205 223 268 312 368 444 504 580 645 710 806 946 1078 1248 1430 1651 1906 2167 2478 2856 3262 3719 4244 4754 5474 6236 7075 7972 8961 10081 11272 12610 14008 15362 16831 18435 20065 21639 23142 24576 25874 26913 27941 28749 29163 29330 29125 28634 28023 27041 25888 24566 23018 21394 19857 18155 16357 14739 13183 11748 10407 9119 8088 7042 6163 5254 4519 3878 3289 2795 2379 2053 1763 1504 1283 1089 920 770 644 547 465 406 349 295 249 211 184 152 131 114 94 79 69 60 45 39 37 35 26 26 22 19 16 14 15 13 10 10 8 6 6 5 3 1 1 1 1 1 2 2 1 1 1 1 1 1 1 1 1 1 0 
1 1 1 1 1 1 1 1 1 1 1 1 1 1 2 2 5 7 12 16 18 17 19 22 25 29 30 36 39 39 44 51 56 67 90 98 107 121 141 166 184 208 238 275 304 358 411 487 556 637 747 845 969 1102 1281 1448 1665 1886 2161 2491 2902 3314 3720 4213 4825 5484 6250 7073 7976 8982 10033 11235 12537 13937 15535 17069 18672 20262 21859 23386 24847 26296 27431 28331 28936 29421 29514 29338 28847 28081 27175 25922 24417 22811 21210 19466 17862 16092 14484 12916 11444 10101 8829 7640 6648 5753 4969 4266 3611 3047 2590 2210 1850 1591 1377 1145 976 838 707 595 511 423 357 298 246 213 175 141 113 92 75 64 52 43 44 35 34 28 27 25 21 22 19 18 17 14 14 12 12 8 7 6 4 4 3 2 1 1 1 0 
1 1 1 1 1 2 1 1 1 1 1 4 4 3 3 3 3 8 8 8 9 8 10 14 15 16 19 20 23 22 26 29 30 31 41 43 49 53 61 69 76 87 98 117 139 161 176 201 237 265 308 352 413 474 550 628 720 857 976 1123 1272 1454 1677 1902 2177 2469 2820 3236 3686 4225 4781 5432 6200 7046 7995 9037 10171 11334 12651 14032 15530 17148 18707 20322 21891 23473 24919 26253 27301 28205 28846 29384 29475 29222 28717 28051 27110 25832 24484 22922 21254 19474 17794 16109 14471 12945 11470 10202 8958 7806 6729 5842 5069 4363 3731 3225 2739 2294 1977 1684 1407 1168 994 836 703 615 525 453 380 316 270 229 200 154 128 114 94 75 60 46 37 32 28 20 16 11 10 6 6 5 5 5 2 2 2 1 1 1 1 1 1 1 1 1 0 
1 1 1 1 1 2 2 1 1 1 1 3 3 5 5 5 5 5 2 2 1 2 2 2 2 2 3 3 3 3 2 2 2 3 4 6 5 5 8 9 12 12 15 19 22 27 31 31 41 47 53 61 66 76 87 106 121 144 170 193 209 241 304 367 403 471 542 622 695 808 920 1061 1223 1423 1663 1906 2169 2472 2804 3230 3704 4216 4825 5449 6107 6964 7781 8823 9877 10994 12348 13669 15132 16690 18156 19834 21468 23060 24593 25865 26985 27976 28747 29219 29405 29394 29059 28327 27254 26154 24721 23219 21592 19841 18201 16389 14665 13130 11668 10296 9053 7908 6919 5975 5158 4438 3803 3273 2803 2364 2037 1738 1509 1272 1080 928 787 669 569 469 401 345 293 253 202 175 147 131 116 101 93 85 69 57 45 42 37 33 30 25 22 16 15 12 8 6 4 6 7 7 6 6 5 4 4 4 4 3 3 1 1 1 0 
1 1 1 1 2 4 5 5 4 4 5 9 9 9 11 13 17 19 19 19 27 32 37 38 42 49 56 71 83 93 109 122 141 154 171 188 213 235 281 304 379 446 508 573 684 788 923 1049 1196 1381 1576 1806 2078 2400 2738 3131 3557 4063 4639 5264 5938 6747 7684 8587 9623 10773 12098 13455 14831 16354 17928 19432 21035 22554 23988 25289 26617 27722 28526 29025 29254 29257 29112 28527 27658 26366 24944 23408 21858 20182 18446 16718 15190 13551 12025 10584 9342 8223 7168 6233 5459 4715 4056 3416 2916 2532 2147 1856 1589 1335 1146 967 810 664 557 462 403 338 275 223 191 160 130 114 101 87 72 63 51 45 30 29 27 25 21 20 18 15 14 12 8 7 6 5 3 3 3 2 2 2 2 2 0 
1 1 1 1 1 1 1 1 1 1 1 2 1 1 1 1 1 1 1 1 2 2 2 2 2 3 3 3 6 7 7 10 10 11 11 15 18 18 19 20 22 23 31 35 39 48 52 53 62 77 86 103 114 123 146 188 224 249 280 329 391 469 551 637 751 854 986 1142 1274 1478 1687 1951 2233 2562 2990 3407 3903 4443 5025 5709 6484 7324 8302 9447 10558 11818 13180 14627 16107 17601 19260 21071 22585 24148 25646 26857 27979 28733 29497 29801 29766 29365 28782 27952 26737 25367 23855 22207 20556 18821 17005 15370 13705 12179 10841 9530 8323 7228 6241 5381 4723 4087 3530 3030 2568 2159 1847 1568 1318 1129 933 788 659 547 438 381 329 279 226 188 171 138 113 92 77 72 60 52 43 39 35 29 26 19 21 21 18 14 8 7 6 5 3 3 3 2 2 1 1 0 
1 1 1 1 1 1 1 1 1 1 2 4 5 4 4 4 6 8 7 8 8 11 13 15 16 18 24 27 29 41 41 45 49 52 59 67 73 85 96 113 136 154 183 215 239 283 337 379 409 461 531 616 690 818 913 1000 1160 1360 1535 1799 2046 2341 2678 3084 3507 4000 4537 5213 5951 6777 7637 8588 9666 10797 12075 13386 14849 16362 17941 19547 21224 22755 24210 25632 26942 28020 28911 29521 29762 29775 29347 28753 27773 26650 25138 23629 21986 20306 18509 16867 15121 13559 12068 10630 9293 8072 7012 6020 5247 4495 3862 3284 2797 2359 1997 1703 1451 1243 1025 853 719 607 528 457 399 345 296 248 216 179 147 122 106 90 70 60 46 39 30 27 26 25 20 20 12 9 7 7 7 6 7 7 6 6 5 4 3 1 1 1 1 0 
1 1 1 1 1 1 4 5 5 8 8 9 12 13 14 18 20 29 32 38 41 52 57 75 85 88 102 125 142 169 188 218 258 296 339 379 431 509 578 660 730 837 974 1091 1308 1509 1735 1993 2283 2614 3023 3426 3909 4474 5088 5802 6568 7490 8455 9569 10780 12044 13394 14888 16504 18067 19685 21328 22924 24386 25790 27091 28171 28987 29626 29896 29828 29373 28493 27445 26335 25003 23439 21814 20117 18413 16633 14985 13478 11983 10571 9192 8027 7076 6162 5333 4580 3989 3389 2924 2537 2166 1838 1557 1306 1095 921 771 667 564 480 400 329 282 249 207 180 146 127 105 85 75 72 65 52 46 37 27 21 14 12 11 9 9 8 4 3 3 2 2 2 2 1 1 1 0 
1 1 1 1 1 3 5 4 4 5 6 8 9 10 13 14 16 19 22 22 25 30 37 46 55 69 76 90 103 119 129 145 171 213 237 270 294 359 421 501 577 662 748 854 1004 1164 1322 1532 1758 2026 2326 2657 3029 3455 3933 4472 5115 5800 6539 7416 8392 9481 10598 11887 13240 14807 16343 17927 19625 21316 22890 24393 25756 27069 28214 29080 29577 29933 29812 29358 28752 27930 26794 25283 23754 22054 20370 18605 16870 15296 13554 12006 10590 9313 8144 7126 6051 5177 4488 3836 3291 2817 2340 1947 1646 1411 1160 972 837 709 586 495 427 366 298 254 209 170 146 128 108 90 78 65 55 48 42 37 30 25 18 14 11 8 8 6 5 5 4 3 3 2 2 2 1 1 1 1 1 1 1 1 1 0 
1 1 1 1 1 1 2 3 3 6 7 6 7 7 8 9 11 13 15 16 16 18 24 23 29 31 34 39 48 51 56 72 81 84 100 110 127 151 172 196 228 256 293 344 406 471 535 603 683 790 940 1083 1293 1444 1630 1914 2207 2537 2868 3256 3711 4269 4854 5564 6347 7070 7955 9050 10167 11465 12759 14241 15730 17379 19014 20689 22242 23758 25139 26565 27763 28643 29297 29590 29747 29583 28875 28069 27030 25698 24377 22753 21098 19324 17635 15751 14111 12464 11080 9753 8490 7398 6440 5536 4793 4105 3535 2992 2545 2174 1875 1578 1353 1145 949 799 672 574 486 405 348 296 239 208 169 156 131 109 93 79 67 60 50 47 39 36 29 26 22 20 14 12 11 9 7 6 6 4 3 1 1 1 2 1 1 1 1 0 
1 1 1 1 1 1 1 1 1 1 1 1 1 1 1 1 1 1 2 2 2 2 2 2 2 2 4 4 6 5 5 5 7 11 11 10 11 11 15 18 20 28 33 42 44 48 58 61 73 89 103 121 138 166 199 221 256 301 352 402 452 518 597 695 825 945 1117 1297 1510 1729 2016 2301 2702 3027 3483 3954 4477 5160 5853 6626 7431 8415 9474 10553 11811 13259 14707 16257 17843 19377 20946 22509 24044 25446 26720 27675 28501 29192 29576 29554 29307 28666 27746 26654 25255 23825 22141 20561 18843 17154 15467 13817 12245 10770 9475 8312 7210 6224 5344 4599 3954 3422 2910 2480 2113 1804 1523 1302 1096 934 789 665 558 486 412 342 282 231 191 157 131 116 108 95 74 62 56 47 41 34 30 24 21 19 18 17 12 13 11 10 9 9 7 4 3 4 2 1 1 1 1 1 1 1 2 2 2 2 1 1 0 
1 1 1 1 1 2 2 2 1 1 1 1 3 4 4 3 4 3 4 6 6 5 4 5 6 7 8 9 8 11 12 12 12 12 18 23 25 28 30 33 36 43 48 50 56 65 74 80 93 117 130 156 179 207 243 263 296 347 409 480 563 649 741 857 982 1130 1284 1521 1723 1994 2349 2687 3070 3473 4011 4604 5272 6018 6838 7708 8676 9680 10863 12184 13588 14952 16516 18030 19687 21237 22883 24425 25889 27182 28328 29202 29818 30105 29939 29495 28758 27718 26492 24940 23327 21644 20014 18406 16709 14972 13390 11907 10511 9204 7990 6953 5998 5179 4425 3785 3222 2722 2328 1977 1670 1394 1209 1037 880 741 610 520 451 380 320 265 216 184 158 132 115 103 85 70 60 51 39 27 22 21 17 16 13 7 7 7 6 6 4 3 2 2 2 2 1 2 1 1 1 1 1 2 2 2 1 1 1 1 1 0 
1 1 2 3 3 3 4 5 5 5 6 7 10 14 13 15 13 16 18 22 23 27 29 37 43 52 56 69 84 93 111 131 153 178 209 233 266 295 344 390 445 529 599 669 782 901 1023 1168 1353 1507 1701 1993 2256 2607 2974 3426 3906 4458 5069 5722 6505 7356 8343 9437 10566 11734 13084 14539 16035 17646 19258 20879 22570 24169 25562 26832 27836 28628 29289 29643 29615 29227 28587 27643 26672 25301 23813 22230 20492 18751 17035 15344 13827 12269 10902 9543 8341 7281 6337 5493 4688 4003 3391 2897 2503 2130 1838 1568 1332 1112 932 802 685 581 484 391 328 288 246 207 179 146 117 100 88 81 68 62 51 43 34 30 24 16 14 14 13 11 9 8 6 5 4 3 2 2 2 2 1 0 
1 1 1 2 4 4 5 5 7 11 12 13 14 16 18 23 24 27 34 40 56 65 74 84 97 113 123 132 157 184 218 245 280 334 381 437 492 577 658 768 869 987 1123 1283 1473 1687 1942 2222 2532 2888 3301 3744 4217 4826 5469 6168 6938 7828 8857 9886 11069 12366 13695 15197 16683 18283 19874 21517 23115 24552 25836 27052 28051 28882 29375 29419 29170 28755 27912 27009 25777 24345 22891 21289 19625 17912 16236 14585 13073 11693 10340 9057 7910 6856 5960 5175 4561 3905 3383 2863 2436 2067 1804 1549 1325 1107 938 800 673 567 487 424 361 309 268 226 190 165 137 112 98 86 70 59 50 44 35 28 23 19 16 13 12 13 10 10 11 11 9 7 4 5 5 2 2 2 2 2 3 1 1 1 1 1 1 1 1 1 1 1 1 1 1 0 
1 1 1 1 2 3 2 2 2 3 5 6 6 9 10 9 10 13 17 18 17 19 26 33 37 44 47 52 67 75 87 102 118 142 158 187 206 218 246 290 332 374 440 500 591 669 753 873 995 1161 1314 1530 1759 2023 2307 2640 3001 3413 3874 4472 5113 5796 6579 7363 8244 9229 10407 11662 13040 14444 15957 17456 19066 20595 22205 23604 25049 26278 27417 28391 29069 29447 29519 29321 28763 27880 26924 25512 24041 22384 20697 19085 17317 15593 14004 12422 10993 9736 8521 7389 6424 5529 4722 4033 3455 2991 2571 2213 1822 1561 1342 1150 985 828 691 554 487 404 357 306 264 220 185 157 127 106 88 79 53 46 39 31 26 20 17 14 11 11 8 7 6 4 2 1 1 1 0 
1 1 1 1 1 1 2 3 3 2 2 2 2 4 4 4 5 6 10 12 14 17 18 21 28 36 42 50 55 65 76 86 89 109 126 151 174 200 230 256 304 353 385 469 536 621 716 837 942 1096 1235 1405 1605 1842 2095 2340 2640 3030 3498 3949 4521 5167 5884 6611 7418 8366 9403 10498 11664 13083 14440 15905 17527 19105 20726 22276 23815 25192 26339 27558 28453 29132 29516 29508 29187 28542 27721 26751 25487 23940 22401 20616 18977 17240 15546 13964 12417 10966 9614 8416 7353 6429 5549 4751 4057 3516 3021 2530 2164 1820 1558 1339 1104 937 810 692 580 491 412 341 302 251 217 193 170 143 123 111 98 83 66 52 46 42 31 28 24 19 19 16 11 13 11 11 8 9 8 6 6 4 4 3 3 1 1 0 
1 1 1 1 3 3 5 6 7 7 7 8 9 10 13 15 19 20 17 19 23 25 36 40 44 50 60 70 86 96 106 124 150 168 184 200 231 270 317 373 439 496 583 664 779 893 1005 1131 1323 1493 1724 1986 2311 2597 2993 3425 3909 4438 5002 5676 6481 7324 8226 9268 10482 11778 13137 14517 15968 17530 19159 20728 22321 23755 25437 26712 27878 28762 29466 29651 29701 29401 28855 27881 26824 25560 24106 22466 20743 18945 17178 15582 14003 12479 11020 9624 8377 7265 6295 5371 4630 3945 3333 2812 2403 2034 1723 1440 1239 1050 873 738 613 508 441 375 317 265 228 194 168 139 109 88 74 61 46 40 34 25 16 13 11 11 12 10 7 8 8 9 8 8 10 9 8 6 6 5 4 4 4 4 5 3 3 2 2 2 1 1 1 1 1 1 0 
1 1 1 1 1 2 2 4 4 5 5 6 6 8 9 14 14 18 21 29 32 36 36 49 53 63 72 84 93 110 139 165 183 224 279 311 360 413 478 543 633 716 838 928 1069 1222 1421 1614 1866 2138 2467 2840 3309 3768 4347 4977 5655 6397 7162 8141 9085 10149 11455 12782 14141 15685 17218 18785 20496 22085 23634 24972 26381 27630 28522 29299 29643 29743 29528 29079 28300 27217 25820 24318 22725 21043 19308 17593 15854 14303 12686 11153 9827 8639 7534 6557 5659 4862 4173 3581 3050 2619 2205 1884 1606 1333 1123 951 811 694 571 494 426 363 307 258 217 178 150 131 115 87 78 65 55 43 33 30 21 15 10 9 10 7 5 4 3 3 3 2 3 3 3 2 2 2 2 1 1 1 1 1 1 1 0 
1 1 2 2 2 2 2 2 3 3 3 5 6 6 6 7 12 15 15 14 14 13 15 16 23 26 30 32 33 35 38 48 51 53 57 60 71 89 107 132 155 188 212 245 284 305 348 416 454 511 599 696 794 920 1051 1181 1381 1551 1745 2018 2333 2682 3084 3571 4048 4653 5246 5989 6818 7708 8731 9794 10972 12258 13570 15035 16609 18237 19827 21516 23012 24482 25943 27218 28212 28956 29431 29618 29511 28944 28228 27213 25965 24579 23118 21540 19879 18116 16429 14864 13255 11670 10321 9090 7926 6928 5967 5254 4522 3893 3330 2885 2436 2057 1728 1470 1256 1048 896 759 636 550 465 396 335 295 245 209 171 145 117 92 77 65 54 46 44 40 39 32 27 19 13 13 13 13 12 9 7 7 7 6 4 3 1 1 1 1 1 1 1 1 1 1 0 
1 1 1 1 1 1 2 3 4 5 6 8 7 8 9 8 9 13 16 20 21 25 27 29 31 44 48 51 61 73 84 97 106 119 141 166 183 196 235 272 316 360 411 479 540 619 709 812 938 1060 1239 1440 1588 1785 2036 2311 2628 3005 3493 4022 4585 5176 5841 6626 7409 8320 9338 10437 11658 13045 14475 15856 17390 18881 20412 22079 23663 25203 26499 27432 28257 28932 29210 29231 29074 28577 27695 26698 25335 23932 22302 20639 18924 17228 15567 13948 12384 10980 9728 8464 7389 6403 5551 4755 4108 3512 3006 2577 2203 1865 1550 1327 1138 932 790 680 570 479 405 332 275 230 203 178 150 122 109 88 72 64 50 44 37 27 25 26 20 18 17 12 10 7 6 7 6 5 3 2 1 1 0 
1 1 1 1 1 1 2 2 2 2 2 2 3 3 4 5 9 8 8 9 13 13 15 18 21 23 23 26 28 30 35 36 51 61 66 86 96 120 134 158 182 208 227 268 298 345 404 463 552 646 742 822 978 1120 1284 1473 1682 1922 2184 2493 2848 3305 3785 4220 4767 5425 6181 7029 7949 8965 10091 11295 12578 14040 15524 17025 18710 20189 21821 23333 24958 26322 27542 28601 29254 29589 29635 29537 29083 28288 27375 25935 24501 22908 21192 19455 17692 16010 14330 12862 11404 10010 8746 7637 6663 5776 5012 4336 3763 3192 2748 2342 1978 1708 1422 1180 1027 855 724 592 508 413 325 264 227 190 161 151 128 111 88 82 69 56 46 38 33 30 27 23 20 15 14 10 10 8 6 5 4 2 2 2 2 1 1 1 0 
1 1 1 1 2 2 3 4 4 6 8 8 9 11 16 18 20 24 29 38 45 51 64 78 99 116 139 161 185 203 238 272 312 372 425 487 549 638 730 838 957 1131 1316 1509 1716 1913 2180 2473 2896 3359 3853 4348 4934 5683 6403 7216 8119 9172 10291 11468 12845 14377 15789 17328 18944 20551 22194 23753 25181 26453 27605 28459 29034 29492 29572 29319 28785 27922 26987 25787 24283 22726 21070 19350 17595 15901 14342 12745 11253 9894 8663 7538 6543 5690 4870 4157 3558 3031 2562 2200 1879 1613 1320 1116 917 766 628 510 441 373 316 260 220 194 165 138 113 98 82 75 64 48 43 35 28 28 28 24 18 19 16 13 12 13 13 12 10 9 8 8 6 6 4 4 5 4 4 4 2 2 1 1 1 1 1 1 0 
1 1 1 1 1 1 1 1 1 2 2 3 2 2 2 2 3 5 6 7 8 8 9 10 13 15 16 22 26 27 31 34 41 43 52 58 69 79 96 104 123 148 172 193 217 247 272 310 355 401 442 531 578 684 798 936 1044 1198 1364 1585 1803 2081 2412 2771 3169 3599 4013 4615 5255 5972 6709 7597 8562 9617 10782 12086 13443 14893 16421 17990 19523 21172 22761 24235 25729 27049 28104 28900 29356 29671 29469 29153 28610 27784 26582 25154 23634 21935 20243 18401 16699 14941 13418 11880 10541 9222 7964 6969 6042 5153 4454 3817 3284 2795 2382 2005 1724 1480 1264 1089 937 796 670 580 477 416 349 308 271 225 176 152 127 107 78 67 56 52 45 45 36 34 30 22 16 14 14 14 11 9 8 7 5 5 2 0 
1 1 1 1 2 3 3 4 4 4 5 6 9 11 12 12 14 17 18 25 28 29 33 38 44 48 58 65 76 89 99 113 135 149 173 196 217 255 299 325 364 421 469 549 640 734 850 985 1117 1302 1470 1725 1986 2240 2565 2907 3294 3793 4361 4933 5582 6333 7171 8149 9129 10315 11492 12794 14165 15651 17204 18759 20341 21830 23303 24708 26044 27216 28213 28878 29302 29308 29084 28526 27759 26811 25596 24113 22609 20994 19382 17638 15973 14426 12778 11403 10044 8817 7745 6739 5833 5058 4369 3737 3200 2707 2322 2009 1694 1415 1211 1025 877 752 633 535 443 384 327 273 236 214 185 153 126 104 95 84 70 60 47 35 27 25 23 16 14 11 7 6 4 4 4 2 2 1 1 1 1 1 1 0 
1 1 1 1 1 4 4 4 4 3 3 4 5 5 8 9 11 10 11 11 12 13 14 22 27 30 33 39 46 52 63 71 83 91 102 120 146 173 209 235 261 286 324 375 420 488 570 664 750 862 980 1139 1312 1480 1706 1942 2229 2564 2959 3393 3841 4377 4973 5567 6316 7140 8095 9071 10117 11346 12686 14035 15470 17001 18537 20037 21650 23197 24595 25812 26984 27835 28499 28967 29090 28985 28605 27838 26860 25664 24284 22760 21189 19478 17799 16078 14461 12900 11441 10062 8824 7702 6746 5890 5084 4380 3752 3212 2790 2379 2007 1711 1466 1266 1048 876 725 614 527 439 373 307 265 216 172 139 113 96 82 66 49 46 38 32 22 20 21 17 15 14 11 10 10 8 9 7 7 4 3 2 2 2 1 1 1 1 1 1 0 
1 1 1 3 4 4 7 8 9 9 9 10 11 14 15 16 23 26 31 30 31 37 42 49 54 56 63 70 86 97 106 130 150 173 197 226 267 316 376 422 465 550 638 746 870 982 1133 1294 1504 1695 1917 2166 2512 2868 3278 3719 4263 4803 5483 6183 6970 7825 8817 9945 11172 12407 13811 15267 16800 18410 19962 21638 23185 24748 26068 27232 28125 28771 29165 29307 29253 28886 28250 27346 26131 24747 23207 21579 19926 18180 16419 14664 13032 11540 10178 8876 7761 6702 5742 4952 4238 3620 3096 2667 2277 1947 1631 1383 1189 989 826 718 612 526 456 391 321 270 229 190 147 120 95 82 64 52 43 30 25 20 18 14 12 11 8 7 6 4 3 0 
1 1 1 1 1 1 3 4 4 4 4 5 5 8 7 7 9 11 12 19 21 20 21 27 34 37 42 47 54 68 84 94 100 116 133 148 166 191 223 263 311 368 415 466 539 609 712 809 932 1073 1242 1409 1610 1845 2096 2391 2703 3107 3555 4015 4564 5154 5790 6552 7407 8274 9313 10506 11709 13050 14527 16008 17606 19160 20691 22319 23921 25325 26518 27539 28400 29010 29394 29419 29122 28631 27731 26625 25415 24009 22408 20685 18959 17181 15483 13886 12321 10904 9537 8304 7174 6164 5377 4655 3998 3387 2854 2417 2061 1749 1471 1264 1053 902 761 666 555 471 385 329 286 248 207 180 141 120 94 82 67 54 46 38 33 24 20 18 13 9 8 5 3 2 1 1 1 0 
1 1 1 1 3 3 5 5 8 8 8 8 11 10 11 12 16 24 23 24 33 37 41 51 59 76 81 91 109 125 138 165 192 218 251 293 333 398 456 521 598 718 797 916 1025 1154 1342 1555 1798 2065 2350 2668 3048 3552 4078 4698 5328 6102 6889 7784 8781 9893 11051 12371 13736 15114 16627 18109 19843 21530 23072 24549 25885 27121 28061 28921 29406 29510 29394 28914 28189 27462 26270 24845 23350 21738 20103 18414 16666 14929 13321 11774 10431 9116 7902 6808 5897 5093 4405 3732 3183 2734 2333 1968 1673 1451 1232 1037 882 751 637 524 442 373 323 265 240 208 183 148 127 106 92 76 64 52 39 32 26 22 16 16 15 11 9 8 8 7 7 7 5 5 1 1 1 1 1 1 1 1 1 1 1 1 0 
1 1 1 1 1 1 1 2 2 2 3 3 4 6 9 9 10 11 12 11 14 13 15 17 20 24 22 26 37 42 49 60 71 74 94 105 123 142 160 185 209 238 277 313 368 410 478 549 609 728 824 947 1117 1294 1488 1703 1916 2233 2519 2861 3303 3770 4311 4899 5544 6354 7266 8159 9162 10260 11466 12781 14171 15761 17339 18947 20537 22053 23687 25209 26494 27731 28615 29177 29420 29511 29335 28807 27967 26825 25341 23945 22391 20729 19136 17384 15711 14113 12531 11175 9850 8658 7583 6516 5639 4852 4171 3581 3082 2631 2251 1925 1679 1423 1211 1016 845 696 581 491 406 342 284 242 202 160 131 105 82 68 57 47 40 35 26 24 22 15 13 10 8 7 6 4 3 3 3 3 3 1 1 1 1 1 1 2 2 2 1 1 0 
1 1 2 3 3 4 5 5 5 3 2 2 2 3 3 4 5 5 5 4 3 2 3 4 4 5 6 7 10 11 12 15 16 19 22 24 25 28 32 42 47 54 62 72 94 106 117 132 148 171 185 217 265 313 362 419 491 544 634 745 851 969 1091 1270 1460 1662 1927 2183 2513 2870 3305 3767 4333 4881 5544 6312 7143 8066 9120 10201 11429 12793 14165 15622 17131 18651 20289 21910 23607 24927 26248 27400 28353 29124 29665 29759 29430 28981 28191 27191 25956 24554 22993 21333 19445 17772 16003 14398 12807 11242 9910 8677 7550 6528 5632 4845 4133 3529 2961 2535 2186 1856 1564 1352 1141 941 780 684 578 485 408 343 278 239 200 163 133 117 98 77 66 57 51 42 36 31 25 23 21 19 17 17 16 13 13 9 9 8 7 7 5 5 5 4 5 5 3 3 3 2 2 2 0 
1 1 1 1 1 1 2 4 4 4 3 5 7 8 10 12 14 17 20 24 25 25 27 33 38 44 49 62 68 71 81 91 101 113 134 144 178 213 236 276 317 372 413 471 546 619 705 853 1000 1124 1300 1488 1680 1958 2269 2596 2982 3427 3921 4461 5062 5769 6617 7525 8516 9494 10644 11891 13128 14513 16094 17744 19334 20909 22566 24045 25416 26726 27827 28613 29133 29425 29408 29114 28423 27598 26614 25128 23648 22080 20456 18751 17064 15428 13834 12241 10818 9592 8428 7328 6384 5532 4781 4033 3446 2966 2574 2181 1838 1584 1347 1126 948 821 687 593 514 448 373 325 282 237 192 167 149 120 100 84 72 69 56 48 43 36 27 21 18 12 11 7 6 7 6 6 5 5 5 2 4 4 4 5 4 3 3 3 3 2 2 2 0 
1 1 1 1 1 1 1 1 0 
1 1 1 1 1 3 3 5 4 4 7 9 11 11 10 12 13 16 25 29 33 36 37 42 51 57 68 77 98 116 124 143 171 205 229 260 301 358 425 467 529 592 670 785 885 1009 1179 1320 1501 1716 1948 2234 2557 2892 3310 3791 4223 4832 5496 6170 6933 7820 8862 9961 11172 12558 13815 15327 16901 18457 19933 21540 23164 24687 25967 27156 28045 28852 29203 29257 29154 28813 27940 26938 25647 24373 22784 21152 19595 17942 16262 14707 13160 11687 10292 8994 7824 6877 5985 5118 4360 3724 3156 2699 2281 1915 1649 1400 1178 976 838 714 588 500 420 350 294 244 207 165 145 125 105 80 65 53 44 43 37 31 23 19 18 14 12 11 11 9 7 7 6 4 3 2 2 2 1 0 
1 1 1 1 1 1 1 1 1 2 2 2 2 2 2 3 5 6 6 4 6 7 5 5 5 4 7 8 10 11 12 11 12 13 14 18 21 27 32 40 48 51 58 69 81 104 122 140 153 169 195 233 251 282 320 377 422 487 560 651 742 856 999 1169 1339 1523 1769 1998 2370 2710 3140 3556 4075 4644 5327 6058 6857 7773 8731 9800 10932 12225 13683 15121 16746 18361 20008 21588 23092 24610 25915 27138 28225 29072 29609 29762 29682 29189 28744 27636 26327 24877 23229 21509 19809 18013 16173 14498 12929 11525 10078 8883 7737 6692 5789 5057 4361 3724 3243 2776 2403 2022 1716 1465 1246 1065 911 772 655 556 468 390 322 258 222 186 155 140 125 100 88 62 53 48 40 34 33 29 22 18 14 10 7 5 4 4 3 2 2 2 2 2 2 2 2 2 2 1 0 
1 1 1 2 2 2 5 5 6 8 8 8 9 8 9 12 14 18 22 25 27 29 43 46 59 63 72 75 93 114 134 155 185 216 247 299 349 389 452 522 616 722 823 946 1067 1234 1406 1627 1904 2221 2517 2864 3257 3737 4283 4887 5553 6233 7020 7974 9105 10281 11492 12787 14145 15611 17134 18738 20374 21957 23638 25031 26361 27475 28345 29058 29541 29744 29629 29280 28507 27403 26077 24603 23020 21357 19548 17867 16147 14445 12894 11397 9990 8794 7593 6578 5673 4864 4196 3544 3005 2565 2147 1789 1509 1293 1088 916 785 653 567 469 392 321 288 236 192 161 129 106 91 81 72 56 46 36 27 21 16 13 9 7 3 3 1 1 1 1 1 1 1 0 
