1 0 0 0 0 1 0 0 0 3 0 0 0 0 2 1 0 1 2 1 0 0 0 2 1 3 4 0 4 1 6 2 1 5 6 6 1 3 6 8 11 12 5 12 10 11 5 18 15 20 20 23 29 42 22 34 40 45 58 71 59 69 75 90 92 115 134 145 148 200 175 222 246 264 316 337 372 440 497 548 576 640 741 799 811 979 1092 1262 1325 1434 1467 1638 1660 1826 2051 2064 2307 2344 2366 2527 2580 2614 2562 2742 2755 2622 2598 2443 2303 2299 2144 1969 1923 1811 1602 1464 1331 1202 1102 977 920 808 730 669 558 514 427 391 345 339 256 267 207 174 150 137 130 119 85 86 74 85 54 50 46 37 25 23 23 18 19 14 13 17 6 15 7 2 4 5 5 5 2 4 2 1 5 5 0 1 0 1 0 1 2 2 0 1 0 0 0 0 0 0 0 0 1 0 0 0 0 0 0 0 0 0 0 
1 0 0 0 0 0 1 1 0 0 0 1 0 0 1 0 0 1 0 0 0 0 0 0 0 0 1 1 3 0 0 0 1 6 2 2 1 1 2 2 1 6 4 1 5 7 5 4 9 6 5 6 9 9 15 10 13 15 19 19 18 22 28 30 29 34 43 58 60 52 73 74 75 86 96 129 134 145 153 197 215 208 243 276 332 330 378 433 461 562 538 632 723 815 865 990 1089 1115 1280 1341 1488 1620 1794 1841 1967 2078 2240 2307 2336 2487 2548 2589 2687 2667 2567 2598 2531 2485 2343 2313 2123 2023 1965 1727 1604 1543 1394 1216 1101 976 919 840 710 694 581 493 453 392 371 319 284 227 214 202 171 128 139 110 109 94 61 69 70 57 35 33 40 27 22 27 16 20 16 10 12 9 8 10 2 16 7 4 1 3 4 3 3 2 1 1 1 1 0 0 0 0 0 0 0 0 0 
1 0 0 0 0 0 0 0 
1 0 0 0 0 0 0 0 1 1 0 0 0 1 3 0 1 1 3 1 1 4 1 3 4 4 5 3 4 7 9 8 7 6 9 11 18 19 10 12 16 23 33 43 40 23 36 44 53 53 58 65 73 88 102 137 115 136 166 191 214 258 212 285 319 340 377 413 497 557 589 645 786 804 882 999 986 1151 1253 1280 1505 1559 1664 1864 1959 2022 2249 2266 2322 2402 2357 2496 2548 2604 2639 2576 2521 2453 2422 2291 2075 1996 1980 1765 1688 1518 1438 1319 1143 1027 994 784 776 707 581 552 493 474 383 339 281 290 238 164 184 152 147 113 114 85 71 72 49 49 42 53 40 33 32 26 19 24 18 15 10 13 10 12 6 7 12 7 4 1 1 3 2 5 3 1 2 2 4 1 2 0 1 1 1 0 1 0 1 0 0 0 0 0 0 0 0 1 0 0 0 0 
1 0 0 1 1 1 0 1 0 0 2 3 1 2 2 3 3 1 2 2 7 3 5 5 11 5 9 3 13 4 16 16 13 13 15 18 28 25 31 34 36 42 53 76 61 72 70 93 104 107 145 140 167 177 192 243 255 272 287 309 390 446 468 520 607 633 758 867 857 952 1096 1134 1310 1354 1521 1669 1726 1877 2018 2223 2195 2328 2497 2533 2553 2663 2698 2682 2643 2620 2602 2534 2331 2286 2148 2047 1884 1840 1583 1523 1322 1225 1088 977 932 827 741 611 593 460 429 342 344 321 285 225 205 200 186 132 118 101 107 83 76 59 55 35 46 36 33 28 22 23 12 21 18 12 12 10 9 2 7 9 6 3 3 6 3 2 1 0 1 1 1 2 3 2 0 0 1 0 1 0 0 0 0 1 0 0 0 0 0 0 0 0 0 0 
1 0 0 0 0 0 1 0 1 1 1 0 1 0 3 3 1 3 10 11 4 4 6 8 13 13 13 9 11 23 19 21 21 27 31 36 35 49 38 63 52 60 73 69 99 103 124 148 137 139 155 193 224 239 259 310 327 405 407 435 503 598 602 700 724 834 985 1099 1098 1245 1310 1377 1520 1655 1786 1852 2012 2178 2241 2379 2364 2562 2611 2551 2639 2556 2617 2555 2498 2436 2300 2258 2012 1956 1863 1767 1531 1402 1307 1193 1111 974 886 793 689 626 593 465 459 417 340 285 246 250 211 188 154 119 129 102 84 87 65 65 66 50 41 34 28 28 27 21 19 12 19 12 12 8 5 7 10 3 4 3 2 3 0 1 4 2 1 5 1 1 0 3 1 3 0 0 0 1 0 0 0 0 0 0 0 0 0 0 0 0 0 
1 0 0 0 0 0 0 0 1 0 1 0 1 0 1 1 1 2 1 0 1 0 3 2 5 4 3 7 1 8 12 8 12 12 6 10 13 16 22 26 34 30 37 35 43 49 67 58 69 82 81 83 117 110 144 155 197 188 197 262 251 288 339 339 424 468 519 578 631 641 810 774 940 1011 1103 1239 1286 1455 1598 1692 1744 1928 2011 2093 2286 2347 2452 2496 2638 2715 2602 2611 2707 2541 2491 2465 2392 2217 2056 1955 1866 1655 1565 1459 1320 1159 1112 978 856 770 691 627 548 515 409 329 341 298 278 220 216 183 140 133 120 95 79 73 54 56 55 43 43 42 32 36 18 25 16 12 22 11 13 5 7 8 4 8 9 6 2 1 1 5 3 2 0 2 1 1 1 1 0 0 0 0 0 0 1 0 0 0 0 0 0 0 0 1 0 0 0 0 1 0 1 0 0 0 0 1 1 0 0 0 0 0 0 0 0 
1 0 0 0 0 0 0 1 0 0 0 2 0 0 0 0 2 1 0 1 0 2 2 1 0 0 2 2 4 5 1 2 2 4 4 5 5 3 12 9 13 15 6 17 11 17 20 21 32 37 31 41 49 52 70 72 72 79 71 95 101 148 159 175 151 209 218 258 262 282 358 387 413 466 552 605 674 726 751 913 994 1065 1107 1208 1315 1454 1554 1652 1792 1904 2026 2123 2317 2314 2376 2543 2576 2652 2574 2598 2527 2537 2499 2412 2276 2183 2029 1932 1796 1660 1547 1386 1259 1244 1019 1033 829 744 722 648 515 510 407 352 342 303 261 210 238 181 157 130 121 110 97 89 70 79 60 52 34 39 29 36 25 17 18 10 19 10 11 7 4 7 6 4 2 5 3 2 6 4 3 2 4 1 1 3 0 2 2 0 0 1 2 0 1 0 0 0 0 0 0 0 0 0 0 
1 0 0 1 1 0 0 0 2 0 0 2 0 3 2 1 2 1 1 0 5 2 6 2 6 5 2 2 2 2 7 10 7 5 12 8 13 8 15 21 10 18 24 20 29 38 32 31 46 39 58 60 54 68 70 97 103 104 142 135 134 169 173 218 250 255 313 345 383 402 461 526 533 579 692 778 825 930 1071 1141 1286 1355 1453 1632 1707 1780 1866 2034 2168 2292 2339 2478 2542 2662 2651 2618 2742 2643 2519 2468 2398 2363 2204 2030 1932 1701 1639 1535 1385 1312 1197 997 935 849 813 686 609 530 488 405 362 359 270 268 220 181 196 159 122 114 86 82 76 49 59 51 36 26 34 25 25 18 20 17 11 12 8 4 6 5 3 7 5 0 2 2 1 2 1 1 1 1 1 1 0 0 0 0 1 2 0 0 0 0 0 0 1 0 0 0 0 0 1 0 0 0 0 0 0 0 0 0 
1 0 0 0 0 0 0 0 0 0 
1 0 0 0 0 0 0 0 0 0 1 0 1 0 0 0 0 0 0 0 1 0 0 0 0 0 0 0 0 
1 0 0 0 1 0 0 1 0 0 0 0 0 0 2 0 1 0 2 0 2 2 3 1 3 2 2 5 4 7 4 3 5 5 9 10 9 10 9 9 11 17 12 17 23 24 33 19 43 41 49 53 51 52 74 57 84 96 90 121 127 137 160 193 209 215 257 276 331 377 356 415 446 514 639 693 700 813 913 966 1055 1220 1297 1379 1451 1567 1799 1919 1952 2061 2222 2301 2374 2599 2538 2652 2555 2585 2527 2585 2584 2489 2361 2314 2194 1991 1939 1758 1621 1530 1400 1278 1158 1049 946 821 740 653 600 524 467 413 364 311 270 221 221 167 163 145 117 111 111 78 77 68 53 37 51 25 43 25 21 25 18 13 8 7 9 5 11 7 4 6 1 2 5 2 1 2 1 2 0 2 0 1 2 0 1 0 0 0 0 1 0 0 0 0 0 0 0 0 0 0 
1 0 0 0 0 0 0 0 
1 0 0 0 0 1 0 0 0 0 0 1 1 1 0 0 0 0 1 0 0 0 0 2 1 1 1 3 3 1 3 3 1 2 2 5 4 1 7 4 10 6 5 9 13 5 15 11 18 14 22 27 20 34 25 32 35 49 43 41 55 61 76 80 105 93 102 127 149 161 164 204 228 250 254 299 361 386 415 424 514 570 617 663 788 875 1014 1002 1064 1255 1281 1520 1612 1645 1893 1933 2059 2087 2254 2367 2463 2528 2596 2603 2626 2608 2629 2629 2566 2358 2231 2131 2035 1948 1805 1714 1545 1361 1318 1183 1026 981 796 824 677 592 561 485 407 354 321 262 265 210 200 178 163 141 108 117 92 66 73 51 56 46 42 39 26 30 24 25 10 10 22 11 12 10 12 8 3 9 6 1 2 5 1 0 2 2 2 4 0 1 0 1 0 1 0 0 0 1 0 1 0 0 0 0 0 0 0 0 0 0 
1 0 1 1 0 0 0 1 0 0 1 1 0 1 1 1 2 2 1 3 0 0 5 2 6 1 2 3 5 2 7 8 6 11 9 16 22 13 19 17 24 18 25 32 37 42 41 47 48 62 58 83 93 108 102 108 135 143 192 169 216 238 271 290 317 384 407 407 508 569 614 675 758 859 914 971 1105 1217 1356 1449 1601 1694 1814 2085 2048 2252 2222 2309 2442 2565 2546 2596 2582 2602 2647 2542 2521 2435 2332 2264 2025 2024 1914 1591 1613 1406 1344 1188 1020 934 839 768 730 583 542 460 439 390 361 287 277 237 187 174 167 147 115 109 98 83 68 66 64 49 35 37 27 35 19 22 23 16 18 17 8 14 15 4 11 2 8 10 3 4 4 0 5 3 3 2 3 2 4 0 1 0 1 1 0 0 0 0 0 0 0 0 0 0 0 0 0 0 
1 0 0 0 0 0 0 0 0 0 1 0 0 0 0 1 0 0 1 1 0 1 2 1 0 3 0 2 2 4 3 1 2 1 3 10 7 5 5 4 6 7 9 11 16 12 13 25 18 24 27 30 35 30 37 49 48 65 57 69 81 105 99 155 113 156 175 194 252 258 261 278 313 377 437 478 531 566 627 704 767 845 938 1018 1170 1193 1268 1493 1604 1697 1797 2011 2018 2231 2329 2355 2454 2492 2565 2522 2651 2696 2622 2524 2466 2471 2339 2158 2157 1993 1866 1621 1539 1462 1306 1218 1104 964 823 756 697 647 530 501 425 387 297 306 242 228 188 182 156 159 96 107 102 88 82 82 55 42 27 36 33 22 25 18 17 18 16 12 18 15 3 15 4 1 7 1 1 2 2 3 1 1 0 1 0 0 1 0 0 0 3 0 1 0 1 1 0 1 1 0 1 0 0 1 2 0 0 1 0 0 0 0 0 0 0 0 0 0 0 0 0 0 0 
1 1 0 1 2 0 0 3 2 0 2 2 1 3 0 5 5 8 3 8 11 6 4 9 10 14 8 15 14 29 18 22 30 34 37 37 53 46 57 62 55 60 110 109 126 106 107 154 176 181 219 214 254 306 306 334 388 481 523 546 624 733 757 853 876 1073 1105 1230 1363 1376 1533 1680 1773 1978 2052 2152 2253 2275 2391 2534 2479 2545 2615 2696 2498 2535 2496 2479 2278 2251 2144 1976 1843 1642 1582 1440 1307 1182 1033 1049 914 784 692 642 537 503 438 406 353 301 295 255 197 178 146 139 134 106 104 64 75 52 60 52 49 35 30 40 29 33 17 11 14 18 17 11 11 8 11 3 2 5 3 1 6 2 2 0 3 1 0 2 1 1 0 0 0 1 0 0 0 0 0 2 0 0 0 0 0 0 0 0 0 
1 0 0 0 0 0 0 0 0 0 0 0 1 0 0 0 0 0 
1 0 0 0 0 0 0 0 0 1 0 0 0 0 0 0 0 0 1 0 0 0 0 0 0 2 1 1 2 1 0 0 4 4 4 2 3 2 1 5 6 4 4 8 6 10 11 6 12 17 17 15 28 23 25 28 29 32 30 36 40 56 74 73 72 82 86 101 131 124 132 189 173 175 202 250 272 281 331 389 417 442 464 560 641 674 787 835 920 973 1105 1188 1320 1418 1470 1696 1847 1865 1983 2061 2178 2379 2416 2549 2531 2486 2609 2714 2683 2582 2454 2345 2370 2144 2127 1980 1834 1720 1586 1379 1302 1239 1081 989 899 784 717 613 607 507 471 384 332 320 292 248 220 190 170 164 130 126 99 75 100 70 64 49 39 36 32 31 21 28 19 20 17 15 13 13 6 4 6 1 4 2 6 2 3 0 2 0 3 0 1 0 0 1 2 1 0 0 1 0 0 0 0 0 0 0 0 0 0 
1 0 0 0 0 0 
1 0 0 0 0 0 0 0 0 0 1 0 0 0 0 0 0 1 0 1 0 0 1 0 1 0 4 1 3 3 1 1 0 1 2 5 3 9 6 3 9 6 6 5 12 19 15 14 17 15 16 16 38 27 28 32 49 36 56 50 61 60 66 84 109 121 150 129 139 177 183 223 252 290 316 371 410 433 454 570 589 667 728 821 900 952 1064 1189 1288 1400 1497 1650 1700 1893 1875 2036 2183 2349 2424 2493 2502 2650 2641 2635 2655 2612 2595 2373 2322 2238 2173 2020 1904 1693 1736 1549 1392 1300 1106 1023 876 809 750 643 610 498 459 425 350 284 298 233 213 184 170 138 124 104 89 91 74 68 55 50 46 41 38 31 29 23 16 14 19 13 13 14 11 12 12 10 5 2 4 2 4 2 1 4 2 2 2 3 3 1 3 0 1 0 1 0 1 1 0 0 0 1 0 1 0 0 0 0 0 0 0 0 0 0 0 0 0 0 
1 0 0 0 0 3 0 0 1 1 3 0 3 0 1 3 4 3 2 1 4 7 5 4 6 8 10 7 6 11 12 10 6 21 17 11 15 25 38 26 32 33 46 52 49 69 62 84 72 93 103 136 148 174 162 196 217 227 276 294 364 366 437 490 509 567 676 688 855 804 901 1023 1134 1157 1266 1524 1541 1677 1879 1927 1990 2077 2344 2328 2373 2505 2536 2536 2694 2656 2528 2494 2492 2477 2246 2332 2056 2024 1817 1611 1617 1404 1347 1204 1099 981 918 807 709 601 558 552 387 369 330 322 284 235 208 178 155 132 113 103 79 66 77 67 56 58 40 38 36 20 32 20 18 24 19 12 7 12 8 12 13 11 6 5 11 4 3 3 4 3 5 1 2 0 2 1 2 0 0 0 1 0 0 0 0 0 1 0 0 0 0 0 0 0 0 
1 0 0 0 0 0 0 1 0 0 0 1 0 0 0 1 0 0 0 0 0 0 0 0 0 
1 0 0 2 0 1 2 1 3 1 4 0 5 2 5 4 5 5 8 6 6 7 7 13 14 9 13 13 28 18 15 31 24 27 39 43 47 52 36 64 63 68 99 85 99 92 113 158 154 177 202 231 274 268 327 334 396 398 483 549 595 690 713 800 860 975 1071 1179 1240 1347 1543 1598 1712 1843 1998 2067 2204 2352 2364 2481 2562 2648 2688 2597 2583 2515 2437 2434 2330 2227 2169 2108 1917 1703 1708 1494 1424 1274 1179 1029 930 822 775 653 627 509 478 428 378 307 285 253 237 211 163 155 134 104 101 91 71 60 57 47 53 44 34 26 25 26 23 17 22 16 15 8 13 9 6 3 3 10 6 6 1 6 5 2 1 2 1 0 0 1 1 0 0 0 1 0 0 1 1 1 0 0 0 1 0 0 0 0 0 0 0 0 0 0 
1 0 0 1 0 0 1 0 1 0 0 0 1 0 1 1 0 0 0 3 2 2 0 5 5 1 1 2 4 6 8 6 9 3 4 4 7 8 9 11 19 15 15 24 29 28 29 36 43 36 42 62 54 72 69 77 100 98 91 121 120 152 177 186 200 250 268 279 320 344 441 441 488 499 617 668 797 815 928 950 1092 1175 1316 1425 1485 1671 1728 1808 1947 2044 2234 2342 2362 2441 2513 2645 2653 2682 2624 2586 2569 2398 2348 2283 2087 1936 1854 1762 1643 1461 1340 1231 1135 1080 920 788 707 642 591 517 449 401 337 338 272 260 203 202 166 140 134 110 85 88 83 75 57 53 35 29 34 27 31 16 24 18 14 12 9 9 11 13 8 5 3 3 5 4 6 2 3 5 2 2 1 3 4 0 1 0 0 0 0 0 1 0 0 0 0 0 0 0 
1 0 0 0 0 0 1 1 1 0 0 0 0 1 1 2 0 0 1 1 2 1 1 1 5 0 3 2 0 4 2 6 2 4 6 6 12 9 4 11 13 9 11 15 25 18 21 26 29 36 42 38 39 54 66 78 62 80 87 114 117 131 136 174 171 199 230 248 295 306 337 384 422 482 568 585 676 709 817 870 1033 1011 1103 1288 1428 1490 1629 1671 1821 1995 2124 2148 2340 2317 2415 2495 2527 2635 2625 2552 2521 2562 2475 2406 2282 2121 2092 1959 1816 1653 1531 1410 1240 1192 1023 988 858 713 644 622 542 511 419 369 300 311 255 208 176 174 142 143 104 95 76 77 65 53 60 37 46 36 47 25 22 19 19 15 18 10 14 14 6 9 12 7 8 5 3 3 7 3 5 3 4 3 2 0 3 2 0 2 1 1 2 0 0 0 1 1 0 0 0 1 0 0 1 0 0 0 0 0 0 0 0 0 
1 0 0 0 0 0 0 1 0 1 0 0 1 1 0 0 0 0 0 0 1 0 0 0 0 0 0 0 0 0 1 1 0 2 0 0 0 1 1 3 0 2 5 3 1 7 6 3 6 4 7 5 8 13 9 15 12 11 9 21 20 25 26 40 42 41 40 53 55 61 82 88 92 119 113 129 132 160 190 209 229 281 297 331 352 405 437 535 598 617 680 785 837 995 1025 1163 1230 1330 1505 1576 1700 1934 2022 2119 2209 2219 2463 2518 2584 2592 2589 2569 2609 2579 2598 2492 2323 2334 2185 2121 2000 1729 1640 1518 1350 1271 1181 1080 927 845 743 656 586 549 493 451 418 357 281 271 218 212 180 152 141 112 114 89 73 82 58 48 53 42 36 26 30 21 25 18 16 19 16 10 9 12 10 8 6 7 4 3 2 5 2 3 4 5 1 2 0 1 2 0 3 1 1 0 1 1 0 0 1 0 0 0 1 1 0 0 1 0 0 0 0 0 0 0 0 
1 0 0 0 0 0 0 0 0 0 1 0 0 0 0 0 1 2 0 0 2 0 1 2 3 1 0 0 3 1 3 6 2 2 7 4 7 3 8 8 6 8 14 16 16 18 27 19 27 22 31 28 32 51 49 67 63 73 73 88 103 95 102 135 147 171 175 211 224 234 286 299 386 362 456 483 580 607 649 744 812 846 999 1084 1187 1293 1424 1482 1607 1790 1824 2015 2084 2190 2276 2342 2482 2498 2575 2617 2615 2635 2500 2513 2443 2315 2243 2198 2074 1847 1736 1654 1548 1401 1249 1147 1022 900 782 764 650 619 519 465 377 353 322 320 241 227 188 173 139 140 102 108 83 71 82 64 41 44 28 39 23 18 22 27 13 12 7 9 7 6 9 7 5 3 3 4 0 2 3 2 0 1 1 3 0 0 1 0 0 0 0 0 0 0 0 0 0 
1 0 0 0 0 2 0 1 0 0 0 1 0 0 1 1 1 0 1 0 5 1 2 4 2 8 4 2 7 4 7 11 11 13 13 14 11 17 18 20 14 36 29 42 31 43 56 54 70 68 72 90 105 114 122 143 163 156 202 207 269 283 328 339 381 452 494 520 561 675 729 827 868 1033 1089 1147 1302 1378 1457 1637 1712 1825 1989 2180 2278 2328 2347 2534 2612 2614 2666 2714 2676 2564 2527 2443 2274 2266 2030 1996 1855 1696 1617 1456 1354 1260 1124 1017 946 802 767 673 595 506 484 385 372 298 280 258 257 181 175 154 138 119 106 103 76 64 60 62 48 48 33 34 40 26 18 22 7 24 11 14 8 6 6 7 5 4 2 4 3 3 5 0 5 0 3 0 1 2 1 0 1 0 0 0 1 0 0 0 0 0 0 0 0 
1 0 0 0 0 0 1 0 0 0 2 0 0 0 0 1 0 1 3 2 2 2 4 4 3 4 7 4 4 2 9 10 5 6 9 12 10 10 8 6 16 10 21 13 22 22 27 30 33 45 49 73 61 58 71 80 98 112 115 150 163 176 212 231 257 265 279 313 388 404 442 521 564 652 729 736 907 920 1006 1177 1244 1352 1440 1598 1681 1843 1954 2019 2126 2252 2379 2393 2530 2513 2648 2710 2692 2627 2550 2452 2412 2360 2182 2084 1955 1864 1609 1532 1398 1355 1190 1083 1004 848 787 671 643 559 454 411 376 319 276 255 235 198 193 157 118 126 113 92 108 68 52 44 47 50 40 24 32 19 26 16 17 19 10 6 10 6 5 12 4 4 4 1 3 2 5 3 2 0 1 0 1 1 2 1 1 1 0 0 1 0 0 0 0 0 0 
1 0 0 0 0 0 0 2 0 0 1 0 0 1 0 1 0 1 0 1 1 0 0 2 1 2 0 1 0 4 0 4 2 1 3 4 6 1 0 3 6 9 10 14 6 8 6 13 11 14 9 13 17 35 19 26 25 26 24 40 37 67 41 50 83 102 96 96 117 127 135 144 176 207 227 239 267 292 351 381 358 452 553 627 640 749 776 826 948 1038 1023 1190 1358 1497 1552 1688 1757 1927 2059 2138 2325 2362 2424 2439 2527 2573 2693 2591 2499 2565 2468 2435 2374 2190 2092 1884 1811 1719 1527 1430 1293 1188 1082 895 870 785 683 582 523 467 459 382 330 264 282 241 194 174 157 148 126 113 101 77 76 64 56 61 40 33 30 40 18 21 23 19 20 9 9 10 6 15 4 2 12 4 7 5 3 5 2 3 2 2 0 2 0 4 0 1 1 1 0 0 2 1 0 0 0 1 1 0 0 0 0 0 0 1 0 0 0 0 0 0 0 
1 0 0 0 0 0 0 0 0 0 
1 0 0 0 0 0 0 1 1 0 0 1 0 1 1 0 3 0 1 0 1 4 0 0 2 6 3 2 3 7 6 4 3 9 11 12 10 8 9 12 22 18 32 23 18 31 27 41 50 41 67 58 75 66 79 96 116 138 164 173 166 202 224 307 266 308 305 419 429 485 504 580 681 767 817 876 953 1137 1147 1305 1342 1534 1651 1792 1920 2051 2127 2247 2316 2442 2516 2576 2609 2755 2593 2716 2697 2522 2455 2353 2290 2104 2035 1859 1680 1660 1478 1312 1230 1122 965 867 824 723 640 611 490 406 384 350 281 258 224 211 201 160 156 126 111 95 82 70 61 49 54 57 34 33 29 33 15 13 22 12 16 13 16 8 7 7 6 4 3 3 4 4 4 1 1 0 2 1 1 1 2 0 2 0 0 3 1 1 1 0 0 0 1 0 1 0 0 0 0 0 0 0 0 
1 0 0 0 0 0 0 0 0 
1 0 0 0 1 0 0 0 0 0 0 0 0 0 
1 0 0 1 1 1 0 0 0 0 1 0 1 0 2 0 0 1 1 2 3 1 1 2 0 2 1 2 3 3 4 3 3 6 2 5 13 8 6 10 10 15 18 12 16 22 24 29 27 28 40 35 45 44 55 58 68 89 93 82 94 115 147 160 149 192 221 217 242 275 334 386 375 470 445 490 561 610 777 793 880 979 1021 1177 1186 1300 1489 1568 1709 1849 1905 2054 2221 2216 2447 2408 2523 2458 2649 2714 2574 2535 2467 2523 2385 2273 2209 2060 2003 1752 1627 1532 1429 1263 1170 1071 867 871 753 737 595 574 491 425 379 344 315 275 198 207 195 176 135 123 95 84 71 67 61 65 45 47 35 28 25 25 22 13 15 12 9 13 8 12 6 4 3 4 4 5 4 1 2 3 1 1 1 3 2 0 2 1 1 0 0 2 0 0 0 0 0 0 1 0 0 0 0 0 0 0 0 0 1 0 0 0 0 0 0 0 0 0 
1 0 0 0 1 1 1 0 0 0 1 2 1 1 0 0 2 0 1 0 6 3 5 2 5 2 8 6 10 3 10 14 10 18 10 17 16 10 27 30 30 28 22 34 32 56 54 41 74 61 84 77 96 104 138 141 164 163 198 211 221 278 299 337 369 417 469 546 559 660 723 769 880 995 1038 1106 1229 1368 1465 1601 1738 1799 1901 2110 2199 2399 2397 2421 2538 2583 2683 2661 2644 2593 2487 2500 2383 2321 2258 2127 1897 1789 1686 1607 1451 1299 1114 1117 938 846 744 670 575 571 484 411 361 302 274 256 214 183 167 152 144 115 91 83 73 78 54 42 41 42 38 25 25 10 30 19 13 11 12 9 15 6 9 7 5 2 5 4 5 5 0 3 0 4 2 1 2 3 0 2 1 4 0 1 0 0 0 0 1 0 0 0 0 0 0 0 0 0 0 0 0 
1 0 0 0 1 0 1 0 0 0 1 1 1 2 1 2 0 1 0 0 0 1 3 0 2 3 2 0 2 3 4 5 4 5 3 2 6 5 10 5 8 8 22 14 15 22 21 25 28 36 30 49 38 36 55 58 93 77 77 81 111 107 128 159 164 164 177 239 256 292 311 326 380 420 473 509 532 654 747 812 908 944 1018 1192 1294 1284 1545 1579 1718 1823 1889 2119 2187 2310 2281 2495 2483 2654 2614 2665 2599 2630 2535 2396 2328 2272 2063 2054 1845 1724 1636 1547 1418 1233 1210 1048 953 816 721 676 578 536 490 425 370 321 282 250 240 175 169 137 155 108 120 97 85 71 64 59 49 30 37 33 39 18 23 21 13 12 10 11 9 12 6 5 7 5 2 11 1 6 3 4 1 4 2 2 0 2 1 0 2 1 1 1 0 1 0 3 0 0 0 1 2 0 0 0 2 0 1 0 1 0 0 0 0 0 0 0 0 0 0 0 0 1 0 0 0 0 0 0 
1 0 0 0 0 0 0 0 0 0 0 2 1 1 0 0 0 0 2 1 2 1 1 1 2 1 3 3 4 5 7 6 7 7 7 12 9 12 14 10 20 11 17 26 18 26 24 32 29 42 36 49 39 51 52 77 71 97 106 138 121 133 149 183 223 235 271 283 288 355 418 479 464 545 637 615 757 810 897 1008 1021 1125 1261 1488 1541 1617 1748 1835 1964 2046 2255 2342 2348 2512 2558 2493 2678 2599 2599 2508 2523 2423 2399 2301 2103 2019 1889 1763 1577 1497 1358 1262 1115 1033 935 837 728 686 576 505 464 399 340 328 294 242 199 207 191 148 138 104 99 93 78 60 60 69 50 47 36 46 30 22 21 32 15 18 13 15 9 14 10 12 5 3 7 4 5 4 3 2 3 3 0 3 1 2 0 1 1 1 0 0 0 1 0 0 0 0 0 0 0 0 0 0 0 
1 0 0 0 0 0 0 1 0 0 1 0 0 1 0 0 1 0 0 1 0 3 1 1 0 3 1 1 3 3 3 6 4 6 6 1 10 12 18 8 8 15 18 24 30 23 31 32 29 43 48 52 54 72 73 89 108 100 131 118 160 168 200 209 220 252 276 341 367 387 441 467 539 611 677 730 783 879 946 1146 1202 1293 1422 1525 1598 1751 1926 2034 2092 2347 2334 2425 2487 2532 2676 2747 2586 2644 2521 2574 2457 2416 2232 2193 1887 1881 1868 1581 1473 1341 1187 1051 1034 902 802 720 684 574 498 427 383 296 291 247 245 191 195 156 132 123 100 85 72 79 53 50 45 38 42 32 28 24 17 13 11 11 8 5 10 5 11 5 3 3 4 4 1 2 0 0 0 0 2 1 0 4 0 0 1 0 0 0 0 0 0 0 0 0 0 0 
1 0 0 0 0 2 0 0 0 1 0 1 1 0 0 0 1 5 0 1 0 2 0 1 6 5 2 2 7 4 8 8 9 10 11 9 10 11 17 19 25 15 25 21 37 32 36 43 54 63 58 58 69 84 83 88 106 106 135 152 178 192 229 254 247 274 332 392 407 480 509 499 627 658 761 826 905 994 1076 1227 1328 1395 1506 1647 1777 1907 1975 2094 2181 2379 2481 2423 2564 2458 2605 2589 2556 2489 2562 2403 2293 2178 2150 1976 1838 1682 1639 1460 1432 1161 1143 981 912 810 729 646 601 515 471 410 370 311 321 255 236 182 175 149 121 111 105 81 84 89 62 47 49 45 45 32 28 21 28 28 13 17 18 10 7 7 10 8 4 10 3 2 0 2 4 1 0 1 3 1 2 1 0 0 0 0 0 3 0 0 0 0 0 0 0 0 0 0 
1 0 0 1 0 0 0 0 1 1 0 0 0 1 0 0 1 0 2 1 2 0 1 1 0 0 2 1 3 1 4 1 3 3 1 4 5 1 3 4 5 6 5 5 9 4 12 6 12 14 15 17 25 17 25 27 40 37 45 48 46 48 65 75 75 90 102 125 128 142 147 198 188 210 283 298 315 340 377 430 486 558 620 615 755 838 935 1033 1059 1194 1245 1427 1591 1658 1778 1877 1906 2186 2237 2407 2481 2472 2523 2569 2627 2622 2666 2594 2530 2455 2432 2124 2133 2030 1829 1732 1584 1521 1389 1221 1119 1027 909 813 712 618 544 535 438 381 336 327 251 230 216 169 182 138 122 113 83 90 79 62 55 46 39 39 40 26 27 24 23 14 13 15 9 11 7 9 6 10 3 2 1 1 9 1 3 1 3 1 1 1 0 1 0 0 0 0 0 0 0 0 0 0 1 0 0 0 0 0 0 0 0 
1 0 0 0 0 0 0 1 1 1 0 0 0 1 0 0 1 1 1 1 0 0 0 0 2 1 1 1 2 0 1 1 1 2 4 2 3 3 6 1 2 2 5 8 1 4 10 10 13 9 10 11 20 16 17 24 29 34 34 32 43 40 67 55 61 66 93 98 112 125 130 149 171 177 226 250 265 324 325 396 402 471 544 576 641 639 815 791 927 1032 1128 1286 1301 1502 1580 1644 1815 1873 2044 2255 2337 2347 2556 2529 2512 2601 2573 2580 2628 2543 2413 2430 2296 2166 2052 1947 1782 1722 1567 1435 1320 1215 1067 978 893 766 678 644 564 515 445 384 331 334 255 235 187 190 178 158 126 128 91 86 60 62 63 46 54 40 20 36 24 21 15 16 25 12 13 11 5 11 5 7 6 1 6 2 3 1 1 2 0 1 0 1 0 0 0 0 1 1 0 0 0 1 0 0 1 0 0 0 0 0 0 0 0 0 0 0 0 0 0 
1 0 0 0 0 1 0 0 0 0 0 0 1 0 0 0 0 0 0 0 0 0 1 1 1 0 0 1 1 0 0 3 0 0 1 1 2 2 1 4 2 3 4 3 3 4 5 1 7 4 7 5 11 6 10 10 17 15 17 17 22 21 24 25 33 36 43 33 59 43 52 58 79 112 84 101 98 128 179 169 174 185 222 234 301 313 361 400 450 480 529 596 685 727 771 844 1020 1096 1095 1275 1354 1529 1595 1692 1816 1975 2063 2171 2334 2442 2468 2496 2569 2580 2630 2595 2584 2529 2450 2458 2192 2177 2048 1954 1717 1624 1548 1404 1225 1110 1044 945 842 771 644 601 523 484 385 340 336 282 242 228 195 191 146 124 124 97 77 63 73 55 49 47 38 28 31 19 30 24 19 13 12 14 12 8 10 6 6 4 5 3 2 4 4 3 2 0 3 3 1 2 1 1 1 0 2 1 1 0 1 1 0 0 0 0 2 0 0 0 1 1 0 0 0 0 0 1 1 0 0 2 0 0 0 1 0 3 0 2 0 0 0 0 0 0 0 0 0 0 
1 0 1 1 0 2 2 1 2 2 1 1 2 3 1 7 1 3 1 3 2 5 4 6 4 9 6 9 4 12 11 14 17 16 15 15 19 26 19 32 32 38 43 55 54 50 67 92 92 102 93 136 151 156 192 195 240 240 275 345 315 376 420 485 536 613 626 715 783 889 1018 991 1130 1267 1413 1521 1602 1776 1895 1920 2080 2256 2342 2373 2474 2561 2599 2653 2603 2685 2567 2462 2584 2364 2340 2131 2133 1958 1704 1611 1519 1422 1238 1143 1017 940 825 760 654 567 461 477 428 396 303 297 232 206 203 186 153 139 114 94 105 59 49 58 48 51 31 28 21 34 24 11 16 15 10 12 7 9 4 3 4 0 5 5 1 3 3 1 0 2 1 0 0 0 1 1 1 0 0 1 0 0 0 0 0 0 0 
1 0 0 0 0 1 0 0 0 0 0 0 0 0 0 0 1 0 0 0 0 1 0 1 1 0 1 2 5 3 1 0 1 0 2 7 1 8 1 1 6 5 7 8 4 11 14 2 17 11 16 21 16 24 17 20 29 48 39 34 48 48 59 73 71 99 82 101 115 121 158 172 207 199 222 285 266 359 401 394 462 510 558 666 732 825 858 898 1040 1119 1226 1361 1448 1602 1580 1831 1991 2028 2182 2179 2395 2532 2483 2592 2632 2628 2510 2555 2573 2483 2353 2339 2226 2062 1922 1885 1648 1574 1352 1271 1211 1072 1025 865 765 710 594 528 540 440 401 343 332 272 214 194 176 158 150 116 116 89 92 81 54 48 37 45 37 41 32 28 27 24 15 8 13 12 10 16 9 10 1 10 8 3 3 3 3 1 2 3 1 2 1 0 0 0 0 0 1 0 0 0 1 0 0 1 0 0 0 0 0 0 0 0 0 
1 0 0 0 0 0 0 0 2 0 0 0 0 0 1 0 0 0 0 0 0 0 1 0 1 1 0 3 2 2 0 0 1 4 3 4 3 3 2 4 5 5 2 7 6 6 7 7 10 10 13 18 13 19 34 22 35 24 22 34 41 52 46 52 44 68 81 98 118 115 129 146 159 177 199 259 258 310 314 344 420 446 541 552 643 633 790 863 890 1059 1150 1231 1317 1462 1596 1678 1723 2003 2142 2196 2269 2349 2471 2471 2631 2613 2633 2654 2616 2561 2522 2408 2254 2050 2154 1984 1815 1727 1538 1456 1282 1183 1045 967 846 796 656 643 540 469 431 431 377 305 260 232 194 182 155 149 137 109 97 83 65 70 58 46 43 45 38 30 21 19 18 12 18 9 10 8 5 7 5 7 6 4 3 6 2 5 1 4 1 1 3 0 1 2 1 0 2 2 0 3 1 0 0 0 1 2 0 0 0 0 0 1 1 0 0 0 0 0 0 0 0 0 0 0 0 0 0 0 0 0 
1 0 0 0 0 0 1 0 1 0 0 1 0 0 0 1 0 0 0 3 1 2 0 0 1 0 2 2 4 0 0 0 0 6 3 8 6 9 6 10 5 8 12 10 10 22 17 20 21 31 32 39 45 47 40 39 63 59 77 88 80 112 127 129 124 157 170 212 250 284 257 325 355 383 458 541 587 584 681 762 813 923 1004 1096 1149 1321 1404 1545 1600 1721 1880 2000 2167 2243 2286 2436 2532 2533 2648 2610 2640 2650 2501 2554 2426 2258 2257 2149 2014 1906 1739 1511 1487 1367 1269 1109 996 836 901 687 623 512 523 438 371 334 309 280 260 203 186 156 166 141 115 95 103 95 73 60 51 45 43 49 23 24 20 24 14 14 10 10 7 9 12 4 2 4 1 3 5 3 3 3 1 2 1 0 0 1 0 0 0 0 2 0 1 0 0 0 0 0 0 0 0 0 0 0 1 0 0 0 0 0 0 1 0 0 0 0 0 0 0 0 1 0 0 0 0 0 0 0 0 0 0 0 0 0 0 0 0 0 0 
1 0 0 0 0 0 0 0 0 0 0 0 1 0 0 0 0 1 0 0 0 1 0 1 3 2 1 2 1 2 3 3 2 4 8 3 3 6 5 8 3 5 8 8 13 7 12 12 14 18 29 23 25 30 33 35 34 64 42 57 59 80 85 78 94 111 113 144 164 182 203 242 262 284 280 340 357 418 481 499 556 628 688 731 886 925 964 1116 1226 1260 1431 1535 1634 1720 1870 2039 2074 2189 2271 2432 2461 2549 2594 2646 2571 2623 2542 2435 2434 2337 2191 2126 1945 1845 1730 1588 1536 1297 1228 1087 974 939 817 763 628 585 508 449 431 339 340 307 221 226 179 177 159 113 111 85 86 76 64 54 61 41 36 35 28 28 30 18 23 13 19 10 17 7 7 8 5 9 5 5 2 1 2 5 2 2 1 2 0 1 1 0 4 0 1 0 0 0 0 1 1 0 0 0 0 2 0 0 0 0 0 0 0 0 0 
1 0 0 0 0 1 1 0 1 0 1 1 0 1 2 2 3 1 2 2 4 4 3 6 8 7 4 9 13 17 12 10 13 17 22 22 25 25 33 33 33 49 37 50 71 68 75 89 96 91 114 145 149 152 170 222 205 258 276 301 349 392 426 501 512 576 658 672 840 828 941 1036 1094 1245 1344 1523 1569 1673 1802 1915 2043 2252 2271 2446 2405 2488 2561 2552 2621 2621 2622 2485 2408 2483 2287 2269 2081 1983 1810 1637 1515 1382 1318 1183 1052 959 885 783 729 589 561 466 430 365 335 315 247 226 198 152 152 141 127 98 96 73 75 69 55 53 38 25 31 27 15 10 15 19 17 10 12 5 9 15 2 6 6 1 5 4 1 1 2 1 2 2 2 1 0 0 2 0 1 0 0 0 0 0 0 0 0 0 0 0 
1 0 0 0 0 0 0 1 0 0 0 0 0 1 0 0 1 0 1 0 3 0 1 0 1 1 0 1 2 1 2 2 4 3 1 3 6 2 6 4 2 3 5 11 14 14 17 7 13 14 17 9 18 24 20 26 34 35 44 45 47 57 62 78 87 81 108 123 123 144 166 163 177 173 239 282 318 336 396 410 462 516 585 684 681 786 905 899 1025 1153 1261 1380 1519 1636 1729 1796 1922 2121 2248 2316 2323 2511 2524 2508 2634 2645 2588 2520 2511 2472 2387 2274 2131 2044 1894 1800 1716 1540 1433 1286 1130 1044 897 822 775 670 606 556 493 402 375 324 284 249 227 172 188 146 144 122 113 97 83 66 53 58 31 41 39 39 33 23 19 9 10 16 15 12 9 11 5 13 4 6 4 5 2 1 2 2 1 3 2 1 0 2 0 1 1 0 0 0 0 0 0 0 0 0 0 0 
1 0 0 0 0 0 0 0 1 1 0 1 0 0 1 2 0 1 1 0 2 0 0 0 4 2 1 3 2 2 1 1 1 2 2 4 2 4 4 3 5 6 3 5 2 10 6 5 11 12 16 16 10 9 18 18 22 21 36 29 32 40 50 54 54 52 73 71 116 100 100 132 141 153 177 173 220 252 279 299 340 352 407 470 518 581 648 683 773 862 983 1043 1137 1298 1397 1428 1599 1692 1824 1966 2057 2194 2223 2344 2496 2530 2547 2566 2592 2638 2581 2594 2416 2372 2299 2195 2121 1865 1766 1698 1577 1356 1223 1123 1093 966 866 792 721 634 524 455 421 381 350 300 259 226 212 179 141 139 118 117 92 84 89 67 57 50 40 38 33 26 23 22 22 17 12 8 11 9 9 9 8 5 8 4 3 5 4 1 2 5 0 2 2 0 1 2 2 0 1 0 0 0 1 0 0 0 0 0 0 1 0 0 0 0 0 0 0 0 
1 0 0 0 0 0 0 0 1 0 2 1 1 0 0 1 0 3 4 3 3 1 1 3 2 1 2 3 4 7 5 4 6 7 8 8 13 8 16 12 17 26 24 22 37 34 40 37 55 57 64 71 68 67 94 92 141 156 162 163 184 241 235 253 285 312 381 394 495 525 536 654 659 736 833 932 1010 1087 1167 1344 1395 1522 1738 1765 1978 2005 2118 2222 2276 2458 2471 2603 2550 2575 2632 2596 2499 2539 2445 2340 2200 2189 1930 1837 1719 1576 1506 1327 1204 1077 931 911 769 695 595 579 506 429 393 344 301 274 234 201 171 172 153 123 113 90 91 73 63 53 57 53 44 31 24 24 23 26 12 16 14 15 11 10 9 8 8 8 5 7 2 3 3 1 1 1 0 1 2 3 0 1 1 1 0 0 1 1 0 0 0 0 0 0 0 
1 0 0 0 0 0 0 0 0 0 1 2 0 0 0 1 1 0 1 1 0 3 1 3 1 3 3 2 1 2 4 5 4 2 2 7 7 8 7 4 13 15 17 7 15 18 26 21 20 36 39 27 42 44 44 65 65 67 101 99 124 106 122 152 178 212 194 220 242 303 315 359 391 425 503 531 625 661 761 801 920 948 1085 1171 1290 1428 1600 1625 1812 1922 2011 2102 2349 2381 2375 2519 2537 2541 2749 2581 2623 2569 2539 2542 2336 2216 2171 2071 1848 1803 1599 1451 1334 1164 1157 966 911 817 692 650 550 494 470 399 331 282 269 230 220 191 153 154 135 101 99 73 84 57 58 53 40 40 34 23 26 19 30 17 18 14 7 10 8 7 10 5 5 2 6 3 6 4 2 2 1 3 1 2 1 1 2 1 0 1 0 0 0 0 0 0 0 0 0 0 0 0 
1 0 0 0 0 
1 0 0 0 0 1 1 0 0 2 2 1 0 2 2 2 0 1 1 6 3 0 3 2 3 2 7 9 2 6 8 4 9 8 10 5 10 12 15 15 9 13 18 30 31 33 41 50 41 35 51 69 88 99 103 97 125 139 158 142 191 207 247 237 314 288 351 398 421 488 605 628 683 744 841 914 985 1138 1231 1265 1405 1507 1576 1803 2036 2029 2124 2278 2233 2470 2420 2614 2603 2657 2605 2666 2561 2515 2369 2338 2237 2200 1991 1777 1727 1619 1410 1348 1201 1079 987 874 797 760 654 585 469 428 365 322 320 289 229 207 159 164 153 103 111 98 70 63 67 62 50 28 42 33 26 34 18 18 10 15 9 16 9 7 8 0 7 3 3 5 0 4 3 2 6 0 0 3 0 1 1 0 0 0 0 1 1 0 0 0 0 0 0 0 0 0 0 
1 0 0 0 0 2 0 0 1 1 1 1 1 1 2 1 2 4 4 5 2 4 6 4 3 4 11 6 11 8 15 14 18 18 17 23 38 41 32 46 48 37 55 59 77 80 91 105 112 134 131 150 165 177 237 234 283 301 302 358 417 478 477 585 683 731 788 882 941 1041 1184 1297 1321 1475 1611 1792 1804 2007 2032 2236 2253 2328 2501 2556 2605 2658 2608 2620 2634 2566 2511 2419 2341 2219 2037 1938 1736 1729 1607 1428 1244 1104 1054 941 860 735 666 562 506 463 413 349 320 305 242 203 211 190 183 131 86 92 96 77 64 50 53 36 45 26 32 27 27 14 11 15 14 15 6 9 10 6 7 5 4 4 1 7 3 5 2 0 2 0 1 2 3 0 0 0 2 0 0 0 0 0 0 0 0 0 
1 0 0 0 0 0 1 2 2 1 0 0 2 2 3 1 3 1 2 4 3 3 6 4 8 3 5 6 7 11 14 4 8 16 13 18 21 17 22 20 32 29 34 34 34 45 44 53 63 66 88 81 106 105 139 161 157 184 205 220 264 284 312 356 379 448 491 519 609 677 736 850 885 959 1056 1236 1189 1355 1501 1648 1727 1850 1926 2048 2245 2293 2388 2547 2531 2491 2631 2521 2647 2595 2568 2513 2390 2296 2218 2022 1892 1791 1679 1611 1397 1250 1131 981 927 834 734 629 546 517 451 387 335 296 264 242 225 205 165 154 111 120 87 78 76 67 65 53 43 27 39 28 21 23 24 20 16 14 11 13 9 9 11 6 5 5 4 0 2 3 3 0 0 1 0 1 1 2 2 0 0 4 1 0 0 0 1 0 0 0 0 2 0 0 0 1 0 0 1 0 0 1 0 0 0 0 0 1 0 0 0 0 1 0 0 0 0 0 0 0 
1 0 0 0 0 0 0 0 0 1 1 0 0 0 0 0 0 2 1 1 4 1 0 2 1 3 4 5 3 2 9 14 6 9 3 9 11 20 14 25 14 18 19 31 25 31 38 46 41 38 64 56 79 72 78 98 112 112 131 149 188 210 225 238 242 292 331 393 419 478 483 558 628 690 762 875 979 992 1107 1257 1301 1512 1638 1613 1744 1990 2109 2144 2183 2302 2455 2506 2538 2635 2617 2618 2643 2463 2442 2482 2245 2228 2008 1994 1821 1674 1547 1461 1271 1190 1060 955 929 796 685 595 562 457 423 412 362 316 258 227 189 188 149 140 122 109 82 91 66 53 68 57 50 32 32 28 14 22 28 19 16 7 11 10 2 12 10 8 8 3 4 7 2 3 3 4 3 3 0 2 4 1 3 1 1 0 2 1 3 0 1 0 1 1 0 0 0 0 0 0 0 0 1 0 0 0 0 0 0 0 0 0 0 
1 0 0 0 0 0 1 0 0 1 0 0 0 2 1 1 1 2 1 0 0 1 2 4 2 2 4 1 3 7 6 5 7 9 11 9 13 12 13 13 18 24 29 28 27 26 28 41 39 50 64 73 74 84 83 109 106 150 161 186 184 218 252 265 287 356 351 403 455 483 528 628 680 700 833 958 996 1091 1192 1358 1505 1496 1700 1676 1885 2049 2144 2358 2304 2423 2453 2618 2592 2619 2467 2578 2555 2559 2403 2305 2282 2036 1867 1859 1728 1646 1402 1319 1182 1098 964 848 826 687 632 655 543 440 384 347 323 284 243 224 175 169 166 134 118 91 89 69 64 59 49 49 40 33 29 21 16 15 15 14 13 10 11 8 2 4 10 7 2 2 2 3 5 1 1 1 0 2 2 0 1 0 1 0 1 0 0 0 0 0 1 0 0 0 0 0 0 0 0 0 0 
1 0 0 0 0 0 1 0 0 1 0 1 0 2 1 0 2 1 0 0 0 1 3 2 0 5 4 5 4 3 2 11 7 11 14 9 12 14 10 24 25 18 22 29 33 32 57 54 39 59 61 73 82 104 112 135 117 141 165 197 178 233 307 286 315 385 388 463 499 572 606 679 718 811 887 1059 1117 1145 1281 1428 1493 1672 1715 1889 2080 2089 2244 2350 2448 2505 2539 2628 2536 2641 2637 2619 2528 2419 2356 2262 2098 2028 1860 1748 1591 1451 1375 1253 1069 918 887 809 711 667 563 496 457 393 404 305 248 256 215 182 146 129 114 104 102 91 73 62 59 39 54 39 25 31 24 25 18 19 14 10 7 9 8 6 2 4 4 5 6 2 0 2 1 1 0 1 1 1 1 0 0 1 0 0 0 0 0 0 0 0 0 
1 0 0 0 0 0 0 0 0 1 1 0 0 1 0 0 1 2 0 0 0 2 1 1 0 0 3 1 0 2 2 2 1 1 3 0 1 4 3 4 5 7 5 9 9 6 9 13 16 14 14 15 29 33 30 39 26 35 38 58 50 65 64 78 81 91 109 109 149 149 149 195 202 207 222 261 267 355 354 416 436 528 532 601 669 728 828 879 1015 991 1267 1292 1345 1555 1732 1833 1750 1972 2117 2296 2323 2473 2493 2537 2483 2586 2648 2645 2569 2499 2453 2344 2251 2082 1956 1875 1754 1596 1458 1294 1228 1086 1003 917 827 697 608 591 497 476 424 329 278 309 234 235 185 162 148 123 121 118 79 82 64 77 50 46 41 28 23 28 31 27 20 9 11 17 13 12 7 3 3 7 5 3 3 3 1 1 0 8 0 1 2 1 1 2 0 0 0 2 1 0 3 2 0 1 0 1 0 0 0 1 0 0 0 0 0 
1 0 0 0 0 0 1 0 0 0 0 0 1 0 0 0 1 1 0 1 0 1 0 1 1 1 3 0 0 2 4 4 6 8 3 2 5 4 17 14 12 14 8 12 17 18 23 27 29 23 40 40 33 48 51 49 54 91 74 91 81 101 127 150 147 168 202 245 235 274 299 367 389 467 520 555 570 668 753 856 996 1052 1094 1174 1300 1476 1591 1707 1811 1815 2030 2046 2338 2398 2471 2464 2560 2642 2653 2598 2722 2664 2560 2435 2308 2233 2104 1945 1863 1758 1627 1434 1331 1247 1087 994 900 762 680 610 536 526 457 380 338 310 289 214 201 169 173 157 107 96 76 92 68 68 62 59 37 36 33 36 30 23 11 19 14 12 11 5 6 8 5 5 7 0 2 3 4 0 0 1 0 0 0 2 0 1 0 1 1 1 0 1 0 0 0 0 0 0 0 0 
1 0 0 0 0 0 0 0 0 0 0 0 0 1 0 0 0 0 0 1 0 1 0 0 0 0 1 0 0 1 1 2 0 0 1 0 3 0 0 0 0 1 0 1 1 2 0 1 0 0 1 2 0 0 2 3 2 2 1 5 4 2 5 6 8 6 5 2 13 10 11 18 7 20 13 14 20 18 28 31 34 24 39 34 43 54 78 75 88 60 94 128 127 116 137 155 165 193 241 255 294 338 405 395 418 465 536 603 663 769 845 817 1018 1047 1163 1212 1373 1494 1655 1771 1793 1923 2098 2185 2443 2429 2594 2544 2523 2657 2577 2668 2677 2580 2401 2346 2307 2156 1948 1877 1704 1579 1560 1397 1285 1140 1018 947 807 731 608 575 479 479 431 325 347 251 257 221 180 185 162 129 110 85 88 75 77 47 55 43 32 32 28 25 26 23 20 18 13 13 4 5 12 5 6 4 7 5 2 3 3 3 0 1 2 0 2 0 1 0 0 0 1 0 0 0 1 0 1 0 0 1 0 1 0 0 0 0 0 0 0 
1 0 0 0 0 0 2 0 1 0 0 0 0 0 1 0 0 0 0 1 0 0 1 1 0 1 1 2 1 0 0 2 4 4 2 2 1 2 5 6 0 3 5 5 8 5 6 8 13 13 15 10 16 20 26 27 31 32 31 37 42 46 45 63 85 81 78 96 105 139 118 155 164 168 230 215 267 321 322 330 375 437 498 574 637 650 712 770 887 918 1056 1132 1258 1408 1469 1599 1673 1839 1965 2166 2204 2279 2356 2477 2577 2572 2644 2658 2713 2596 2577 2381 2351 2343 2111 2035 1847 1814 1699 1509 1297 1260 1105 1043 894 867 752 639 571 543 434 371 376 293 294 255 200 182 163 146 131 126 90 81 82 70 71 49 57 42 36 29 29 27 18 17 12 19 7 7 16 11 4 6 6 3 1 8 2 3 2 0 1 0 2 3 1 0 1 1 1 1 0 1 0 0 0 0 1 0 0 0 0 0 0 0 0 0 
1 0 0 0 0 0 0 0 
1 0 0 0 0 0 1 0 0 0 0 0 0 0 
1 0 0 0 0 0 0 0 0 1 1 0 0 0 0 0 0 0 0 
1 0 0 0 1 2 0 2 2 1 2 1 1 3 1 10 6 6 5 2 10 10 6 13 7 12 8 20 20 19 23 29 23 34 27 42 44 60 52 54 69 86 81 97 117 112 149 179 188 204 237 232 276 306 357 368 472 528 520 610 643 738 792 892 918 1094 1223 1264 1405 1543 1627 1705 1795 1977 2047 2261 2369 2423 2445 2494 2515 2543 2508 2638 2592 2558 2379 2404 2291 2149 1979 1947 1810 1592 1536 1305 1284 1172 1061 937 819 778 726 644 514 501 398 331 339 292 269 209 203 150 144 144 125 91 86 88 57 49 51 52 32 39 26 22 29 19 18 12 11 5 7 15 11 1 11 4 13 1 4 3 1 3 1 3 3 3 3 0 0 2 1 0 3 0 0 0 0 0 0 0 1 0 0 0 0 0 
1 0 0 0 0 0 0 0 2 0 1 0 0 3 3 1 1 2 0 2 1 3 6 5 5 5 2 4 3 3 6 10 5 9 13 6 13 10 11 18 22 18 23 26 33 42 26 53 50 58 56 71 82 94 88 126 141 133 168 182 235 204 233 269 317 325 357 447 470 492 561 644 728 760 832 960 1002 1151 1183 1313 1363 1537 1694 1881 1919 2034 2112 2201 2290 2410 2546 2615 2551 2590 2608 2654 2493 2540 2548 2345 2202 2150 1987 1760 1719 1549 1497 1316 1184 1067 1000 792 785 682 609 542 486 443 406 362 276 271 227 185 159 174 139 138 105 100 76 67 73 62 43 34 33 39 37 25 33 8 9 15 16 10 9 8 7 2 8 6 3 8 3 5 2 2 1 1 2 2 2 0 1 1 1 0 0 1 0 0 0 1 0 1 0 0 0 0 1 0 0 0 0 0 0 0 0 0 0 0 
1 0 0 0 0 0 1 1 0 0 0 0 0 0 0 1 0 0 2 0 0 0 0 0 1 1 0 2 0 0 0 3 0 0 0 1 2 4 2 2 2 0 1 3 8 2 4 3 9 7 10 13 11 12 14 13 14 34 29 29 26 41 35 30 45 49 63 51 77 64 99 90 121 121 124 160 168 200 213 214 275 315 329 352 365 473 517 569 624 690 814 848 888 1024 1093 1171 1363 1389 1518 1612 1754 1870 1970 2113 2252 2256 2429 2461 2479 2597 2608 2665 2540 2581 2539 2465 2339 2224 2155 2035 1830 1758 1608 1474 1372 1240 1015 1002 893 762 727 654 589 488 430 374 332 286 274 252 213 161 148 152 113 89 97 72 80 66 48 54 53 39 32 24 31 22 16 20 19 9 13 9 11 10 6 6 6 2 7 4 2 2 2 4 5 3 2 0 1 0 2 1 2 0 1 1 0 0 0 0 1 0 1 0 0 0 0 0 1 0 0 0 1 0 0 0 0 0 0 0 
1 0 0 0 0 1 2 1 0 0 1 0 2 3 1 1 4 0 3 4 0 0 4 2 1 2 4 3 6 3 4 10 13 8 5 8 4 12 5 18 13 19 21 24 28 32 31 34 53 44 58 53 63 73 91 105 87 110 135 139 188 185 209 256 246 280 335 372 392 462 546 570 610 736 769 864 931 979 1100 1225 1348 1441 1543 1725 1787 1951 2086 2076 2258 2425 2489 2449 2560 2639 2719 2606 2673 2508 2456 2442 2366 2198 2151 2011 1912 1728 1558 1442 1289 1166 1020 1004 798 823 690 596 510 472 450 332 328 293 243 228 208 214 151 135 102 112 98 77 65 73 65 62 37 40 24 20 39 17 23 18 18 20 16 13 10 4 3 5 8 10 8 2 3 5 2 2 0 0 2 3 2 0 0 0 1 0 0 0 0 0 0 0 0 0 
1 0 0 0 0 0 0 1 0 0 2 0 1 0 1 0 0 0 0 1 1 0 0 1 0 0 0 1 0 0 0 0 1 0 0 0 0 0 0 0 0 0 0 1 2 3 0 0 0 0 1 1 2 0 1 3 2 1 3 2 3 2 4 6 5 7 3 9 8 7 5 7 19 17 17 11 18 18 26 31 34 38 40 37 57 54 80 78 91 79 106 128 149 166 164 174 200 232 253 275 351 358 401 451 483 584 609 701 707 824 943 992 1126 1254 1227 1407 1570 1673 1789 1905 1971 2093 2277 2377 2422 2530 2494 2625 2566 2627 2554 2600 2608 2471 2255 2230 2092 1956 1879 1737 1606 1445 1314 1109 1142 955 923 788 685 660 558 469 452 361 336 331 252 274 185 194 174 138 123 103 104 92 59 69 62 51 44 42 36 36 26 25 20 14 15 15 12 15 5 8 7 3 6 2 5 1 9 2 3 1 2 1 2 5 2 2 0 3 2 0 1 2 0 1 0 0 1 0 0 0 0 0 
1 0 0 0 2 0 0 1 2 0 0 0 4 1 1 0 2 2 2 3 2 2 2 1 3 6 3 2 5 10 7 8 11 9 11 17 15 12 18 18 34 25 24 38 33 36 49 35 65 60 80 66 83 104 111 108 109 148 157 185 170 245 258 293 306 355 363 447 499 534 593 661 683 807 942 918 1055 1142 1250 1353 1551 1583 1749 1862 1925 2087 2195 2305 2414 2506 2495 2628 2609 2642 2686 2714 2542 2503 2369 2274 2051 1984 1973 1817 1609 1535 1404 1275 1129 1055 884 838 694 624 537 536 422 384 352 317 274 233 225 184 160 131 105 99 102 71 76 60 44 50 33 34 36 28 28 17 13 15 14 12 10 11 6 8 7 5 4 2 2 1 2 2 3 3 4 1 2 3 3 3 2 0 0 1 0 2 0 0 0 1 0 0 0 0 
1 0 0 0 0 0 0 0 0 0 0 1 2 0 0 2 1 2 3 1 3 1 7 2 1 10 8 5 6 5 7 11 8 15 9 9 9 15 14 26 13 18 27 26 35 27 38 54 35 52 60 63 94 83 98 112 132 154 156 189 160 231 257 263 304 354 397 449 451 524 552 671 698 792 854 939 1031 1109 1226 1347 1489 1490 1795 1763 1935 2050 2185 2153 2234 2482 2553 2549 2673 2650 2566 2584 2563 2430 2405 2273 2184 1945 2035 1832 1683 1556 1490 1327 1192 1064 979 905 780 716 611 540 489 442 378 324 308 252 233 215 204 161 127 128 103 93 85 72 66 46 47 45 37 29 22 18 20 15 13 20 8 4 9 9 5 8 3 2 6 2 5 2 2 1 2 0 1 2 1 0 0 0 0 0 1 1 1 0 0 0 1 0 0 0 0 0 0 0 1 0 0 0 0 0 0 
1 0 0 0 0 1 1 0 0 1 0 2 1 3 0 2 0 0 2 3 6 1 2 2 2 1 2 2 5 6 8 5 7 4 8 7 11 12 11 13 15 19 22 21 19 30 26 39 39 57 62 54 60 74 86 98 97 137 151 121 159 182 214 258 286 310 354 361 390 469 517 547 651 681 736 809 974 1031 1179 1208 1374 1493 1622 1718 1820 1895 1970 2141 2266 2352 2426 2520 2596 2520 2659 2592 2608 2552 2491 2441 2238 2210 2055 1940 1938 1671 1589 1438 1344 1180 1061 955 888 780 722 571 557 475 464 436 368 317 248 228 198 166 144 159 122 103 118 72 72 74 66 46 51 43 31 36 28 28 29 19 13 18 15 9 8 13 9 6 8 3 7 1 2 5 1 5 1 1 1 2 1 1 2 1 0 0 0 0 0 0 0 1 0 0 0 0 0 0 0 
1 0 0 0 0 0 0 0 0 1 0 0 1 0 0 1 2 0 0 0 1 2 1 1 5 2 4 2 0 2 3 7 5 5 5 11 8 2 9 12 19 19 24 22 25 35 42 54 41 48 66 74 86 88 107 121 129 124 165 179 200 225 223 273 290 357 393 429 456 527 638 646 732 859 899 991 1109 1235 1362 1373 1584 1726 1840 2063 2030 2146 2199 2387 2482 2507 2667 2673 2625 2670 2659 2607 2519 2438 2256 2210 2173 2004 1800 1751 1610 1440 1278 1188 1068 1012 892 751 659 622 579 487 441 382 348 319 236 237 185 173 171 128 126 108 99 78 65 69 55 38 42 30 32 22 23 22 18 11 16 8 9 10 8 8 7 5 3 9 5 2 3 2 2 3 0 3 4 1 2 0 0 1 1 3 1 0 0 0 2 1 0 0 0 0 0 0 0 0 
1 0 0 0 0 0 1 0 0 0 0 0 0 1 0 0 0 0 0 0 0 0 0 0 0 0 0 0 0 
1 0 0 1 0 0 0 0 0 0 0 0 0 1 0 0 1 0 1 1 0 0 0 0 0 0 3 0 0 0 1 0 2 1 1 0 2 0 4 0 0 0 2 4 3 1 0 5 4 8 8 5 6 6 12 11 18 10 19 20 22 25 28 39 30 37 42 57 39 82 80 76 96 100 120 138 146 171 201 231 238 284 296 331 387 446 475 492 566 639 713 742 795 968 1078 1120 1265 1382 1489 1573 1727 1830 1981 2083 2180 2333 2334 2466 2571 2779 2646 2608 2652 2545 2487 2528 2383 2328 2254 2010 1904 1793 1665 1547 1375 1271 1122 1065 956 838 767 697 590 535 447 407 384 313 294 246 195 164 161 162 124 115 104 72 80 61 49 51 45 45 30 37 24 19 16 14 12 9 19 10 10 5 3 3 2 6 0 3 2 2 3 4 1 2 3 0 0 0 0 2 0 0 0 0 0 0 0 0 0 0 0 0 
1 0 0 0 0 2 1 0 0 1 0 0 2 2 1 1 2 1 2 4 3 5 7 1 0 4 9 4 10 9 7 12 10 20 22 17 19 26 19 22 36 38 54 52 69 64 84 77 94 88 111 111 124 148 182 204 208 227 269 300 329 373 437 464 486 570 627 725 800 834 951 1010 1122 1210 1368 1445 1535 1717 1797 2011 2110 2198 2234 2405 2470 2500 2632 2564 2686 2673 2616 2640 2491 2422 2322 2213 2061 2006 1799 1645 1558 1456 1313 1159 1026 981 898 798 663 666 575 504 414 340 317 263 271 221 188 178 139 134 122 100 78 84 68 60 47 41 39 41 36 21 20 21 20 16 19 10 11 5 13 7 3 10 8 6 4 4 3 2 2 2 2 2 1 0 1 1 0 2 1 0 1 2 1 0 0 0 0 0 0 0 0 0 0 
1 1 1 0 1 1 2 3 1 2 2 1 7 0 6 4 5 5 9 6 8 13 14 15 19 23 21 28 21 42 38 37 45 54 45 63 66 75 103 81 97 130 143 170 176 210 209 240 282 290 342 364 418 470 511 561 627 630 793 880 878 980 1107 1177 1397 1373 1550 1712 1759 1997 2036 2145 2284 2379 2491 2391 2608 2581 2672 2680 2617 2548 2555 2360 2345 2222 2097 2001 1770 1715 1560 1459 1345 1216 1075 990 925 775 657 601 573 500 462 379 331 308 267 217 210 198 190 137 139 124 92 85 75 65 51 64 51 40 35 33 37 25 16 17 17 19 10 12 8 9 8 3 1 4 3 2 4 3 3 1 0 1 0 1 0 2 0 1 0 2 0 0 0 0 0 1 1 0 0 0 1 0 0 0 0 1 1 0 0 0 0 2 1 1 0 0 0 0 0 0 0 0 0 0 
1 0 0 0 0 0 2 0 1 1 1 1 3 1 0 0 2 2 0 1 1 1 1 0 2 0 3 1 4 1 1 4 1 5 3 2 6 0 5 7 5 12 9 7 11 12 17 10 25 12 26 26 22 31 28 31 34 41 49 41 44 63 77 69 80 114 93 125 166 160 161 164 234 243 274 326 331 378 431 511 517 553 595 691 782 811 953 1071 1175 1229 1359 1501 1596 1691 1802 1945 2120 2115 2299 2376 2505 2526 2608 2663 2556 2646 2649 2585 2428 2473 2258 2180 2057 1962 1816 1620 1480 1437 1264 1139 1089 913 860 742 688 659 520 457 439 319 325 334 256 231 183 167 140 139 125 97 90 88 58 61 59 41 37 42 26 28 18 15 25 21 11 18 13 5 7 5 2 5 6 2 4 2 0 2 3 1 1 1 3 0 0 1 0 0 1 1 0 0 0 0 0 0 0 0 
1 0 0 0 0 0 0 0 0 1 1 0 0 0 2 1 1 0 0 4 1 1 1 0 2 0 6 4 3 2 9 4 7 4 3 14 10 14 10 19 11 21 21 27 26 24 39 39 29 54 51 50 57 73 90 97 101 113 131 147 137 175 194 201 237 294 308 329 388 449 408 525 544 594 723 806 835 922 1015 1075 1176 1340 1508 1540 1594 1768 1915 2004 2082 2149 2337 2422 2538 2531 2542 2605 2578 2633 2471 2464 2423 2335 2315 2157 1915 1809 1717 1594 1447 1331 1264 1156 1003 849 818 686 617 506 528 443 384 320 296 208 254 203 164 157 141 133 87 99 72 79 69 57 53 53 35 26 26 25 13 12 16 14 13 11 8 10 8 7 2 4 5 1 1 3 4 1 2 0 0 0 3 1 0 2 2 0 2 0 0 0 0 1 0 1 0 0 0 0 0 
1 3 0 0 0 0 0 1 0 3 0 4 0 1 1 2 5 4 5 3 5 7 4 3 9 11 14 9 15 13 15 15 30 37 20 27 42 32 33 52 55 68 77 85 90 107 113 129 142 166 173 201 228 224 270 287 353 401 415 475 582 632 667 712 793 847 978 1068 1186 1215 1447 1567 1618 1714 1919 1892 2167 2174 2339 2418 2518 2544 2572 2638 2582 2610 2634 2467 2436 2363 2262 2186 1977 1818 1682 1655 1493 1344 1307 1186 1006 945 872 724 686 623 491 491 447 381 338 300 268 214 176 164 165 150 122 112 88 83 66 51 47 46 35 37 31 23 23 17 20 24 10 9 9 10 11 9 5 5 11 2 4 7 4 2 0 4 0 1 1 1 2 1 1 0 0 0 0 0 0 0 0 0 0 0 
1 0 0 0 0 0 1 1 1 0 1 1 1 1 0 0 0 0 2 5 4 1 3 1 0 1 3 4 2 3 2 4 5 3 4 3 7 10 6 4 14 12 14 9 20 16 24 21 29 26 33 40 32 58 52 64 65 80 80 94 99 129 143 138 191 186 214 225 264 283 343 389 442 472 502 556 638 671 722 897 983 1036 1175 1227 1302 1403 1534 1753 1817 1920 2098 2150 2175 2350 2499 2496 2657 2646 2674 2538 2634 2497 2475 2385 2334 2239 2067 1990 1819 1705 1510 1418 1280 1180 1045 932 876 791 683 589 553 495 457 356 311 327 258 248 189 172 162 118 112 128 95 75 75 58 52 36 46 32 28 23 29 21 16 10 14 13 8 8 12 12 5 5 4 2 4 1 3 2 1 5 3 1 3 2 3 1 1 1 1 1 1 0 1 0 0 0 0 2 0 0 0 0 1 1 0 0 1 0 0 1 0 0 0 0 0 0 0 0 0 
1 0 0 0 0 0 0 0 0 0 0 0 2 0 0 0 2 1 2 0 1 1 2 1 0 1 2 4 0 3 0 5 4 5 3 2 6 8 6 7 6 8 12 16 20 17 7 18 19 24 26 23 27 33 32 43 44 54 72 55 92 81 109 94 122 145 149 167 187 198 242 244 308 302 374 388 447 507 536 584 658 756 849 851 988 1043 1248 1288 1375 1515 1659 1668 1775 1965 2131 2318 2324 2405 2514 2485 2635 2726 2512 2547 2577 2569 2461 2378 2229 2151 2005 1948 1812 1651 1449 1303 1212 1152 1059 911 798 697 685 639 493 424 374 372 311 260 261 215 210 154 158 124 110 100 83 65 56 38 68 36 21 31 18 36 15 17 12 12 12 4 7 14 8 7 4 4 2 1 5 8 3 5 2 2 0 3 3 2 1 1 0 0 1 0 1 0 1 1 0 0 1 0 0 0 0 0 0 0 0 0 
1 0 0 0 0 0 0 
1 1 1 2 2 0 0 3 3 0 0 1 1 1 0 5 3 2 3 0 3 2 8 7 6 7 8 11 10 14 11 15 17 12 22 28 26 25 28 44 42 40 41 60 61 86 82 109 106 119 128 128 169 187 193 263 259 291 293 337 387 414 503 582 597 640 680 803 875 1001 1041 1156 1262 1357 1505 1671 1705 1866 1969 2117 2198 2191 2363 2378 2616 2529 2686 2674 2607 2628 2596 2376 2341 2218 2146 2092 1917 1787 1643 1497 1346 1223 1174 1055 973 893 765 673 594 513 523 436 377 333 281 253 252 184 170 155 133 117 103 89 79 67 70 45 47 40 39 35 26 23 24 20 15 12 14 10 8 8 9 6 6 4 1 4 5 3 6 3 1 2 3 2 3 2 0 2 0 2 0 1 0 1 2 2 0 0 0 0 0 0 1 0 0 0 0 0 0 1 0 0 0 0 0 0 0 0 0 0 0 0 
1 0 0 0 0 0 1 0 1 0 0 0 1 1 0 2 1 0 2 1 2 3 3 1 3 1 4 3 6 4 6 6 10 6 5 8 16 11 13 20 22 14 29 29 32 33 32 37 41 46 47 61 69 84 81 89 91 122 115 136 186 191 211 209 267 288 323 386 386 455 482 523 598 716 709 832 853 984 1085 1185 1281 1323 1528 1575 1767 1814 1885 2083 2229 2355 2406 2474 2505 2610 2571 2646 2524 2585 2603 2455 2386 2301 2110 1973 1889 1735 1711 1523 1395 1268 1111 1001 945 833 764 642 601 550 489 354 370 332 311 241 219 195 170 128 120 114 113 99 67 59 55 41 39 47 30 36 29 27 13 13 12 9 17 9 9 6 4 3 3 2 7 0 2 1 1 1 1 3 0 0 0 0 0 1 1 0 0 0 0 0 0 0 0 0 0 0 0 0 0 0 0 0 0 0 
1 0 0 0 0 0 
1 0 0 0 0 0 0 1 0 1 0 0 3 0 2 1 0 2 0 1 4 0 1 3 3 5 5 1 5 10 8 6 10 5 6 9 9 12 16 16 24 19 18 19 21 36 37 38 39 52 32 62 68 82 83 81 90 107 129 144 178 161 183 225 240 269 308 323 389 415 470 509 523 619 713 789 876 897 1068 1141 1198 1325 1453 1495 1691 1813 1881 2092 2135 2248 2340 2489 2519 2479 2561 2627 2585 2670 2486 2555 2375 2254 2254 2045 1891 1829 1703 1481 1433 1291 1204 1047 979 949 781 691 631 528 513 413 385 339 302 246 226 226 166 152 140 136 101 91 87 74 56 58 49 39 35 27 29 20 23 22 24 15 14 6 12 6 10 9 9 3 6 6 1 4 3 2 4 0 5 1 2 2 3 1 1 0 0 0 0 0 0 0 0 0 0 0 0 
1 0 0 0 1 0 0 0 0 0 0 1 0 2 1 0 0 1 0 0 0 1 1 0 2 1 0 0 1 0 0 1 0 0 0 0 0 1 4 1 1 0 3 6 2 4 5 2 5 5 5 5 9 8 8 4 8 10 12 12 9 18 21 19 16 18 42 34 29 37 39 37 49 61 75 74 72 90 86 118 123 157 171 187 188 200 222 279 292 315 372 444 443 519 555 631 647 779 812 911 980 1098 1205 1292 1465 1643 1599 1799 1835 1975 2227 2272 2374 2388 2443 2634 2609 2570 2603 2646 2571 2506 2476 2284 2265 2035 1978 1788 1797 1576 1428 1291 1234 1106 990 908 791 711 629 573 506 452 382 359 261 245 237 217 202 179 142 99 92 97 79 74 71 58 36 35 36 29 31 28 21 18 13 17 10 11 10 8 6 7 5 4 6 5 6 1 2 2 1 0 0 3 2 1 0 2 1 0 1 0 1 0 0 0 1 0 0 0 0 0 0 0 0 0 0 0 
1 0 0 0 0 0 0 0 1 0 1 1 0 1 0 0 0 3 2 1 1 0 2 3 2 3 5 1 2 4 5 5 5 5 10 16 6 11 12 15 19 24 14 24 30 23 42 41 47 42 58 62 62 71 96 100 95 111 113 156 152 218 196 239 242 312 322 350 364 471 499 576 658 670 743 833 894 982 1078 1211 1302 1409 1539 1621 1799 1889 2091 2189 2221 2259 2554 2477 2571 2568 2639 2653 2739 2577 2507 2381 2400 2314 2143 2001 1884 1687 1588 1494 1383 1197 1119 1002 848 841 643 642 582 479 436 386 321 304 240 242 192 182 143 129 121 95 91 93 66 64 69 51 45 43 32 27 27 18 20 18 7 12 10 15 10 5 6 6 3 3 4 2 3 3 2 3 0 2 0 1 1 0 0 1 2 1 1 0 1 0 0 1 0 0 0 0 0 0 0 0 0 0 0 0 
1 0 0 0 0 0 0 0 2 0 0 1 2 3 0 1 1 0 1 0 5 4 1 3 2 4 4 3 8 7 7 7 11 5 9 13 12 23 16 18 16 19 25 32 33 34 51 69 55 65 70 81 91 104 111 129 128 152 179 195 213 246 237 312 325 391 420 426 480 568 644 723 780 864 894 1021 1090 1297 1343 1472 1580 1745 1792 2050 2085 2166 2289 2299 2369 2519 2583 2708 2677 2628 2624 2551 2416 2423 2229 2226 2008 1917 1802 1706 1505 1439 1328 1139 1100 959 846 759 714 572 567 455 417 359 318 271 251 231 198 160 153 131 107 108 108 97 71 50 58 56 51 37 42 24 23 28 19 15 19 12 10 13 12 5 7 9 1 8 5 4 4 0 2 3 3 2 5 0 5 0 3 1 0 1 0 2 0 0 1 0 1 0 1 0 0 0 0 0 2 0 1 0 1 0 0 0 0 0 0 0 0 0 0 1 0 0 0 0 0 
1 0 0 0 1 1 0 0 1 0 0 0 1 0 0 2 0 3 3 1 4 1 2 2 0 4 4 6 3 6 4 1 5 7 6 5 10 11 10 12 9 15 30 17 26 31 35 36 25 32 37 43 50 74 71 72 77 90 109 139 169 160 158 185 226 251 290 336 343 361 434 531 496 600 697 728 789 868 926 1043 1183 1302 1371 1493 1520 1727 1858 1975 2068 2177 2305 2447 2455 2551 2633 2559 2574 2656 2549 2555 2518 2326 2211 2164 2085 1826 1699 1697 1485 1380 1256 1162 1097 942 828 785 679 549 515 459 437 392 315 284 256 228 180 194 157 119 101 108 93 68 57 69 67 46 43 21 38 27 22 20 16 13 19 16 12 5 10 8 5 6 5 5 4 6 4 2 0 4 3 1 0 2 1 3 1 1 1 1 2 1 1 0 0 0 0 0 0 1 0 0 0 0 0 0 0 0 
1 0 0 0 0 0 
1 0 0 0 0 0 0 2 2 0 0 1 1 1 0 0 2 0 2 2 1 3 3 5 1 2 5 3 3 3 10 12 10 14 10 8 18 17 18 28 21 25 28 42 43 46 50 60 96 68 86 96 108 132 128 178 178 177 218 252 275 328 295 365 434 469 535 548 621 728 800 860 965 1024 1138 1280 1372 1522 1571 1734 1801 1895 2032 2148 2324 2429 2561 2525 2543 2664 2697 2620 2628 2578 2458 2338 2334 2199 2015 1937 1801 1682 1545 1386 1253 1172 1043 990 881 734 642 631 551 440 412 357 350 275 264 220 203 165 123 130 131 99 92 76 72 71 64 47 40 27 24 20 23 25 14 25 19 12 7 8 6 10 7 8 4 5 4 2 5 3 3 1 2 5 1 1 1 0 0 1 0 0 1 0 1 0 0 0 0 0 0 1 0 0 0 0 0 0 
1 0 0 0 0 2 1 0 1 3 0 1 5 3 3 4 3 4 3 4 4 3 5 7 9 9 5 9 10 11 11 15 24 19 21 15 25 30 36 38 33 55 41 69 61 76 87 81 81 109 115 130 138 178 162 217 208 266 301 352 315 426 471 495 528 562 650 711 838 922 1052 1056 1202 1250 1443 1464 1568 1738 1861 2040 2026 2211 2359 2385 2451 2549 2485 2596 2604 2565 2555 2555 2346 2379 2237 2196 2002 1896 1771 1544 1485 1419 1271 1099 1028 879 803 664 652 593 525 465 391 369 286 278 237 202 187 171 162 162 104 88 108 85 57 50 48 45 39 42 28 33 28 25 24 14 11 10 11 12 9 7 8 7 6 7 2 3 3 2 3 0 1 2 1 2 1 0 3 1 0 2 0 1 0 0 2 0 0 1 0 0 0 0 0 0 0 0 0 0 
1 0 0 0 0 0 0 0 0 1 0 0 0 1 0 0 0 1 1 0 0 0 1 1 2 0 5 1 2 4 3 1 4 3 10 6 3 5 6 4 7 18 8 12 16 20 15 22 22 33 31 30 21 31 39 46 68 70 58 81 78 84 97 116 124 162 152 196 190 213 262 295 266 358 413 456 452 523 604 641 699 808 843 931 1086 1143 1288 1339 1476 1601 1650 1876 1986 2060 2149 2266 2418 2497 2416 2572 2607 2576 2543 2710 2510 2575 2366 2264 2146 2028 2003 1865 1598 1574 1361 1227 1096 1014 921 870 761 606 609 520 449 420 355 308 269 266 224 228 161 158 124 119 85 87 82 63 64 48 46 33 32 23 24 23 17 21 15 14 12 10 11 4 8 4 2 8 3 3 3 3 3 3 3 2 1 1 0 0 0 1 0 2 1 0 2 1 0 0 0 0 1 0 1 1 0 0 0 0 1 0 0 0 0 0 0 0 0 0 0 0 
1 0 0 0 0 0 1 0 0 2 1 0 0 1 0 1 2 0 1 0 1 1 2 2 2 2 1 2 2 3 0 4 1 2 3 11 6 4 6 4 11 16 12 11 16 17 21 23 33 28 24 28 38 49 41 52 67 55 62 79 112 101 105 110 133 165 190 218 193 248 260 325 340 353 409 423 513 550 645 675 811 888 908 1075 1184 1218 1380 1481 1651 1733 1814 2016 2093 2125 2296 2355 2431 2533 2627 2623 2669 2631 2488 2513 2513 2465 2267 2210 2122 1873 1901 1644 1560 1413 1317 1143 1145 956 853 765 661 606 519 477 417 371 326 267 262 212 195 180 154 140 118 94 85 52 59 69 52 53 35 26 37 24 20 29 23 24 17 12 9 8 8 7 5 6 8 4 3 1 2 1 0 3 0 1 4 0 0 0 0 1 2 1 0 0 0 1 0 0 0 0 0 0 0 0 0 
1 0 0 0 0 0 0 1 1 0 0 0 0 0 1 0 0 4 0 1 2 0 1 2 1 1 0 5 0 1 1 3 5 2 7 9 6 3 14 15 14 12 7 12 20 19 18 28 37 28 45 28 44 63 73 82 74 100 109 102 122 174 185 189 195 233 291 313 356 367 407 456 477 580 659 680 737 906 899 996 1118 1211 1319 1409 1566 1628 1866 1906 1989 2128 2229 2330 2450 2515 2682 2589 2647 2671 2590 2647 2469 2382 2349 2314 2146 2026 1834 1725 1561 1427 1272 1143 1055 990 845 813 688 606 572 493 448 373 340 302 260 202 206 192 159 150 118 111 83 82 74 73 42 42 36 39 29 27 17 21 12 12 12 15 8 8 5 6 2 1 1 6 3 6 1 5 0 0 1 0 2 2 0 1 0 0 0 0 1 0 0 0 0 0 0 1 0 0 0 0 0 0 0 0 0 0 0 0 0 
1 0 0 0 0 0 1 1 0 0 1 0 0 1 2 0 1 1 1 0 1 0 1 1 4 4 1 3 6 3 4 6 4 8 7 8 6 6 7 10 19 10 15 15 27 18 30 19 25 29 49 46 37 59 65 64 74 89 87 93 108 131 145 145 167 189 221 235 275 309 360 395 440 474 510 589 611 722 811 872 997 1043 1174 1286 1380 1526 1665 1820 1822 1973 2102 2236 2381 2445 2577 2526 2634 2701 2643 2652 2579 2541 2377 2438 2287 2127 2030 1888 1823 1572 1520 1400 1210 1167 1019 900 845 674 575 527 503 459 419 328 296 266 239 221 173 159 163 147 107 96 92 73 70 47 53 45 43 23 34 32 20 15 15 17 16 10 6 11 11 6 7 6 2 3 4 2 1 2 0 0 2 1 1 0 0 1 1 0 0 0 0 0 0 0 1 0 0 0 1 0 0 0 0 0 0 0 0 0 0 0 
1 0 0 0 0 0 1 1 0 1 0 1 3 2 0 4 3 3 3 2 2 6 6 9 3 8 5 9 6 6 17 14 26 16 13 18 22 32 38 35 27 41 37 51 52 77 84 74 71 93 106 113 116 161 175 184 202 193 218 268 333 368 389 388 453 505 564 682 701 836 860 912 1037 1119 1161 1384 1427 1565 1790 1792 1840 2019 2191 2265 2402 2493 2488 2607 2529 2601 2530 2521 2588 2557 2355 2351 2162 2139 1905 1794 1675 1566 1405 1326 1138 1098 936 884 800 690 605 545 469 465 359 346 292 230 238 192 180 161 133 116 104 94 87 66 61 62 36 52 42 35 25 15 24 20 24 14 11 4 11 11 11 7 2 5 9 5 3 2 2 3 3 0 2 1 2 0 1 0 0 0 1 0 0 2 0 0 1 1 0 0 0 0 0 0 0 0 
1 0 0 0 0 0 0 0 0 0 2 0 1 1 1 1 0 1 2 5 1 3 1 2 3 2 4 0 3 10 7 4 7 9 12 4 6 11 20 15 8 13 19 30 21 31 38 43 43 47 57 59 67 73 91 90 111 146 127 136 162 198 240 239 292 285 350 370 433 433 517 560 619 672 826 913 936 1093 1135 1281 1377 1428 1565 1785 1854 2020 2043 2209 2299 2527 2579 2584 2691 2579 2554 2624 2632 2517 2586 2441 2343 2202 2042 1863 1822 1641 1464 1408 1300 1145 1003 993 833 697 640 556 507 452 418 344 338 263 242 198 194 176 171 119 99 99 90 77 68 53 47 45 44 31 20 20 30 19 17 11 9 9 10 11 4 3 4 4 2 3 0 2 0 0 1 0 1 1 1 0 0 0 0 0 1 0 0 0 0 0 0 0 0 0 0 0 0 0 0 0 0 
1 0 0 0 0 1 0 1 0 0 3 2 0 1 6 4 0 3 2 3 8 1 3 9 7 1 5 10 8 8 10 14 16 11 21 25 20 29 21 19 40 38 48 42 51 61 67 92 80 106 128 127 147 138 200 193 195 267 291 280 349 365 446 449 527 578 621 698 812 860 922 1019 1153 1225 1342 1451 1529 1677 1774 1914 2017 2228 2255 2363 2421 2503 2531 2599 2618 2631 2600 2513 2533 2372 2344 2256 2049 1975 1768 1663 1543 1469 1228 1113 1099 992 908 789 667 641 533 472 425 361 320 307 268 250 200 186 190 136 123 104 91 104 64 54 60 48 38 26 30 31 23 30 19 17 18 12 12 7 5 9 4 8 6 1 4 3 2 0 0 2 1 0 0 2 2 0 2 0 0 0 0 0 1 2 0 1 0 0 0 0 0 1 2 0 0 0 0 0 0 1 0 1 0 0 0 0 0 0 0 1 0 0 0 0 0 0 0 0 
1 0 0 2 1 2 0 0 0 1 1 2 1 5 0 1 5 1 0 5 4 5 2 5 7 6 10 5 5 12 11 20 15 6 16 29 24 20 23 14 36 33 56 51 47 52 65 78 90 101 91 137 130 132 173 203 189 227 264 304 352 358 425 440 512 614 601 644 762 832 966 992 1050 1223 1308 1459 1522 1627 1776 1865 1936 2164 2297 2289 2454 2492 2502 2639 2577 2592 2573 2525 2475 2381 2356 2268 2042 2027 1871 1741 1577 1410 1335 1246 1089 999 864 806 747 662 548 468 430 403 326 325 292 260 212 178 182 149 119 117 95 80 55 57 70 50 50 41 38 25 26 21 21 19 10 14 13 16 9 7 10 4 7 8 4 5 4 3 3 6 6 5 0 2 1 3 1 0 1 0 1 0 1 0 0 0 0 0 0 0 0 0 0 0 1 0 0 0 0 0 0 0 0 0 0 0 0 0 0 0 0 
1 0 0 0 0 0 0 0 1 1 1 0 0 0 2 1 1 0 2 1 2 4 1 4 1 2 3 5 4 5 2 7 7 9 6 13 10 16 18 9 15 23 22 27 30 37 31 45 44 59 64 60 73 86 83 98 108 126 140 156 162 220 231 248 282 304 325 377 407 459 500 548 647 714 752 862 937 1021 1139 1216 1370 1421 1496 1676 1777 1917 2047 2152 2211 2317 2441 2456 2669 2572 2659 2560 2605 2569 2401 2465 2331 2116 2085 1893 1833 1695 1592 1500 1284 1200 1076 973 839 801 772 659 555 456 467 402 310 292 284 237 209 175 145 153 134 93 109 73 76 61 51 51 42 36 23 20 20 22 17 13 18 15 13 9 7 6 5 8 7 3 7 4 3 3 2 3 1 1 1 0 1 2 0 1 0 0 0 0 0 0 0 0 0 0 
1 0 0 2 0 0 1 0 0 0 1 0 0 1 4 1 0 0 2 2 2 3 3 5 6 5 4 5 7 15 7 8 17 9 16 19 22 17 24 27 29 41 47 44 48 61 69 74 84 94 118 115 130 158 176 179 215 236 265 306 336 422 457 482 528 588 657 720 781 843 1000 1055 1220 1294 1388 1499 1595 1723 1908 2018 2044 2191 2332 2418 2482 2596 2544 2565 2626 2701 2621 2544 2472 2361 2306 2136 2021 1912 1752 1584 1469 1327 1259 1198 1056 895 809 714 635 564 522 472 455 356 308 255 226 206 211 178 157 148 102 95 90 77 64 75 62 48 42 30 22 32 23 14 15 19 8 8 6 7 16 8 6 6 1 5 3 2 4 1 3 0 1 0 2 0 2 0 0 0 0 1 0 0 1 0 0 0 0 0 0 1 0 0 0 0 0 0 0 0 
1 0 0 0 0 0 1 0 0 0 2 0 0 0 0 0 1 2 0 1 0 1 1 2 3 3 2 3 5 0 4 5 6 2 4 10 7 4 5 8 10 9 8 10 12 16 25 22 28 36 28 31 43 43 46 65 66 73 73 79 103 116 119 130 189 183 221 226 264 312 322 339 447 434 519 558 616 692 715 827 943 1045 1090 1224 1329 1458 1551 1724 1828 1987 2037 2191 2277 2378 2492 2525 2567 2673 2649 2669 2584 2600 2529 2338 2339 2263 2122 2014 1805 1709 1568 1432 1285 1185 1049 889 860 783 691 622 542 475 429 415 317 321 253 228 182 178 124 128 124 98 94 85 67 67 46 45 41 37 35 17 25 22 23 17 13 12 14 9 8 6 2 1 6 4 7 6 1 2 4 3 2 1 2 1 2 3 2 0 0 0 0 2 1 0 0 0 0 0 0 0 1 0 0 0 0 0 0 
1 0 0 0 0 0 
1 0 0 0 1 0 0 0 1 0 0 1 1 2 1 0 2 1 1 2 4 3 3 2 3 2 7 3 4 5 4 3 8 2 8 10 13 14 14 17 16 15 25 15 36 32 46 46 38 36 49 71 60 63 86 98 94 98 117 135 156 157 185 209 229 268 302 309 369 409 483 488 578 570 729 764 898 964 1076 1100 1250 1381 1462 1555 1632 1809 1976 2077 2079 2267 2388 2473 2469 2550 2475 2526 2630 2521 2533 2483 2340 2280 2140 2034 1911 1842 1672 1681 1356 1341 1216 1094 1029 917 789 645 664 558 512 475 402 324 303 280 252 213 200 170 152 138 127 112 106 78 67 68 59 51 47 40 25 22 21 26 19 21 16 12 14 10 7 16 7 4 5 8 4 2 4 2 4 2 2 1 4 0 1 2 2 0 1 1 0 1 1 0 1 0 0 1 0 0 0 0 1 1 0 1 0 0 0 0 0 0 0 0 0 0 0 
1 0 0 0 0 0 0 1 0 0 0 0 0 1 1 1 0 1 1 2 0 2 0 3 0 0 2 4 5 2 3 5 1 3 6 6 11 6 13 13 13 8 18 15 22 27 26 30 36 42 31 44 63 46 58 73 78 106 93 94 134 128 149 150 181 208 206 226 259 332 351 396 433 507 501 566 674 748 806 839 967 1029 1162 1249 1350 1465 1528 1730 1790 1929 2030 2175 2281 2436 2475 2483 2612 2696 2598 2583 2648 2522 2444 2409 2335 2215 2052 1883 1826 1643 1558 1428 1290 1142 1045 932 839 793 699 609 558 464 420 335 296 291 270 223 170 166 156 114 115 105 81 62 65 58 63 58 39 33 24 24 23 27 18 14 10 6 10 9 3 9 6 5 3 3 1 1 2 1 0 2 0 0 1 1 0 0 0 0 2 0 0 0 0 0 0 0 0 0 
1 0 0 0 1 1 2 0 0 0 0 1 1 2 3 1 1 2 0 4 3 5 6 7 4 8 6 8 7 16 11 8 15 20 24 17 21 30 34 43 46 31 45 41 80 65 70 82 93 103 122 152 174 174 192 243 231 285 301 320 408 439 466 527 548 659 683 801 843 984 1005 1163 1206 1391 1517 1632 1753 1890 1996 2116 2210 2350 2524 2473 2591 2626 2567 2653 2588 2612 2510 2448 2429 2298 2238 1906 1876 1786 1602 1538 1323 1243 1121 1020 892 812 747 658 578 467 441 411 355 297 269 214 201 199 165 151 117 105 113 78 81 61 66 45 52 46 25 30 19 24 15 14 12 14 10 10 10 5 5 9 5 3 6 2 4 1 1 2 3 2 1 1 0 0 0 0 0 1 0 0 1 0 0 0 0 0 0 0 0 0 0 
1 0 0 0 0 1 0 0 0 0 0 0 1 0 1 0 0 0 0 1 1 0 1 0 4 3 0 2 1 3 0 0 2 3 3 6 5 2 5 3 1 11 5 7 11 19 11 11 19 20 12 23 27 31 28 46 40 57 40 56 62 79 71 82 122 113 130 146 151 151 185 243 266 279 341 364 385 431 452 552 651 639 737 803 899 936 1080 1181 1254 1405 1477 1661 1699 1763 1968 2032 2088 2264 2431 2507 2582 2653 2677 2581 2586 2538 2502 2405 2480 2217 2171 2088 1871 1791 1729 1511 1369 1213 1183 1060 954 787 729 683 572 533 424 415 350 343 294 234 226 196 192 156 127 97 109 95 85 76 66 53 35 35 42 36 28 26 14 18 11 16 16 6 2 5 6 4 7 6 6 4 2 0 2 4 2 1 4 0 2 2 2 0 0 0 0 1 0 0 0 0 0 0 0 0 1 0 0 0 0 0 0 0 0 0 0 
1 0 0 0 0 0 0 0 0 0 1 0 0 0 0 2 0 0 0 0 1 1 0 1 2 0 1 1 0 0 2 2 4 1 0 3 4 7 3 1 10 7 8 4 4 6 6 15 11 10 13 13 14 14 21 25 28 19 30 27 36 38 61 61 54 64 66 66 94 108 135 105 139 171 159 204 225 234 235 304 357 382 428 476 567 632 669 723 791 915 996 1103 1231 1257 1455 1460 1567 1699 1846 1989 2058 2233 2308 2422 2530 2557 2556 2572 2697 2612 2565 2534 2412 2424 2317 2159 2011 1898 1795 1609 1532 1371 1210 1139 1046 886 783 743 648 581 535 482 372 382 319 274 237 222 203 162 143 130 79 100 70 97 67 60 40 30 29 27 36 19 23 13 15 12 11 11 10 5 12 8 2 7 4 2 2 2 4 5 0 2 0 0 0 1 1 0 0 0 0 0 0 0 
1 0 0 0 0 0 0 1 1 1 0 1 0 0 0 0 1 0 0 0 1 0 1 1 1 0 2 3 1 2 3 2 2 5 2 5 2 8 11 6 5 9 12 8 11 13 11 17 13 29 19 26 23 21 38 47 44 51 53 64 68 81 87 111 105 132 163 179 178 202 228 257 330 352 365 409 473 534 559 639 680 795 880 918 1036 1178 1252 1376 1461 1543 1702 1809 1894 2122 2190 2208 2410 2453 2499 2558 2594 2640 2629 2567 2646 2538 2374 2346 2153 2069 1912 1816 1733 1645 1390 1348 1215 1091 947 862 824 715 615 584 495 403 404 328 284 266 229 202 140 145 147 128 100 80 81 70 72 59 44 43 31 30 33 18 28 20 17 15 12 9 10 12 10 4 3 5 2 5 5 4 2 0 0 2 2 1 1 3 2 0 1 0 0 0 0 0 0 0 0 0 1 0 0 0 0 0 1 0 0 0 0 0 0 1 0 0 0 0 0 0 0 
1 0 0 0 0 0 1 0 0 2 1 0 0 0 0 1 1 0 0 3 1 1 0 0 1 4 3 0 0 2 0 3 3 4 3 4 6 6 7 3 10 11 6 8 15 17 15 25 21 24 27 29 30 35 50 54 61 69 64 70 78 109 116 139 133 171 163 195 224 245 324 325 356 406 412 527 553 570 678 773 850 930 1027 1093 1227 1359 1468 1577 1685 1771 1889 2027 2174 2305 2358 2406 2529 2638 2575 2578 2650 2609 2620 2524 2428 2303 2221 2073 1995 1870 1759 1558 1518 1286 1171 1106 985 892 807 700 621 571 487 432 411 333 312 297 232 208 170 162 129 126 119 85 71 77 50 60 42 43 48 43 24 23 16 19 19 11 15 15 5 8 10 9 3 8 4 4 3 1 6 2 1 1 2 2 5 1 0 3 0 0 1 0 1 0 0 0 0 0 0 0 0 0 0 0 0 
1 0 0 0 0 0 0 1 0 1 0 2 0 1 1 0 3 3 2 1 1 2 4 1 2 3 2 3 0 3 2 3 4 8 3 4 6 6 5 5 6 12 7 13 16 24 18 15 27 26 32 17 33 44 43 39 49 60 66 95 86 84 130 127 134 141 168 179 228 243 290 317 358 390 391 453 515 567 623 695 775 855 916 1035 1164 1124 1368 1413 1601 1701 1760 1912 2047 2109 2254 2312 2437 2437 2547 2638 2532 2579 2590 2479 2443 2378 2300 2274 2003 1937 1757 1700 1605 1465 1295 1206 1070 955 905 773 728 642 514 463 474 397 348 329 275 262 199 207 162 122 103 99 124 71 84 65 47 46 43 39 35 29 21 27 20 15 13 12 10 4 9 6 7 7 6 5 3 5 2 3 1 5 1 1 2 1 1 1 2 0 1 0 0 1 0 0 0 0 0 1 0 0 0 0 0 0 0 1 0 0 0 0 0 0 0 
1 0 0 0 0 1 1 0 0 0 0 1 0 1 1 1 0 4 0 1 1 1 3 3 4 1 5 5 2 1 4 6 9 5 6 12 10 7 14 19 9 12 10 16 29 19 35 28 38 38 46 48 59 63 64 70 94 105 110 123 126 160 175 212 213 266 267 333 338 384 426 486 526 542 659 721 807 876 964 1050 1123 1225 1328 1457 1523 1660 1846 1952 2111 2157 2312 2384 2423 2541 2631 2712 2685 2544 2544 2504 2490 2367 2309 2240 1994 1918 1782 1633 1496 1425 1304 1083 1061 936 832 767 656 624 528 470 423 377 334 301 271 209 186 170 159 125 119 107 103 62 69 64 59 58 34 37 30 24 35 24 20 16 16 12 13 3 9 12 6 4 4 5 6 2 3 4 2 1 2 0 1 3 0 2 0 1 0 1 1 0 0 1 1 0 0 0 0 0 0 1 0 0 0 0 0 0 1 0 0 0 0 0 0 0 0 
1 0 0 0 1 2 1 0 2 0 1 1 3 3 2 3 2 2 1 2 1 6 5 2 5 6 8 6 8 8 10 11 15 20 14 24 23 24 26 40 39 52 42 46 80 75 80 79 110 107 113 147 175 173 169 212 260 265 299 315 398 394 467 516 581 646 714 759 850 940 961 1173 1245 1284 1450 1571 1715 1868 1922 2012 2137 2271 2233 2460 2559 2555 2600 2581 2646 2658 2524 2527 2418 2306 2204 2082 1957 1787 1660 1497 1471 1284 1106 1081 972 860 764 691 657 520 480 459 367 353 272 276 253 199 190 131 125 109 101 93 89 72 65 46 40 38 35 45 31 26 20 24 15 14 15 14 13 10 5 5 4 6 6 7 5 3 6 4 3 2 0 0 1 2 0 2 0 1 4 1 0 0 2 2 0 0 0 0 0 1 0 0 0 0 0 0 0 
