1 1 1 1 1 1 1 1 1 4 4 4 3 3 5 6 6 6 8 9 7 7 6 8 8 11 14 13 16 16 21 21 21 23 27 32 30 29 33 39 47 55 58 68 73 77 74 87 100 117 130 138 156 183 195 214 236 260 304 349 371 419 459 510 565 646 729 821 902 1038 1145 1285 1412 1573 1752 1961 2196 2484 2799 3135 3490 3896 4326 4813 5274 5860 6518 7248 8008 8817 9567 10444 11275 12165 13228 14277 15372 16410 17333 18358 19242 20135 20822 21615 22301 22778 22994 23044 22864 22707 22339 21666 21050 20294 19330 18256 17224 16155 15071 13975 12855 11796 10813 9811 8958 8073 7267 6437 5789 5184 4630 4161 3655 3227 2856 2486 2157 1937 1688 1488 1326 1172 1036 929 816 712 606 529 449 384 353 306 271 235 196 167 148 131 111 91 82 73 56 51 38 36 38 33 28 24 21 20 17 15 15 16 13 10 7 7 6 5 2 1 1 1 1 1 1 1 1 1 1 1 1 1 0 
1 1 1 1 1 1 2 3 2 2 2 3 3 3 4 3 3 2 2 2 2 2 2 2 2 2 3 3 5 5 5 5 6 12 12 14 13 14 15 16 17 21 22 22 24 29 34 35 42 46 46 48 51 58 67 72 83 88 100 112 116 129 141 161 180 203 227 266 304 340 387 428 469 518 583 668 755 835 917 1038 1181 1315 1460 1615 1841 2028 2231 2519 2793 3132 3448 3835 4269 4754 5259 5848 6474 7074 7819 8579 9360 10231 11215 12175 13161 14170 15212 16221 17181 18145 19050 19939 20743 21486 21974 22384 22599 22740 22713 22568 22246 21668 21096 20251 19431 18535 17519 16399 15281 14119 13074 11945 10919 9955 9025 8106 7276 6566 5921 5313 4739 4207 3738 3296 2918 2569 2272 1990 1748 1531 1343 1167 1051 946 813 701 626 543 489 442 382 335 274 237 212 189 172 155 123 117 102 89 77 69 60 51 47 38 31 25 22 19 15 14 12 10 8 5 3 2 0 
1 1 1 1 1 1 1 0 
1 1 1 1 1 1 1 1 2 2 2 2 2 3 6 6 6 7 9 9 9 13 13 15 17 20 25 26 30 35 42 48 50 51 55 64 77 89 92 98 107 123 148 181 207 219 231 265 298 329 366 400 443 503 559 659 722 815 925 1045 1181 1358 1461 1639 1838 2043 2286 2503 2824 3171 3524 3896 4399 4879 5347 5930 6483 7138 7813 8513 9327 10089 10943 11872 12836 13821 14919 15928 16906 17786 18553 19270 20054 20775 21441 21904 22180 22403 22438 22318 21937 21509 20915 20134 19423 18493 17601 16582 15480 14377 13343 12227 11245 10278 9368 8478 7665 6992 6293 5617 4988 4493 3983 3503 3138 2772 2472 2162 1889 1644 1433 1274 1089 945 828 735 644 563 496 431 376 345 313 279 239 212 191 171 144 125 111 102 90 75 67 61 50 46 44 39 36 28 28 25 22 18 14 12 11 9 6 5 4 3 2 2 2 1 1 1 1 2 1 1 1 0 
1 1 1 2 3 4 4 5 4 4 5 8 9 10 12 13 15 15 17 18 24 24 29 30 38 42 45 44 55 55 67 77 84 93 99 108 125 141 156 179 204 239 273 323 357 408 458 510 580 632 741 828 928 1048 1163 1309 1468 1641 1803 1984 2212 2511 2753 3071 3443 3841 4321 4869 5352 5936 6580 7202 7968 8670 9495 10421 11344 12300 13288 14406 15430 16445 17572 18553 19493 20389 21193 21833 22427 22785 23031 23195 23036 22834 22390 21865 21179 20488 19552 18616 17505 16392 15203 14056 12921 11956 10902 9859 8923 8035 7184 6402 5723 5114 4561 4064 3637 3203 2819 2502 2189 1919 1682 1497 1311 1135 988 854 755 666 588 492 423 373 325 290 261 219 190 168 146 128 109 95 88 75 59 53 49 44 37 32 29 23 23 17 18 17 15 14 12 10 11 8 5 4 4 3 2 2 2 2 2 2 2 2 1 0 
1 1 1 1 1 1 2 2 3 4 4 4 5 5 8 11 12 15 23 32 35 37 42 46 55 68 74 77 85 96 109 125 136 159 178 198 221 250 271 315 347 385 424 464 522 583 663 760 839 924 1012 1130 1275 1416 1571 1753 1932 2170 2425 2680 2994 3367 3700 4123 4538 5035 5633 6297 6904 7584 8307 9072 9871 10737 11674 12582 13568 14599 15632 16683 17620 18566 19590 20339 21080 21647 22054 22396 22552 22620 22537 22318 21829 21275 20588 19748 18837 17876 16871 15743 14648 13581 12543 11487 10539 9634 8745 7849 7062 6403 5701 5063 4535 4039 3588 3150 2791 2447 2169 1875 1661 1477 1294 1148 1018 888 766 673 587 516 456 394 343 289 259 220 203 174 155 136 121 106 92 73 64 54 45 40 37 35 31 31 25 23 23 23 17 19 16 16 13 9 9 8 6 4 4 4 3 1 1 1 1 1 0 
1 1 1 1 1 1 1 1 2 2 3 2 3 3 4 5 6 7 8 7 7 7 10 12 17 20 22 25 26 34 43 48 56 65 69 76 86 97 107 129 146 164 192 213 243 279 324 353 396 451 500 549 622 696 796 894 1021 1126 1242 1411 1557 1727 1930 2137 2401 2682 3023 3355 3731 4107 4600 5018 5593 6170 6796 7473 8206 9021 9853 10731 11657 12648 13635 14599 15641 16595 17628 18626 19590 20489 21230 21814 22392 22661 22930 22919 22800 22483 21966 21357 20706 19810 18864 17887 16829 15707 14701 13618 12514 11475 10457 9553 8621 7827 7024 6228 5536 4943 4436 3915 3450 3058 2709 2403 2137 1856 1611 1390 1189 1054 932 794 697 635 556 501 438 390 336 304 268 230 204 172 146 133 119 108 98 94 81 68 59 53 46 37 28 26 20 17 16 15 10 7 6 5 4 3 3 3 2 2 1 1 1 1 1 2 2 1 1 1 2 2 3 3 2 2 2 3 2 2 2 2 1 1 1 1 0 
1 1 1 1 1 1 1 2 2 2 2 3 2 2 2 2 4 5 4 5 5 6 7 7 6 6 8 9 12 16 16 16 17 20 22 25 30 30 41 46 56 67 69 82 87 96 111 126 150 179 198 225 266 293 342 390 437 481 519 582 636 736 845 963 1052 1193 1317 1476 1630 1776 2010 2257 2509 2771 3129 3499 3914 4366 4770 5307 5874 6471 7106 7756 8475 9257 10061 10888 11757 12673 13661 14635 15695 16696 17628 18633 19542 20277 20985 21603 22009 22315 22525 22604 22424 22077 21597 21089 20416 19598 18626 17570 16539 15543 14424 13413 12327 11307 10386 9462 8594 7742 6950 6188 5575 5011 4448 3927 3472 3091 2719 2409 2137 1905 1663 1460 1268 1146 1008 911 783 698 625 539 471 409 357 313 266 216 186 163 147 125 106 84 73 64 56 51 44 42 37 35 30 27 23 23 20 20 22 17 11 11 8 6 5 5 5 3 3 3 2 2 2 1 0 
1 1 1 2 3 3 3 3 4 4 4 6 6 9 10 8 10 11 11 11 13 14 20 21 26 29 27 28 29 29 32 39 44 42 53 58 66 71 83 95 97 107 125 136 154 180 196 216 249 268 306 346 375 416 455 519 584 656 746 827 906 1001 1094 1227 1378 1535 1735 1951 2189 2431 2707 3032 3337 3659 4081 4581 5098 5605 6243 6908 7670 8427 9204 10151 11013 11892 12799 13743 14719 15776 16787 17799 18755 19690 20559 21271 21991 22468 22786 22875 22815 22678 22425 21982 21250 20387 19477 18592 17554 16523 15494 14409 13282 12249 11307 10240 9330 8466 7669 6874 6172 5567 4910 4394 3909 3472 3076 2702 2378 2105 1809 1596 1400 1180 1023 908 778 657 579 510 450 381 336 284 235 210 176 149 126 111 91 82 73 59 49 39 35 31 27 24 23 16 11 11 9 7 7 5 4 5 4 4 4 3 3 2 3 3 2 2 1 1 2 2 2 1 1 1 1 1 1 0 
1 1 1 1 1 1 1 1 1 0 
1 1 1 1 1 1 1 1 1 1 1 1 2 2 2 2 1 1 1 1 2 1 1 1 1 1 1 1 0 
1 1 1 1 2 2 2 3 2 2 2 2 2 2 4 4 5 5 6 6 7 8 11 11 14 16 16 19 22 29 30 32 36 36 40 46 51 57 63 69 72 84 85 96 111 129 155 162 189 214 251 288 318 340 391 421 474 540 583 665 743 816 926 1041 1176 1300 1455 1630 1842 2081 2293 2524 2776 3086 3493 3933 4347 4847 5386 5950 6560 7257 7980 8767 9531 10372 11315 12234 13222 14193 15264 16306 17304 18378 19316 20184 20828 21446 21938 22337 22680 22747 22673 22589 22265 21630 21002 20187 19412 18521 17501 16440 15297 14219 13140 12118 11123 10112 9161 8243 7405 6645 5951 5323 4725 4201 3678 3259 2834 2486 2200 1939 1722 1525 1347 1180 1019 882 795 683 604 531 448 404 365 313 250 214 173 152 138 116 95 85 74 60 52 46 39 34 27 27 23 20 16 12 14 10 9 8 5 4 3 4 4 2 2 2 1 1 1 1 1 0 
1 1 1 1 1 1 1 0 
1 1 1 1 1 2 1 1 1 1 1 2 3 4 3 3 3 3 4 4 3 3 3 5 5 5 6 9 11 12 15 16 17 17 15 19 21 21 28 29 36 40 41 46 58 61 72 75 88 99 111 135 142 160 171 191 208 246 271 293 328 364 416 468 534 582 651 731 823 916 1003 1136 1268 1417 1567 1742 1980 2223 2484 2701 3010 3337 3702 4111 4569 5094 5727 6296 6915 7631 8330 9180 10072 10899 11879 12872 13901 14829 15863 16931 17900 18787 19683 20538 21193 21790 22269 22663 22896 22766 22543 22241 21735 21149 20404 19581 18581 17596 16513 15486 14435 13395 12309 11317 10352 9412 8519 7726 6929 6145 5398 4824 4324 3808 3409 3022 2668 2350 2059 1803 1616 1405 1247 1106 963 829 730 644 553 487 423 371 325 288 267 225 191 168 156 138 114 96 88 76 67 60 45 36 34 36 30 29 21 19 14 13 12 9 8 5 4 5 5 6 5 3 3 3 2 2 2 1 1 0 
1 1 2 3 3 3 3 3 3 3 3 4 4 4 4 5 7 7 7 9 9 9 11 12 18 19 18 21 25 24 29 37 39 48 55 66 80 89 100 110 125 142 154 169 191 226 254 291 311 347 380 435 491 559 617 688 773 872 1004 1096 1225 1376 1539 1713 1898 2151 2381 2627 2939 3299 3653 4066 4511 5032 5586 6144 6759 7452 8234 9050 9922 10876 11858 12994 14022 15109 15995 16906 17857 18793 19721 20545 21103 21752 22266 22548 22776 22833 22643 22317 21760 21313 20690 19748 18887 17868 16915 15770 14612 13485 12430 11400 10474 9429 8501 7621 6855 6172 5579 4968 4432 3952 3474 3070 2732 2441 2149 1896 1670 1476 1277 1130 998 879 741 652 563 505 435 389 336 290 247 233 204 183 175 153 141 121 107 101 90 76 66 53 48 43 39 35 32 31 32 28 25 20 16 15 12 11 8 6 5 4 3 3 2 1 1 1 1 0 
1 1 1 1 1 1 1 1 1 1 1 1 1 1 1 2 2 2 3 4 3 4 6 6 6 8 8 10 12 15 18 16 17 15 18 27 32 33 36 38 40 44 50 59 68 77 84 98 110 126 146 170 193 206 227 265 289 338 370 408 460 534 598 701 778 875 989 1112 1273 1436 1592 1763 1943 2178 2467 2747 3057 3382 3762 4191 4644 5122 5660 6256 6950 7575 8288 9133 10003 10934 11853 12904 13854 14898 16002 17002 18000 18876 19697 20362 21067 21722 22195 22528 22677 22778 22662 22377 21971 21326 20650 19723 18792 17837 16868 15790 14754 13735 12617 11556 10562 9594 8667 7877 7048 6264 5544 4935 4409 3909 3473 3089 2704 2411 2113 1882 1689 1476 1317 1174 1049 899 779 670 578 502 443 392 334 286 255 233 205 176 150 141 127 108 94 83 69 61 53 37 29 21 16 16 12 10 8 8 8 8 10 8 7 6 7 7 7 7 7 6 6 6 5 6 8 5 4 4 4 4 4 3 3 3 2 1 1 1 1 1 1 1 0 
1 2 2 3 5 4 4 7 8 8 9 11 12 15 15 19 21 29 29 35 42 47 48 55 59 71 74 82 92 113 126 137 161 188 212 235 265 295 326 358 392 423 499 579 663 712 765 862 975 1089 1222 1328 1483 1687 1879 2076 2313 2619 2932 3262 3640 4093 4555 5069 5596 6205 6846 7550 8320 9093 9908 10814 11697 12734 13701 14669 15651 16587 17533 18465 19283 20080 20785 21539 21891 22204 22433 22667 22515 22240 21802 21232 20481 19725 18873 17961 16928 15862 14666 13666 12707 11601 10592 9623 8725 7953 7121 6416 5787 5185 4619 4140 3602 3172 2811 2471 2191 1940 1720 1518 1335 1174 1029 894 802 712 610 548 491 449 387 341 306 276 250 197 178 157 137 119 106 95 76 62 55 48 41 33 28 25 20 21 18 18 17 11 8 7 7 7 6 5 5 3 2 2 1 1 1 1 1 1 0 
1 1 1 1 1 1 1 1 1 1 1 1 2 2 1 1 1 0 
1 1 1 1 1 1 1 1 1 2 2 1 1 1 1 1 1 1 1 1 1 1 1 1 1 3 4 5 7 8 8 7 11 14 16 17 20 20 21 25 29 32 34 36 41 48 58 59 68 80 91 101 121 129 145 160 177 197 213 232 253 290 344 390 439 490 543 613 695 762 839 950 1048 1139 1263 1425 1585 1736 1944 2182 2438 2716 2958 3333 3700 4082 4552 5050 5572 6116 6736 7420 8163 8951 9698 10615 11601 12511 13506 14470 15435 16469 17460 18504 19331 20001 20767 21527 22060 22405 22654 22582 22544 22194 21826 21247 20620 19778 18831 17827 16806 15701 14666 13600 12570 11500 10546 9602 8775 7910 7156 6441 5757 5156 4620 4159 3727 3293 2934 2611 2322 2040 1776 1545 1396 1211 1076 943 816 726 623 546 472 429 382 334 293 258 230 195 165 137 119 102 92 76 64 52 46 36 29 25 23 18 13 11 9 7 8 8 7 7 8 6 4 4 4 3 2 2 1 1 0 
1 1 1 1 1 0 
1 1 1 1 1 1 1 1 1 1 2 1 1 1 1 1 1 2 2 3 3 3 4 3 4 4 7 8 10 13 12 13 13 13 14 19 21 28 31 31 36 42 47 47 57 70 78 87 96 106 116 123 147 160 173 195 232 248 287 315 354 388 428 484 552 640 735 807 885 1005 1121 1266 1419 1597 1800 2051 2295 2567 2814 3175 3530 3945 4376 4858 5375 5929 6533 7236 7984 8716 9522 10415 11244 12220 13158 14039 15051 16119 17110 18186 19074 20024 20828 21442 21994 22390 22726 22690 22632 22493 22197 21649 20948 20132 19351 18494 17522 16457 15402 14285 13062 12013 11054 10045 9153 8244 7425 6659 5905 5284 4689 4193 3731 3277 2901 2549 2245 1978 1718 1545 1349 1187 1026 892 779 696 607 536 476 419 371 333 285 254 229 208 191 171 160 139 125 102 88 72 64 52 45 41 33 32 30 32 32 29 27 21 16 12 12 12 11 11 10 8 7 4 3 4 3 3 3 3 2 2 2 2 2 1 1 1 1 0 
1 1 1 1 1 4 4 4 5 5 8 8 9 7 8 11 14 14 15 15 18 25 28 30 31 38 44 50 52 59 67 76 78 92 100 105 114 136 164 181 197 212 240 279 308 344 387 438 481 539 606 698 800 917 1014 1132 1259 1420 1604 1775 2013 2213 2486 2783 3083 3420 3848 4229 4756 5210 5706 6260 6913 7559 8226 9034 9888 10772 11765 12729 13704 14646 15750 16728 17651 18575 19421 20186 20989 21594 21948 22281 22447 22524 22357 22337 21884 21343 20625 19690 18810 17790 16830 15713 14777 13708 12734 11656 10679 9687 8823 8003 7194 6425 5693 5124 4611 4086 3630 3201 2809 2495 2197 1943 1711 1502 1323 1140 998 873 750 669 591 515 461 395 345 313 282 247 214 181 151 138 132 124 107 99 94 84 74 69 60 54 48 42 38 34 33 23 18 16 12 7 7 5 3 2 2 1 2 1 1 1 1 1 1 1 0 
1 1 1 1 1 1 1 2 1 1 1 2 2 2 2 2 2 2 2 1 1 1 1 1 0 
1 1 1 3 3 4 6 6 9 10 14 14 18 19 22 25 29 31 35 39 38 44 47 56 66 69 77 85 107 119 123 147 154 168 198 228 263 296 308 346 383 424 482 535 592 647 715 821 913 1027 1157 1311 1486 1656 1852 2034 2282 2539 2839 3156 3507 3928 4323 4814 5306 5867 6496 7186 7875 8574 9445 10289 11215 12148 13155 14139 15161 16203 17151 18165 19149 20025 20871 21450 21983 22267 22368 22491 22425 22174 21900 21553 20888 20133 19389 18477 17447 16373 15403 14419 13326 12215 11209 10207 9262 8352 7522 6789 6084 5392 4838 4314 3827 3392 2945 2638 2339 2061 1815 1571 1386 1174 1030 914 811 725 628 561 490 424 368 318 282 252 235 204 177 155 131 114 97 98 88 79 69 64 57 51 42 37 28 25 21 19 17 12 9 6 5 4 4 5 4 5 5 4 2 3 3 3 2 1 1 1 1 1 1 0 
1 1 1 2 2 2 3 3 3 2 2 2 3 2 3 4 4 4 4 6 7 9 8 13 15 13 13 15 19 24 31 36 42 41 43 45 50 53 55 62 72 82 94 110 131 148 168 194 223 246 271 314 349 394 433 480 537 603 649 726 791 885 985 1106 1230 1402 1564 1704 1900 2107 2387 2644 2933 3215 3594 3976 4498 4962 5474 6016 6630 7312 8066 8857 9661 10538 11397 12320 13235 14162 15230 16239 17182 18162 19018 19936 20678 21356 21879 22270 22562 22621 22576 22406 22039 21382 20771 20085 19176 18237 17211 16092 15033 14071 12963 11888 10924 9963 9057 8183 7341 6587 5925 5317 4698 4214 3729 3285 2929 2589 2249 1940 1723 1503 1343 1203 1052 929 797 690 596 538 472 405 355 319 265 231 207 184 168 147 128 117 89 74 65 62 56 47 45 44 36 34 30 26 25 23 20 16 14 12 8 8 6 5 3 3 2 2 1 0 
1 1 1 1 1 1 2 3 4 3 3 3 3 4 5 7 7 7 6 6 8 9 9 10 13 13 13 14 14 18 17 22 21 22 26 29 40 46 48 56 68 72 79 91 111 125 135 152 173 190 212 232 252 294 342 403 433 470 528 602 679 756 837 938 1045 1174 1318 1472 1662 1838 2025 2252 2514 2819 3177 3510 3911 4346 4836 5334 5952 6518 7116 7856 8695 9502 10378 11209 12134 13093 14150 15080 16137 17055 18023 18891 19642 20452 21192 21730 22154 22490 22609 22616 22448 22008 21555 20951 20244 19461 18465 17508 16481 15475 14350 13331 12303 11210 10188 9261 8404 7581 6777 6069 5380 4828 4272 3776 3364 2982 2604 2341 2054 1813 1574 1401 1184 1038 928 803 725 653 584 509 437 381 335 294 274 237 212 189 162 136 128 125 113 104 88 74 69 66 55 50 48 46 36 30 25 23 16 16 15 13 12 12 11 11 6 7 4 3 3 4 4 4 5 5 4 2 2 2 2 2 1 0 
1 1 1 1 1 1 1 2 2 3 2 2 3 4 4 3 3 2 2 2 2 2 1 1 1 1 1 1 1 1 2 3 2 4 4 4 4 4 5 8 8 10 14 16 16 22 27 26 31 31 38 43 47 54 58 67 76 83 84 92 107 125 141 176 210 231 255 292 330 373 423 478 544 620 686 764 825 924 1046 1191 1329 1521 1712 1923 2128 2372 2650 2977 3344 3716 4132 4623 5097 5699 6297 6980 7630 8386 9244 10076 11003 11966 13032 14120 15135 16106 17157 18174 19147 20020 20778 21402 21991 22341 22635 22844 22838 22725 22290 21922 21309 20478 19547 18608 17586 16535 15531 14370 13284 12276 11157 10193 9288 8416 7688 6943 6239 5580 4943 4435 3954 3498 3127 2737 2408 2137 1883 1650 1464 1278 1113 996 900 780 689 604 527 457 399 344 301 269 244 218 191 161 140 128 111 94 81 76 68 68 61 50 44 46 39 36 30 23 18 14 16 13 13 12 10 9 9 8 8 8 7 6 5 6 6 5 5 4 2 2 2 1 1 1 0 
1 1 1 1 1 1 1 1 1 1 2 2 2 1 1 1 2 4 3 3 5 5 6 7 9 10 9 8 11 12 15 17 17 19 24 26 30 32 37 42 47 52 60 74 86 97 122 129 149 161 178 195 211 247 273 320 360 412 453 508 577 628 681 752 847 956 1065 1198 1327 1461 1649 1833 2082 2271 2536 2840 3199 3574 3964 4415 4864 5354 5975 6594 7242 7973 8766 9585 10432 11386 12269 13267 14220 15153 16120 17072 18021 18885 19691 20500 21193 21854 22213 22485 22586 22473 22301 22012 21604 20856 20101 19239 18292 17305 16311 15262 14224 13109 12054 11075 10049 9142 8292 7448 6656 6003 5375 4799 4267 3792 3348 2948 2586 2323 2017 1749 1529 1356 1236 1096 935 825 713 643 539 463 407 360 322 259 224 192 166 137 126 106 88 76 63 60 55 45 39 35 31 24 23 23 19 14 13 6 5 5 4 3 1 1 1 1 0 
1 1 1 1 1 3 3 3 3 3 3 4 3 3 4 5 5 5 5 5 10 11 12 15 16 23 25 26 32 34 38 46 54 63 75 82 88 100 112 123 129 156 177 203 222 248 289 323 365 405 449 509 577 645 714 810 912 997 1124 1254 1437 1603 1813 2031 2271 2560 2859 3158 3501 3919 4361 4833 5345 5986 6580 7230 7958 8710 9509 10373 11245 12180 13203 14260 15263 16324 17319 18355 19284 20143 20966 21687 22230 22574 22841 22905 22718 22490 22006 21430 20691 19856 19038 18091 17056 16096 15041 13923 12899 11844 10842 9951 9060 8162 7373 6651 6045 5317 4757 4247 3768 3369 2971 2686 2371 2094 1854 1645 1425 1262 1127 1001 874 801 696 606 534 463 395 344 297 267 237 206 170 152 130 115 101 86 70 62 56 49 44 34 31 27 26 21 18 19 16 12 8 8 6 6 6 4 3 3 3 2 2 1 0 
1 1 1 1 1 1 2 2 2 2 4 3 3 3 3 4 4 5 8 10 10 12 16 20 23 24 30 30 33 31 39 43 47 48 52 59 64 68 68 69 83 87 98 104 119 134 154 171 192 224 263 316 355 383 427 483 545 626 689 790 881 1001 1153 1295 1452 1620 1774 1962 2228 2477 2709 3017 3364 3762 4215 4633 5207 5710 6298 6979 7699 8417 9228 10082 10951 11853 12840 13802 14772 15766 16908 17811 18771 19517 20372 21173 21849 22270 22535 22720 22748 22688 22369 21919 21343 20623 19682 18774 17797 16786 15741 14660 13634 12507 11405 10410 9463 8588 7772 6968 6303 5621 4954 4388 3876 3408 3026 2684 2348 2108 1839 1632 1455 1280 1128 1002 889 791 687 583 516 446 395 346 304 261 239 194 170 145 127 115 104 87 79 65 54 50 44 39 34 29 26 20 16 15 13 12 12 9 8 7 7 6 5 4 2 2 0 
1 1 1 1 1 1 1 3 3 3 4 4 4 4 4 3 2 3 3 4 3 3 3 5 6 8 7 8 8 10 10 14 15 16 18 20 25 23 22 25 30 37 45 54 56 59 62 71 75 85 91 95 105 128 138 151 167 181 194 219 245 285 307 340 400 476 536 581 666 749 835 914 1027 1154 1291 1437 1605 1777 1990 2222 2429 2692 3036 3435 3797 4276 4721 5196 5750 6303 6857 7515 8258 9108 9933 10756 11698 12687 13683 14667 15739 16706 17678 18590 19471 20260 21039 21585 21894 22275 22495 22641 22586 22323 21864 21247 20476 19658 18776 17762 16723 15717 14576 13434 12339 11282 10292 9367 8450 7608 6921 6197 5533 4925 4381 3894 3442 3053 2735 2413 2136 1887 1689 1484 1311 1153 1036 924 786 671 582 515 451 399 361 324 284 248 216 188 162 149 126 111 106 98 89 79 70 59 52 46 38 34 32 29 27 21 18 17 16 13 9 9 9 10 10 8 4 4 5 5 4 2 2 2 2 3 3 3 2 2 2 2 0 
1 1 1 1 1 1 1 1 1 0 
1 1 1 1 1 1 1 2 3 3 3 3 3 3 4 4 6 6 6 6 7 9 8 7 8 12 14 15 17 24 29 31 33 37 46 54 62 63 67 75 92 104 130 139 147 163 179 206 243 273 321 355 404 442 493 557 629 723 842 949 1059 1182 1330 1519 1674 1843 2036 2303 2554 2855 3151 3472 3913 4392 4845 5374 5938 6624 7233 7979 8755 9603 10494 11414 12440 13481 14443 15475 16476 17516 18483 19396 20248 21058 21631 22291 22826 22976 22938 22888 22710 22215 21620 20973 20110 19310 18302 17251 16112 15071 13931 12800 11801 10795 9844 8877 8002 7167 6427 5745 5088 4520 3992 3554 3171 2841 2497 2210 1976 1751 1528 1346 1166 1031 914 812 709 617 539 482 409 350 318 273 231 205 186 163 142 122 104 93 78 74 70 60 54 43 37 33 27 22 21 20 18 14 15 10 9 10 11 10 11 9 8 6 7 7 7 6 5 3 3 2 2 1 0 
1 1 1 1 1 1 1 1 0 
1 1 1 1 2 2 1 1 1 1 1 1 1 0 
1 1 1 2 3 4 3 3 2 2 3 2 3 3 5 4 4 5 5 7 10 10 9 10 10 11 11 13 14 17 19 21 24 28 28 30 40 47 51 56 64 73 87 95 98 113 132 152 163 183 211 231 259 284 317 354 399 454 509 542 606 691 789 878 955 1077 1218 1351 1493 1665 1878 2126 2329 2629 2900 3159 3488 3832 4318 4780 5290 5870 6452 7123 7744 8490 9305 10113 11019 11975 12882 13850 14915 15885 16983 17920 18877 19605 20400 21193 21750 22119 22360 22528 22513 22374 22140 21614 21034 20265 19433 18533 17579 16530 15422 14321 13252 12226 11220 10328 9402 8484 7666 6898 6211 5590 5029 4447 3974 3534 3121 2777 2489 2204 1939 1697 1466 1264 1105 993 856 760 657 570 493 425 378 325 292 240 213 192 167 139 117 97 85 76 69 63 61 52 45 33 27 23 23 23 21 19 18 15 15 12 9 9 9 8 6 6 4 3 2 2 2 2 2 1 1 1 1 1 2 2 2 2 1 1 1 1 1 0 
1 1 1 1 2 3 4 3 3 3 4 6 7 6 6 6 7 7 8 8 13 16 18 20 24 26 34 39 45 46 53 61 67 78 84 94 106 109 124 145 164 177 187 204 228 257 292 312 362 397 452 492 547 616 709 791 895 1001 1120 1238 1378 1558 1757 1966 2200 2429 2733 3082 3420 3830 4241 4708 5254 5849 6411 7021 7719 8493 9315 10149 11035 11942 12847 13907 14942 16061 17106 18045 19007 19856 20691 21348 21979 22428 22699 22872 22832 22714 22446 21994 21368 20604 19684 18830 17904 16787 15661 14684 13534 12439 11401 10337 9377 8475 7625 6852 6130 5454 4817 4276 3786 3353 2971 2647 2333 2015 1786 1599 1406 1241 1077 909 792 704 616 539 452 384 343 309 274 241 215 191 171 145 124 110 97 80 72 65 62 55 49 40 32 34 28 24 24 19 16 14 12 16 16 15 13 12 12 8 6 4 4 4 4 3 2 2 1 1 1 1 0 
1 1 1 1 2 2 2 2 2 2 3 3 4 5 5 7 7 8 6 6 6 7 10 10 12 11 10 10 10 13 17 21 24 26 28 25 29 33 42 43 48 53 69 80 92 107 123 142 162 185 201 237 253 270 302 344 416 458 500 551 612 683 758 837 938 1037 1136 1302 1465 1634 1818 2014 2237 2502 2789 3089 3389 3784 4241 4737 5284 5849 6404 7114 7918 8565 9399 10216 11098 12060 12904 13950 14969 16006 16972 17980 18824 19788 20590 21310 21890 22362 22690 22727 22566 22303 21887 21441 20741 19928 19166 18192 17247 16207 15240 14206 13199 12093 11054 10167 9285 8392 7604 6813 6135 5464 4840 4285 3840 3360 2966 2600 2318 2033 1819 1618 1441 1274 1150 1007 906 778 678 583 524 450 395 345 305 271 238 207 177 165 148 132 111 100 89 78 67 58 51 48 41 43 38 36 32 26 21 17 15 14 15 12 12 10 10 12 10 9 8 8 8 7 7 6 6 6 6 6 7 5 4 3 3 2 1 1 1 1 1 1 1 2 1 1 1 1 1 0 
1 1 1 1 1 1 1 1 1 1 1 2 3 4 4 3 3 3 5 5 7 6 7 8 8 9 12 15 16 21 28 32 37 41 45 56 61 72 81 84 97 99 108 126 139 153 170 187 198 225 247 275 291 319 346 405 451 517 584 665 739 815 906 1037 1188 1347 1508 1702 1852 2069 2350 2656 2917 3226 3608 3948 4424 4898 5425 6017 6572 7177 7888 8734 9594 10470 11397 12306 13293 14194 15306 16340 17306 18242 19129 19819 20701 21298 21800 22202 22431 22487 22501 22349 21950 21454 20879 20153 19243 18247 17180 16215 15099 14085 13043 12019 10999 10034 9121 8244 7374 6618 5915 5280 4727 4262 3774 3356 2995 2638 2345 2054 1810 1587 1380 1218 1075 960 871 784 674 595 539 476 417 384 333 302 259 230 206 191 161 143 126 107 95 84 75 61 56 52 41 35 31 26 24 23 21 17 17 15 12 7 7 8 6 3 3 2 1 1 1 1 1 1 0 
1 1 1 1 1 1 1 2 2 2 2 2 2 3 3 3 4 4 3 4 3 5 6 6 6 9 9 9 12 13 15 20 22 27 32 32 41 48 64 67 69 80 95 111 133 145 164 180 195 223 249 284 319 372 422 482 548 609 693 772 877 989 1107 1232 1367 1517 1693 1894 2118 2343 2602 2879 3204 3563 3979 4400 4845 5350 5902 6543 7249 7970 8794 9600 10492 11407 12436 13386 14378 15542 16557 17596 18490 19362 20290 21184 21746 22269 22637 22846 22949 22988 22733 22302 21686 20961 20209 19227 18216 17174 16136 15003 13924 12869 11809 10790 9890 8932 8062 7246 6444 5713 5056 4488 3989 3531 3120 2738 2402 2113 1869 1638 1445 1281 1113 970 833 740 652 564 504 449 376 314 275 239 211 172 151 127 117 102 87 74 64 59 45 40 32 23 18 16 17 15 14 15 12 10 9 8 7 7 6 4 2 1 1 1 1 0 
1 1 1 1 1 2 2 2 2 3 3 4 5 5 3 3 4 9 9 10 10 11 11 12 17 19 20 20 26 29 35 40 44 51 57 59 67 74 87 101 120 126 146 151 176 190 217 249 282 330 364 391 431 476 517 564 628 698 786 881 991 1098 1244 1396 1542 1712 1925 2169 2431 2726 3007 3272 3657 4049 4504 4991 5521 6091 6698 7388 8135 8879 9648 10593 11527 12490 13404 14388 15332 16365 17384 18269 19189 19939 20648 21291 21767 22078 22388 22473 22349 22049 21746 21239 20539 19757 18987 18036 17090 15939 14921 13831 12890 11879 10821 9881 9033 8152 7336 6587 5883 5271 4725 4204 3772 3342 2960 2659 2332 2063 1816 1611 1397 1248 1113 972 847 740 652 557 491 441 398 356 316 278 250 215 189 162 136 119 108 103 95 82 72 63 58 46 38 29 27 23 19 16 15 12 10 9 7 7 5 3 3 3 3 2 2 1 1 0 
1 1 1 2 2 1 1 1 2 2 2 2 2 3 3 2 3 3 5 6 7 6 6 7 6 6 7 8 11 11 15 15 18 18 18 20 23 20 22 26 29 31 34 38 44 44 52 53 57 68 80 93 113 123 137 155 181 205 232 261 294 320 367 408 450 512 580 673 747 833 917 1055 1165 1309 1485 1670 1844 2042 2281 2529 2853 3200 3562 3909 4376 4899 5452 6086 6691 7349 8033 8846 9758 10625 11536 12443 13324 14381 15391 16446 17524 18511 19416 20200 20927 21638 22092 22496 22723 22817 22768 22451 22086 21450 20851 20121 19224 18286 17268 16131 15015 14009 12888 11805 10753 9704 8821 8026 7248 6498 5814 5219 4612 4115 3650 3203 2854 2534 2212 1949 1720 1499 1323 1133 990 877 759 666 604 533 466 405 370 318 278 231 211 192 166 144 126 121 103 87 72 59 56 47 44 37 35 26 23 19 14 13 10 6 5 4 4 4 4 4 2 1 2 2 2 1 1 1 1 1 0 
1 1 1 1 1 1 1 2 3 4 3 3 3 4 3 3 3 4 4 5 3 3 3 3 5 6 7 8 8 8 8 9 9 9 13 14 15 17 20 20 19 21 25 32 32 33 41 47 58 65 72 79 91 104 111 126 144 166 193 213 245 270 318 350 378 413 474 531 605 692 773 880 985 1104 1242 1398 1546 1771 1967 2226 2457 2739 3060 3427 3795 4158 4628 5073 5602 6210 6902 7665 8302 9155 10002 10855 11773 12653 13717 14817 15931 16952 18019 18984 19660 20387 21051 21672 22166 22422 22477 22512 22381 22129 21700 21111 20357 19593 18650 17699 16735 15710 14646 13558 12548 11545 10561 9625 8750 7968 7162 6383 5700 5098 4525 4035 3564 3179 2844 2538 2223 1984 1751 1550 1336 1186 1049 906 798 726 626 552 478 413 357 312 279 237 203 182 159 148 123 115 101 81 74 62 50 36 32 29 25 17 14 12 10 10 9 9 9 10 6 4 3 3 2 2 2 2 2 2 2 2 2 2 2 2 2 2 2 2 0 
1 1 1 1 1 2 1 1 1 1 1 1 2 2 2 1 1 1 1 1 1 1 2 3 3 3 3 4 5 5 4 6 6 5 6 7 7 9 10 13 15 17 18 21 23 24 25 26 30 33 40 41 48 50 57 65 78 89 96 104 116 131 143 161 181 206 229 249 282 312 341 372 416 503 547 595 652 741 861 956 1068 1177 1310 1451 1650 1842 2067 2319 2605 2893 3206 3562 3968 4405 4833 5323 5919 6581 7137 7891 8634 9462 10277 11159 12069 13035 13978 14974 15959 17021 18016 18910 19789 20543 21198 21773 22190 22506 22637 22709 22388 22149 21634 21007 20192 19353 18498 17536 16550 15396 14249 13144 12099 11123 10180 9178 8258 7460 6707 6019 5443 4840 4332 3811 3365 2960 2615 2331 2058 1816 1596 1378 1212 1064 921 805 688 611 534 453 416 366 325 279 253 228 202 171 147 129 113 97 85 74 59 58 58 51 42 38 29 29 25 23 22 21 19 16 14 12 10 9 8 8 7 7 6 5 7 6 6 3 3 4 4 3 3 3 3 4 5 5 5 5 5 5 5 5 5 7 7 7 6 5 5 5 3 2 2 2 2 0 
1 1 2 3 3 5 6 7 8 10 11 12 11 12 12 18 19 19 18 20 19 23 25 28 31 37 40 46 48 58 64 75 83 94 102 109 125 138 148 167 188 209 236 278 309 337 387 436 508 566 617 711 805 897 1029 1146 1284 1440 1609 1837 2011 2242 2495 2810 3116 3471 3837 4259 4741 5229 5850 6397 7045 7773 8612 9463 10293 11251 12225 13139 14208 15230 16308 17307 18253 19168 20031 20846 21430 22044 22445 22697 22887 22870 22815 22363 21914 21299 20459 19510 18561 17626 16494 15408 14338 13242 12163 11130 10054 9151 8191 7402 6623 5956 5286 4718 4136 3692 3284 2956 2624 2323 2048 1804 1604 1415 1245 1061 928 809 699 606 523 482 421 367 324 281 233 199 177 159 127 115 95 77 62 53 43 35 31 27 22 21 20 16 13 10 8 8 6 4 3 3 3 3 3 2 2 2 0 
1 1 1 1 1 2 2 1 1 1 1 1 1 1 1 1 1 1 1 1 1 2 2 3 4 3 4 6 11 14 13 13 13 12 13 19 18 24 23 22 27 30 36 41 44 53 65 61 71 80 89 106 114 130 137 144 165 201 221 238 266 304 341 384 426 484 532 590 669 750 852 963 1106 1221 1352 1538 1685 1922 2176 2407 2679 3012 3357 3796 4246 4736 5250 5772 6355 6987 7664 8419 9219 10083 10817 11788 12791 13770 14807 15767 16749 17801 18721 19683 20491 21151 21624 22070 22501 22674 22608 22471 22161 21657 21040 20433 19551 18623 17643 16614 15599 14516 13526 12439 11412 10467 9480 8609 7827 7051 6291 5680 5122 4553 4072 3600 3193 2818 2486 2192 1940 1699 1509 1325 1163 1001 871 765 681 605 540 467 408 368 327 286 247 209 185 157 138 130 117 109 100 85 78 67 57 50 47 40 30 27 21 17 17 12 9 6 5 3 2 2 3 3 3 4 3 3 3 2 2 1 1 1 0 
1 1 1 1 1 1 1 1 2 2 2 2 2 2 3 2 1 1 1 1 1 1 2 2 3 4 4 7 9 7 7 7 8 12 13 14 17 19 20 23 25 29 29 33 36 38 42 48 55 63 74 87 90 104 129 149 168 183 197 214 240 274 293 310 335 387 441 505 585 666 743 836 927 1024 1159 1329 1480 1672 1856 2064 2326 2615 2979 3318 3708 4068 4532 5039 5550 6176 6849 7580 8327 9183 10034 10907 11763 12808 13872 14920 15910 16896 17885 18766 19686 20516 21188 21742 22245 22593 22757 22686 22529 22110 21823 21247 20473 19656 18714 17786 16734 15739 14696 13624 12511 11459 10434 9540 8653 7780 7030 6379 5760 5139 4541 4022 3547 3160 2790 2461 2189 1903 1705 1477 1299 1146 1017 906 792 711 653 583 497 432 363 315 272 236 203 175 150 117 100 93 80 73 65 56 52 52 45 40 35 32 28 20 18 17 17 16 14 11 10 12 11 9 6 5 6 8 7 6 4 4 3 4 4 4 4 4 3 3 2 1 1 1 1 1 1 1 1 1 1 0 
1 1 1 1 1 1 2 2 2 2 2 3 3 3 3 4 3 3 3 6 6 8 7 7 8 7 7 9 12 12 10 10 9 15 17 24 26 34 38 46 49 55 61 68 74 92 104 118 127 151 173 197 225 255 285 296 341 375 429 481 523 601 680 751 821 926 1025 1164 1327 1515 1660 1871 2097 2326 2630 2965 3308 3633 4074 4533 4971 5527 6127 6745 7376 8118 8825 9669 10496 11386 12324 13310 14381 15402 16384 17415 18398 19318 20216 20952 21590 22223 22508 22700 22735 22628 22357 21998 21473 20788 19976 19068 18044 17016 16073 14976 13889 12886 11927 10910 9837 8872 7979 7129 6413 5750 5106 4565 4082 3593 3197 2843 2551 2278 2013 1793 1590 1440 1274 1136 993 885 770 702 599 517 458 388 334 286 232 198 174 147 133 116 101 85 68 63 55 43 37 33 26 23 19 18 12 13 10 10 9 9 9 5 6 6 5 5 3 3 3 3 3 1 1 1 2 2 1 1 1 1 1 2 1 1 1 1 1 1 1 1 2 2 2 2 1 1 1 1 1 1 1 1 1 1 1 1 1 1 0 
1 1 1 1 1 1 1 1 1 1 1 1 2 2 2 2 2 2 2 2 2 3 3 4 7 7 8 10 11 13 15 15 16 20 24 27 27 32 34 41 41 43 47 52 63 64 72 77 89 103 116 132 147 169 194 214 229 277 302 339 377 422 478 520 580 652 718 797 900 1011 1144 1310 1460 1637 1791 1998 2197 2462 2766 3045 3343 3709 4124 4539 5097 5624 6147 6760 7449 8133 8932 9761 10620 11449 12413 13472 14406 15347 16256 17288 18265 19118 19978 20787 21367 21897 22269 22410 22475 22410 22185 21806 21232 20545 19814 18919 18068 17014 15970 14848 13781 12875 11915 10943 9968 8986 8094 7296 6540 5877 5248 4741 4153 3697 3287 2927 2603 2264 2000 1771 1598 1388 1200 1048 930 807 691 625 563 490 436 361 320 278 251 221 197 175 151 134 120 106 91 80 65 55 49 48 41 32 26 24 22 18 17 17 19 16 13 11 11 10 9 6 7 5 4 3 3 5 4 3 3 3 2 1 1 1 0 
1 1 1 1 1 2 3 3 3 3 4 4 4 5 7 8 11 12 13 15 18 21 21 25 29 35 38 43 54 67 73 76 87 97 111 125 143 160 185 202 216 243 264 296 341 389 437 493 561 605 661 761 861 942 1042 1188 1306 1475 1637 1809 2025 2251 2518 2833 3134 3480 3873 4258 4784 5256 5775 6363 6948 7632 8382 9256 10077 10956 11835 12809 13802 14930 15962 17009 17920 18852 19710 20420 21166 21656 22204 22454 22515 22635 22481 22293 21847 21262 20534 19655 18713 17668 16711 15621 14565 13502 12446 11455 10439 9509 8641 7744 6937 6179 5502 4949 4397 3898 3457 3033 2681 2395 2095 1839 1628 1439 1266 1117 987 869 744 638 566 493 420 357 304 264 230 191 173 154 133 128 111 97 82 67 62 58 51 43 38 32 24 25 21 20 17 15 13 11 11 7 6 5 5 4 3 3 2 2 1 0 
1 1 1 1 1 1 1 2 2 2 2 2 1 2 2 1 2 2 3 3 6 4 5 4 4 5 5 5 7 8 10 11 15 17 18 19 23 25 28 29 29 31 31 40 51 62 75 76 85 93 97 98 111 128 138 151 174 196 219 252 276 314 358 410 467 515 589 677 735 827 933 1025 1123 1220 1361 1549 1749 1957 2209 2466 2758 3059 3395 3809 4231 4724 5246 5746 6367 6998 7732 8497 9369 10255 11171 12047 13049 14026 15097 16130 17062 18013 18957 19700 20535 21196 21719 22099 22284 22566 22650 22442 22030 21522 20925 20248 19453 18616 17572 16537 15510 14395 13336 12203 11238 10213 9281 8439 7651 6820 6098 5429 4876 4337 3845 3393 3010 2664 2372 2111 1856 1655 1455 1269 1121 996 854 745 657 582 496 442 395 334 277 240 214 191 157 145 129 118 102 92 80 70 60 52 48 45 36 34 28 21 18 16 15 14 12 9 5 5 5 3 1 1 1 1 1 0 
1 1 1 1 1 1 1 1 2 3 3 4 4 4 5 6 6 6 7 5 5 5 5 5 8 10 11 13 15 17 15 15 16 15 16 18 18 18 21 24 27 31 31 34 33 40 41 45 52 61 69 81 76 81 95 105 121 133 157 176 195 224 258 294 322 356 412 453 531 593 646 725 813 919 1020 1125 1261 1409 1579 1753 1966 2186 2406 2705 3008 3366 3771 4175 4639 5155 5746 6361 7034 7775 8568 9351 10215 11036 11970 12956 13960 15024 15970 16973 17951 18953 19759 20499 21111 21626 22073 22391 22536 22563 22448 22194 21722 21029 20296 19458 18585 17631 16511 15380 14324 13219 12286 11255 10259 9375 8549 7657 6898 6244 5585 4999 4448 3947 3516 3105 2746 2428 2148 1900 1669 1491 1345 1179 1026 898 770 678 594 501 453 378 347 305 269 229 211 181 158 140 114 106 92 83 72 67 62 53 41 40 36 27 27 26 23 22 20 14 9 8 8 6 6 5 4 3 3 2 2 2 1 1 1 1 1 1 1 0 
1 1 1 1 1 1 1 1 2 2 4 4 5 4 4 5 5 8 11 14 16 14 13 16 18 17 19 18 22 27 29 32 36 43 46 50 61 64 75 83 95 115 128 144 171 199 222 241 275 317 358 407 443 476 535 597 692 799 898 987 1096 1256 1394 1547 1712 1909 2156 2388 2690 3016 3328 3748 4113 4550 5005 5570 6167 6726 7381 8162 8956 9784 10733 11592 12649 13607 14579 15566 16526 17561 18494 19410 20213 20903 21571 22025 22366 22557 22545 22471 22262 21961 21366 20761 19908 19020 18133 17089 15988 14884 13780 12718 11598 10629 9611 8664 7822 7021 6332 5700 5054 4509 4039 3574 3155 2813 2470 2181 1930 1678 1484 1302 1149 988 885 795 695 600 531 462 404 363 313 275 251 220 191 174 141 135 122 105 95 82 73 64 56 44 38 31 23 21 18 17 16 14 14 13 9 7 6 7 7 6 6 4 2 1 0 
1 1 1 1 1 1 1 1 1 1 2 4 3 3 3 4 5 5 5 5 4 7 7 10 11 14 16 17 17 18 20 23 25 26 27 34 38 44 47 47 56 63 76 78 90 102 122 131 139 171 195 207 239 264 291 334 376 415 493 555 637 699 772 867 969 1113 1218 1354 1492 1690 1875 2104 2328 2575 2875 3191 3578 3970 4440 4933 5460 5998 6618 7260 8016 8817 9722 10631 11566 12504 13521 14516 15660 16644 17535 18530 19424 20217 21052 21630 22178 22520 22759 22923 22859 22657 22313 21786 21063 20260 19457 18397 17336 16157 15026 13810 12779 11761 10720 9805 8888 8011 7132 6371 5754 5127 4579 4071 3574 3228 2827 2532 2239 1938 1715 1473 1305 1119 984 874 778 683 612 529 466 416 377 321 283 237 203 182 165 143 124 99 89 79 72 62 58 52 45 40 35 33 32 30 26 21 18 15 14 13 9 7 7 6 2 2 2 2 2 2 1 0 
1 1 1 1 0 
1 1 1 1 1 2 3 2 2 4 5 6 5 7 8 9 9 9 10 15 18 17 18 18 20 22 25 29 28 31 38 40 47 47 52 55 64 70 79 90 91 96 103 127 154 177 205 238 262 278 309 358 418 485 558 617 699 785 886 972 1084 1213 1354 1497 1697 1852 2071 2322 2595 2879 3285 3672 4068 4501 5014 5542 6119 6787 7497 8156 8910 9754 10585 11519 12612 13648 14620 15657 16537 17565 18462 19337 20162 20983 21611 22129 22481 22629 22603 22503 22250 21929 21439 20674 19948 19133 18066 16941 15887 14841 13813 12688 11569 10636 9733 8858 7990 7179 6431 5746 5140 4592 4068 3606 3164 2800 2518 2193 1936 1696 1445 1264 1118 971 853 743 661 554 488 440 400 345 305 265 229 201 170 148 126 106 97 89 73 64 50 48 42 32 30 27 24 20 20 15 14 13 10 9 6 6 4 4 2 2 1 1 1 1 1 1 0 
1 1 1 1 1 3 3 3 4 4 5 6 7 7 7 8 10 13 17 21 21 24 28 32 33 34 45 48 53 57 66 77 90 102 114 129 159 188 211 237 268 292 328 364 407 455 508 578 645 736 813 896 1000 1105 1259 1413 1597 1779 1938 2164 2404 2716 2993 3366 3789 4259 4749 5303 5836 6407 7102 7874 8619 9398 10245 11230 12115 13140 14095 15115 16053 17015 18035 18981 19862 20648 21290 21878 22397 22655 22843 22856 22767 22476 21940 21321 20478 19761 18842 17786 16612 15416 14292 13285 12270 11160 10207 9186 8264 7449 6756 5977 5385 4812 4279 3808 3378 3019 2700 2377 2066 1835 1613 1427 1247 1074 920 802 702 611 539 469 415 360 311 276 238 210 176 152 141 125 111 102 91 83 64 59 51 43 37 33 28 24 23 22 21 16 13 9 9 9 6 5 5 4 3 2 1 0 
1 1 1 1 1 1 2 4 6 6 6 6 8 10 12 13 16 14 15 18 17 20 24 25 29 32 34 38 44 51 63 65 67 80 88 99 112 119 125 134 157 176 199 223 238 264 290 325 366 405 459 499 567 634 737 842 941 1066 1186 1307 1458 1642 1840 2062 2305 2589 2890 3200 3555 3950 4352 4892 5427 5962 6565 7282 7893 8633 9442 10335 11230 12143 13068 14030 15165 16163 17157 18221 19115 19815 20611 21170 21807 22275 22550 22751 22666 22533 22193 21651 21094 20354 19519 18685 17733 16714 15549 14345 13234 12119 11085 9988 9004 8117 7311 6516 5821 5178 4597 4107 3650 3254 2889 2571 2270 1984 1756 1522 1327 1164 1036 908 794 685 603 526 459 419 360 322 278 255 228 200 167 141 124 114 97 93 82 70 55 46 39 30 23 21 19 16 13 13 15 13 9 13 11 9 9 8 9 7 7 3 3 4 4 4 2 3 2 2 3 3 2 2 2 2 2 2 2 2 2 1 1 1 2 2 2 2 2 1 1 0 
1 1 1 1 1 1 1 1 1 2 3 3 2 2 2 2 2 4 5 5 8 8 8 9 10 13 15 20 19 21 29 41 45 49 51 57 64 75 85 105 108 120 128 150 166 187 208 243 264 285 323 357 406 437 481 540 612 680 769 864 986 1119 1261 1411 1553 1728 1927 2190 2448 2739 3036 3356 3704 4112 4579 5113 5684 6260 6879 7604 8356 9200 10083 10870 11770 12798 13860 14871 15725 16690 17653 18670 19521 20292 20966 21513 22021 22354 22527 22575 22409 22204 21698 21249 20450 19622 18675 17790 16821 15699 14642 13598 12548 11509 10484 9556 8638 7814 6990 6308 5654 5069 4506 3981 3516 3111 2758 2448 2155 1905 1665 1443 1262 1092 972 888 790 679 586 511 452 409 353 305 270 236 198 175 149 143 129 112 100 91 76 69 59 51 52 51 43 42 39 29 29 28 25 22 18 16 17 16 17 14 11 9 8 9 7 7 6 4 3 3 2 2 3 2 2 2 1 1 1 1 1 1 0 
1 1 1 1 1 1 2 2 2 2 2 2 2 3 4 5 6 7 8 7 6 7 9 12 13 15 19 20 22 28 28 31 35 37 47 52 63 72 81 86 101 119 140 160 172 184 204 225 245 279 327 368 420 469 524 594 673 767 861 982 1081 1212 1395 1556 1743 1969 2175 2420 2687 2954 3277 3627 3999 4398 4916 5490 6094 6705 7377 8172 9018 9827 10719 11549 12462 13518 14515 15651 16602 17581 18496 19414 20232 20921 21385 21903 22339 22671 22652 22501 22339 21883 21261 20604 19760 18941 17871 16860 15875 14758 13674 12579 11627 10578 9617 8781 7987 7230 6542 5835 5252 4688 4157 3693 3287 2920 2583 2290 2027 1768 1550 1370 1187 1062 921 807 702 629 547 453 387 330 300 264 234 202 174 150 121 96 93 84 71 60 53 48 45 37 33 28 21 19 17 16 16 13 10 9 9 7 5 4 4 3 4 3 3 2 2 2 1 1 1 1 0 
1 1 1 1 1 1 2 2 2 3 3 3 3 5 6 6 7 8 8 7 7 7 10 12 11 15 19 21 25 28 29 36 42 48 60 65 72 82 90 103 121 127 142 162 186 208 241 280 298 338 377 425 480 551 620 718 770 858 961 1084 1201 1354 1540 1716 1907 2158 2392 2685 2978 3311 3638 4036 4454 4914 5452 6120 6772 7364 8082 8861 9642 10518 11445 12405 13428 14400 15428 16453 17460 18442 19347 20188 20914 21539 22170 22519 22740 22747 22661 22546 22088 21481 20740 20014 19062 18095 17096 16108 15018 13814 12714 11687 10704 9782 8875 7985 7228 6457 5853 5255 4622 4153 3704 3276 2857 2496 2201 1903 1707 1507 1316 1119 977 856 773 683 600 520 454 400 347 308 275 232 200 172 146 118 100 84 77 69 66 59 49 41 34 25 22 19 15 14 14 11 7 6 4 4 3 3 3 2 2 1 0 
1 1 1 1 1 1 1 1 1 2 3 2 2 3 3 3 3 5 5 4 4 5 5 6 4 4 6 6 6 8 10 10 10 11 12 12 11 15 17 21 24 30 32 37 44 47 54 63 75 81 93 105 127 149 171 195 203 225 242 279 309 349 382 427 475 534 604 676 767 855 935 1063 1189 1314 1443 1591 1725 1955 2148 2403 2637 2948 3257 3628 4023 4443 4942 5430 6014 6547 7307 8019 8758 9638 10571 11533 12396 13375 14378 15493 16542 17553 18410 19326 20116 20802 21424 21969 22365 22514 22678 22516 22281 21907 21376 20749 20011 19058 18100 17018 15964 14854 13805 12764 11752 10827 9822 8928 8052 7229 6517 5783 5149 4653 4119 3674 3266 2895 2541 2250 1990 1772 1600 1419 1234 1103 967 857 733 637 549 488 438 394 334 285 249 221 200 177 149 128 102 95 78 66 61 55 44 36 30 35 29 23 22 23 20 20 18 12 11 12 12 11 12 11 10 10 9 10 8 5 5 5 5 3 3 2 0 
1 1 1 1 1 1 2 2 2 2 2 2 3 1 1 1 2 3 3 4 4 5 4 5 5 6 9 9 7 9 12 16 21 27 29 31 35 35 51 65 74 84 85 91 103 115 128 143 165 174 202 230 249 279 306 339 366 424 469 518 561 619 709 794 888 992 1115 1281 1424 1593 1771 2019 2266 2581 2894 3242 3576 3988 4426 4940 5553 6212 6852 7534 8215 9081 9973 10845 11790 12669 13617 14522 15597 16687 17709 18553 19424 20323 21113 21682 22327 22760 22997 22996 22784 22581 22156 21577 20804 20016 19168 18114 17068 16028 14966 13865 12725 11607 10614 9702 8805 7972 7129 6385 5647 5067 4544 4055 3571 3181 2818 2517 2201 1929 1687 1493 1312 1160 1030 895 780 677 593 526 485 414 350 309 285 241 207 173 138 120 97 85 74 65 53 46 42 35 27 23 19 17 14 13 10 9 7 6 7 6 6 6 6 6 6 4 2 2 1 0 
1 1 1 1 1 1 1 1 1 1 1 1 1 1 1 1 1 1 1 2 2 2 2 2 2 2 3 3 3 4 4 6 5 5 4 4 7 6 6 4 4 5 5 6 6 7 7 6 5 5 5 5 5 5 7 10 12 14 13 18 19 20 23 29 37 41 41 40 52 59 65 76 76 88 97 103 115 131 148 163 182 193 215 234 258 288 352 402 457 489 545 629 713 765 835 930 1035 1148 1314 1472 1670 1863 2135 2372 2635 2916 3197 3549 3957 4426 4917 5353 5963 6562 7212 7845 8624 9437 10342 11267 12128 13033 14088 15064 16181 17237 18275 19276 20102 20930 21460 22063 22541 22883 22940 22881 22596 22242 21635 20887 20130 19088 18249 17228 16262 15171 14125 13082 12025 11030 10027 9122 8230 7456 6719 5958 5305 4689 4169 3671 3261 2923 2605 2307 2045 1792 1567 1365 1195 1038 907 795 698 606 543 461 407 367 334 292 241 213 184 156 139 125 109 93 88 85 71 63 54 43 36 34 32 29 26 18 14 12 11 8 9 7 7 6 5 5 4 3 3 4 3 4 4 2 1 1 1 1 0 
1 1 1 1 1 1 3 3 4 4 4 3 2 2 2 2 2 2 1 2 2 2 3 4 4 4 4 6 7 7 6 8 11 15 15 16 17 17 21 23 21 24 25 28 36 39 43 49 59 65 78 84 95 106 123 138 158 179 197 218 241 274 306 345 393 455 490 540 614 711 775 877 981 1073 1233 1356 1528 1722 1903 2085 2310 2586 2852 3234 3607 3990 4391 4814 5316 5841 6464 7098 7788 8607 9418 10203 11047 11999 13007 14103 15128 16100 17107 18082 19006 19811 20551 21346 22070 22485 22858 22882 22772 22593 22218 21659 20881 20195 19479 18502 17414 16284 15186 14157 12994 12002 11025 9982 9036 8216 7366 6637 5914 5206 4709 4207 3737 3284 2879 2520 2217 1969 1744 1561 1381 1219 1084 950 832 753 684 597 507 446 377 334 291 263 233 208 184 165 132 119 100 86 66 65 51 47 43 34 32 23 21 21 21 20 15 12 11 10 10 10 9 8 8 4 5 5 5 3 2 1 1 1 1 0 
1 1 1 1 1 1 1 0 
1 1 1 1 1 1 1 1 1 1 1 1 1 0 
1 1 1 1 1 1 1 1 1 2 3 2 2 2 2 2 1 1 0 
1 1 1 1 2 4 3 5 7 8 9 9 9 12 13 20 25 29 34 34 43 51 54 61 59 66 71 86 100 115 129 150 155 180 196 226 249 286 316 351 395 452 501 558 641 706 802 926 1048 1181 1326 1474 1634 1829 2066 2283 2558 2888 3193 3555 3939 4409 4887 5399 5908 6549 7277 7932 8699 9565 10488 11340 12235 13201 14126 15184 16242 17244 18191 19082 19885 20555 21181 21733 22132 22489 22441 22396 22208 21891 21454 20916 20247 19311 18323 17302 16296 15241 14245 13175 12031 11060 10184 9275 8414 7614 6892 6136 5446 4852 4390 3846 3448 3042 2642 2362 2091 1809 1600 1413 1224 1073 944 827 703 630 545 470 415 369 318 277 243 210 173 159 147 126 110 93 90 76 71 57 49 38 35 32 29 27 25 20 18 20 15 13 15 13 11 10 7 6 5 4 3 3 2 2 2 0 
1 1 1 1 1 1 1 1 3 3 4 3 3 6 8 9 8 10 10 10 11 14 17 20 25 29 30 32 32 32 37 44 48 50 58 57 62 68 77 91 104 108 125 141 162 193 207 248 279 318 352 403 445 511 567 644 738 808 916 1035 1181 1311 1435 1601 1801 1978 2182 2461 2777 3046 3351 3729 4162 4625 5144 5717 6260 6922 7564 8290 8998 9812 10746 11763 12749 13701 14667 15674 16654 17623 18608 19548 20296 20985 21597 22087 22448 22708 22908 22816 22481 21993 21390 20533 19797 18883 17917 16928 15829 14704 13614 12520 11492 10539 9598 8684 7784 7016 6248 5615 4971 4434 3931 3485 3131 2761 2437 2128 1878 1652 1464 1296 1164 1016 903 768 675 600 521 454 411 351 301 265 243 202 173 151 126 107 98 87 79 79 71 65 50 43 37 33 29 24 24 20 18 16 13 13 11 8 6 6 4 4 4 5 5 5 4 4 5 4 3 1 1 1 1 1 1 1 1 0 
1 1 1 1 1 1 2 2 2 2 2 2 1 1 1 2 1 1 3 3 3 2 2 2 3 4 3 5 5 5 3 6 6 5 4 5 7 10 10 12 13 13 14 16 21 20 24 27 36 42 51 56 61 67 77 88 97 127 145 166 176 207 223 234 267 300 338 354 405 432 504 552 628 708 785 881 989 1123 1256 1376 1556 1758 1957 2174 2364 2669 2977 3342 3688 4124 4641 5117 5641 6203 6838 7460 8252 8995 9787 10604 11507 12422 13300 14344 15390 16301 17368 18354 19195 20042 20783 21500 21904 22290 22616 22654 22565 22296 21947 21477 20742 19999 19174 18204 17206 16075 14896 13786 12721 11679 10683 9760 8873 7945 7170 6412 5714 5049 4539 4039 3579 3155 2789 2457 2126 1852 1655 1458 1269 1100 986 869 772 678 607 545 476 426 367 327 283 232 204 183 165 144 121 105 94 77 72 66 57 57 51 41 43 40 33 31 27 24 22 18 13 12 13 10 10 8 8 5 5 4 5 2 2 2 2 2 2 1 1 1 2 2 2 1 1 1 1 0 
1 1 1 1 1 2 4 5 4 4 5 5 7 8 9 10 13 13 13 16 15 13 15 15 15 17 20 22 25 26 29 35 46 52 52 57 54 60 63 76 85 93 107 123 145 167 187 206 248 275 310 342 379 431 484 557 603 675 759 841 958 1074 1213 1382 1535 1716 1916 2143 2376 2665 2990 3348 3726 4185 4636 5147 5682 6228 6850 7532 8278 9076 9889 10789 11711 12717 13708 14678 15745 16847 17852 18694 19562 20437 21194 21747 22279 22586 22715 22745 22629 22356 21940 21455 20835 20030 19086 18056 16971 15793 14747 13642 12559 11491 10510 9534 8596 7712 6882 6160 5483 4898 4352 3901 3439 3076 2710 2422 2160 1924 1684 1475 1311 1174 1027 911 783 673 588 499 440 394 363 330 288 255 230 208 189 160 135 122 115 102 92 73 64 55 49 43 37 31 29 29 22 18 15 12 12 11 8 8 7 6 5 4 1 0 
1 1 1 1 1 1 1 2 2 2 3 3 4 4 5 5 5 4 4 5 5 4 4 4 4 3 3 4 3 3 2 2 2 2 1 1 1 1 1 1 1 1 1 2 4 6 6 5 4 4 5 6 7 7 8 10 12 11 12 12 13 14 17 23 27 32 32 38 44 47 50 55 67 80 91 95 100 112 133 158 176 202 228 249 293 324 375 425 480 533 602 677 778 882 976 1078 1200 1345 1499 1673 1905 2124 2366 2636 2923 3306 3667 4056 4461 4961 5530 6094 6765 7518 8173 8968 9818 10711 11631 12597 13532 14521 15546 16595 17515 18448 19285 20141 20832 21489 22059 22539 22801 22882 22577 22310 21816 21231 20596 19851 19026 18041 17015 15828 14755 13734 12664 11666 10647 9704 8752 7917 7161 6423 5762 5183 4626 4116 3587 3204 2853 2540 2233 1974 1732 1516 1296 1143 1027 894 795 699 617 562 489 444 377 328 285 249 227 202 167 153 131 109 101 89 72 61 57 49 45 36 30 26 25 22 19 21 18 17 18 15 15 15 12 11 9 8 7 6 2 1 1 0 
1 1 1 1 3 3 3 4 6 5 4 4 8 9 9 8 9 9 11 13 14 16 17 18 18 22 24 21 25 32 37 42 50 58 66 78 88 94 105 116 135 151 162 190 214 230 266 287 331 360 412 449 493 557 617 682 737 836 931 1050 1148 1300 1454 1643 1829 2040 2266 2529 2858 3189 3543 3949 4345 4784 5366 5874 6460 7112 7823 8554 9427 10294 11193 12132 13089 14102 15095 16099 17105 18143 19044 19909 20697 21393 22048 22537 22876 22991 22918 22665 22170 21636 21161 20424 19463 18499 17510 16491 15379 14288 13064 12001 10926 9886 8921 8048 7219 6501 5856 5194 4607 4105 3633 3245 2866 2555 2215 1921 1700 1502 1300 1133 991 866 742 654 569 502 458 397 342 302 256 217 178 157 145 137 120 97 89 76 62 55 53 48 43 34 32 27 27 26 25 25 20 19 18 16 13 13 8 6 6 7 5 4 2 0 
1 1 1 1 1 1 1 1 1 1 1 2 4 4 4 6 7 8 11 11 14 15 19 20 19 27 34 36 40 41 46 53 57 68 73 73 76 82 90 107 113 126 144 163 187 195 219 250 270 306 343 393 454 503 569 633 721 820 915 1034 1121 1265 1447 1608 1806 2024 2262 2537 2796 3083 3422 3835 4270 4743 5205 5721 6332 6930 7611 8359 9166 9892 10844 11767 12735 13743 14728 15662 16625 17664 18661 19542 20371 21149 21648 22089 22459 22632 22661 22466 22168 21657 21099 20407 19629 18734 17849 16878 15786 14651 13542 12531 11492 10576 9581 8651 7781 6995 6282 5661 5048 4516 3981 3532 3153 2788 2455 2159 1928 1694 1467 1292 1147 1001 871 765 658 585 502 425 381 328 272 239 202 172 154 137 121 111 95 82 75 57 56 49 46 36 31 27 24 21 17 12 12 9 7 5 4 5 5 5 4 4 4 4 3 3 2 2 2 2 2 2 2 1 1 1 0 
1 1 1 1 1 2 2 2 2 3 3 5 5 7 7 9 9 9 9 11 15 16 16 14 16 16 17 18 22 27 32 36 42 41 45 48 54 64 65 73 81 94 108 123 133 155 166 188 209 259 306 337 367 421 475 540 599 695 790 859 958 1071 1216 1375 1561 1741 1961 2180 2422 2717 3042 3373 3768 4156 4557 5024 5612 6195 6906 7562 8367 9194 10107 11038 11950 12840 13776 14754 15793 16761 17721 18611 19465 20253 20978 21648 22184 22561 22614 22655 22483 22311 21792 21187 20603 19749 18834 17817 16832 15757 14656 13578 12557 11525 10559 9583 8665 7753 7022 6331 5721 5146 4544 4056 3654 3220 2806 2497 2205 1957 1735 1506 1322 1165 1042 916 806 713 637 584 506 454 393 347 308 275 244 204 182 168 148 139 119 100 83 74 67 57 51 46 37 33 26 26 19 18 18 14 10 7 6 6 6 6 4 4 4 2 1 1 1 1 0 
1 1 1 1 1 1 1 1 1 2 2 2 3 2 2 3 5 4 4 4 5 7 8 8 12 14 16 18 16 17 20 24 27 31 36 43 46 46 54 63 77 93 112 127 144 171 203 243 272 303 348 398 450 519 584 661 747 817 925 1018 1140 1282 1415 1587 1775 1993 2212 2482 2749 3092 3494 3897 4355 4875 5404 5996 6668 7378 8146 8880 9822 10761 11761 12877 13901 14876 15833 16877 17922 18797 19801 20620 21249 21873 22401 22795 23019 23103 22913 22533 22079 21565 20843 20040 19116 18133 16999 15940 14782 13716 12573 11580 10531 9538 8659 7766 6981 6260 5581 5008 4482 3980 3513 3098 2752 2413 2122 1864 1629 1440 1266 1137 980 835 732 640 568 483 412 357 315 259 245 210 184 161 129 114 101 79 73 76 74 64 56 52 47 36 30 29 27 23 23 20 17 17 15 16 15 11 8 8 10 10 8 7 6 4 2 2 1 0 
1 1 1 1 1 1 2 2 1 1 1 1 1 2 2 2 2 1 1 1 1 1 1 1 1 1 1 1 0 
1 1 1 2 1 1 1 1 1 1 1 1 1 2 2 2 3 2 3 4 4 4 2 2 2 2 3 3 3 3 4 4 6 6 7 6 8 8 11 11 10 7 9 13 14 14 14 19 21 28 34 37 42 46 54 62 74 77 92 106 120 134 152 182 196 218 245 284 312 368 423 469 517 576 659 748 836 952 1078 1241 1398 1566 1752 1946 2182 2476 2777 3070 3407 3755 4190 4596 5096 5706 6316 6938 7672 8448 9245 10127 11010 11956 12927 13955 14970 16114 17041 18025 18994 20035 20857 21507 22131 22456 22703 22913 22786 22599 22327 21735 21134 20400 19483 18544 17516 16480 15391 14342 13352 12330 11328 10306 9322 8430 7605 6794 6121 5481 4900 4325 3777 3338 2946 2606 2284 1994 1745 1531 1355 1186 1034 892 800 704 627 556 480 416 352 315 266 222 202 179 145 129 102 88 73 65 58 50 41 38 37 33 28 23 22 19 16 14 12 11 10 9 8 6 5 4 4 2 2 1 1 0 
1 1 1 1 1 3 4 4 4 5 5 4 6 8 9 10 11 10 12 16 19 24 28 25 24 27 33 36 43 45 51 58 65 85 99 109 122 138 147 159 188 217 249 283 327 363 421 474 531 581 656 713 791 885 1008 1125 1241 1372 1540 1734 1942 2180 2452 2726 2981 3345 3737 4193 4655 5133 5715 6288 6924 7625 8412 9151 9956 10868 11780 12850 13924 14936 15963 16985 17936 18814 19759 20530 21270 21879 22458 22833 23014 23044 22879 22503 22039 21451 20575 19730 18876 17855 16813 15684 14532 13476 12504 11523 10481 9554 8690 7781 6981 6249 5565 4932 4405 3908 3461 3020 2659 2346 2072 1820 1614 1405 1229 1079 944 844 748 659 579 497 422 375 326 280 252 218 187 157 140 125 113 96 85 85 77 68 63 52 51 40 35 31 26 20 19 15 14 13 12 8 9 11 9 9 6 5 2 2 2 1 1 1 0 
1 2 3 3 4 5 6 9 9 11 12 13 18 18 24 28 31 35 38 44 48 59 70 80 92 109 123 147 156 185 206 229 264 300 324 362 404 449 518 564 631 704 806 913 1013 1143 1272 1420 1584 1767 1980 2203 2465 2735 3024 3369 3745 4073 4554 5065 5551 6147 6778 7435 8254 8995 9836 10758 11626 12662 13736 14770 15816 16835 17850 18693 19589 20424 21108 21792 22286 22628 22794 22748 22638 22381 21943 21356 20573 19794 18936 17934 16969 15936 14807 13696 12657 11609 10581 9604 8744 7941 7158 6406 5711 5054 4484 3950 3509 3125 2807 2483 2200 1960 1723 1519 1364 1195 1055 943 827 719 648 585 505 455 394 346 313 284 241 205 176 160 139 116 97 83 67 56 43 39 34 30 26 20 18 18 14 14 9 9 9 8 7 7 5 5 5 5 6 5 4 3 3 3 3 3 3 4 4 3 2 2 2 4 5 6 6 6 5 3 2 1 1 1 1 0 
1 1 1 1 1 1 3 3 3 3 4 5 8 9 9 9 10 9 8 8 9 9 10 7 7 6 9 10 13 14 14 18 19 24 24 24 25 25 30 34 37 45 50 56 64 72 84 85 104 111 127 145 157 177 192 201 220 250 274 297 319 357 407 446 492 560 608 694 801 902 990 1073 1248 1401 1569 1769 1959 2193 2441 2772 3095 3413 3726 4154 4637 5088 5674 6296 6965 7647 8412 9255 10149 11053 11987 12903 13981 14948 16033 17040 18043 18992 19864 20608 21214 21819 22352 22769 22824 22846 22663 22217 21741 21249 20449 19557 18590 17594 16467 15421 14365 13329 12266 11215 10275 9388 8524 7626 6903 6146 5494 4923 4347 3837 3379 2981 2644 2328 2051 1805 1602 1443 1232 1080 971 843 725 651 548 480 427 368 333 292 251 224 193 165 144 129 105 93 78 60 53 45 35 30 29 24 23 20 20 15 14 12 12 12 9 9 5 3 2 2 2 1 1 0 
1 1 1 1 1 1 1 1 1 2 3 3 3 3 5 6 6 6 6 10 10 8 9 9 11 11 16 20 21 22 31 31 34 37 37 47 55 61 66 82 91 108 121 137 153 167 189 216 234 269 299 328 370 415 461 522 580 654 736 830 915 1029 1137 1252 1400 1587 1772 1978 2218 2493 2721 3037 3348 3693 4139 4626 5115 5634 6200 6801 7466 8201 9031 9856 10660 11560 12501 13454 14401 15381 16315 17362 18439 19335 20081 20810 21456 21996 22284 22463 22573 22484 22327 21822 21249 20604 19844 18997 18015 17015 16062 15012 13865 12743 11757 10673 9714 8753 7916 7119 6363 5656 5047 4436 3958 3467 3036 2738 2409 2126 1855 1637 1405 1257 1104 980 863 775 686 594 497 454 388 319 281 250 219 197 161 142 127 108 90 84 79 69 62 52 42 36 27 22 17 14 15 14 11 11 12 10 11 10 9 8 6 6 6 4 4 4 3 2 0 
1 4 3 3 3 3 3 4 4 6 6 9 9 9 10 11 16 20 20 23 28 35 38 39 46 54 67 72 83 92 98 106 125 154 165 180 204 225 236 267 305 353 405 451 507 578 658 737 825 931 1033 1170 1315 1434 1614 1780 1994 2242 2489 2767 3142 3519 3932 4362 4827 5320 5901 6545 7213 7850 8674 9543 10386 11293 12335 13221 14302 15280 16347 17358 18350 19258 20117 20868 21387 21909 22313 22508 22565 22541 22331 21986 21394 20743 19921 19174 18244 17287 16312 15309 14150 13058 12059 11033 10102 9186 8265 7519 6818 6130 5522 4965 4427 3918 3477 3071 2725 2405 2142 1890 1655 1467 1297 1126 996 857 732 649 568 505 449 377 327 291 246 213 186 167 145 135 113 101 97 87 77 67 61 53 43 40 26 21 21 21 21 17 12 12 7 7 6 5 2 2 1 1 1 0 
1 1 1 1 1 1 2 3 4 4 4 5 5 6 5 5 5 5 5 10 13 14 16 16 14 14 17 18 19 21 23 25 26 26 29 30 33 42 45 45 56 65 78 84 93 98 119 130 147 160 188 218 238 279 309 351 392 441 495 547 595 679 757 849 983 1094 1214 1358 1519 1694 1924 2180 2456 2742 3065 3391 3797 4176 4568 5112 5693 6312 6993 7698 8400 9115 9951 10828 11793 12779 13806 14814 15751 16772 17785 18699 19614 20410 21190 21773 22319 22627 22770 22794 22614 22346 21919 21280 20558 19746 18790 17782 16712 15693 14536 13459 12403 11380 10427 9516 8558 7712 6945 6189 5454 4909 4387 3910 3494 3106 2753 2410 2129 1901 1655 1441 1267 1118 988 867 762 661 571 499 426 375 341 286 251 231 189 161 142 127 111 98 90 77 69 61 53 42 36 33 30 25 24 21 23 23 22 19 16 15 14 11 10 10 8 5 5 6 6 5 4 3 4 5 5 4 4 3 3 2 2 1 1 1 1 1 1 1 0 
1 1 1 1 1 1 1 1 1 1 1 1 3 3 2 2 4 5 7 5 6 7 7 6 6 7 9 12 11 13 13 15 18 21 24 23 28 33 37 43 46 51 61 70 85 95 97 110 123 132 149 159 174 190 208 240 271 304 354 382 446 499 578 626 695 791 884 987 1099 1222 1378 1515 1695 1877 2097 2326 2607 2929 3248 3549 3929 4400 4919 5407 6007 6568 7302 8055 8786 9613 10503 11338 12247 13209 14243 15432 16359 17318 18326 19173 20067 20880 21380 21907 22331 22614 22686 22610 22370 22053 21508 20922 20226 19359 18404 17348 16247 15224 14132 13015 11955 10936 10002 9147 8209 7352 6568 5883 5208 4588 4128 3672 3264 2886 2527 2245 2009 1769 1561 1356 1172 997 878 774 644 578 481 423 373 324 276 231 195 169 142 135 108 99 92 84 72 60 52 50 48 46 42 36 32 32 29 26 21 18 14 12 12 8 7 7 7 8 7 6 5 3 3 3 3 3 2 1 1 0 
1 1 1 1 1 1 0 
1 2 3 5 7 7 7 8 10 9 9 10 10 9 9 14 15 15 17 17 17 18 22 29 34 39 43 49 58 69 77 83 95 102 113 130 147 152 170 202 227 252 279 324 371 429 481 557 610 686 765 845 941 1066 1185 1361 1519 1700 1871 2080 2299 2536 2860 3210 3550 3908 4302 4779 5293 5919 6492 7161 7861 8618 9451 10396 11229 12173 13152 14196 15133 16025 16953 17902 18929 19789 20627 21348 21826 22326 22651 22688 22593 22357 22051 21570 20925 20188 19351 18353 17291 16225 15267 14232 13202 12176 11213 10300 9372 8448 7691 6873 6235 5562 4928 4395 3975 3504 3127 2737 2420 2101 1837 1622 1429 1255 1114 977 836 713 632 562 495 448 388 335 292 267 225 193 170 149 130 111 94 81 72 65 56 52 49 46 37 32 33 32 30 29 23 22 21 19 15 11 8 8 9 9 9 9 7 5 4 3 4 4 4 4 3 2 2 3 3 2 1 1 1 1 1 1 1 1 1 0 
1 1 1 1 1 1 2 2 2 2 2 2 3 4 4 6 7 6 8 9 7 10 12 13 16 16 20 20 25 28 32 36 43 47 49 50 65 72 78 93 107 115 137 158 177 198 219 244 270 289 316 350 399 450 492 538 590 671 733 811 944 1058 1201 1318 1487 1666 1871 2127 2364 2618 2901 3204 3558 3983 4405 4924 5396 5980 6595 7251 7944 8653 9553 10366 11317 12186 13053 14004 15094 16099 17134 18095 18997 19807 20579 21285 21771 22261 22549 22622 22722 22507 22067 21539 20878 20165 19385 18485 17422 16360 15267 14121 13125 12079 11195 10152 9206 8308 7538 6734 6025 5382 4827 4307 3807 3370 2965 2576 2252 1993 1761 1565 1358 1189 1050 915 796 694 609 542 483 414 352 299 259 227 202 173 148 130 111 93 85 67 61 49 40 35 30 26 21 21 19 15 12 8 6 6 6 4 4 4 3 3 2 1 1 1 1 1 1 1 1 1 1 1 1 0 
1 1 1 1 1 0 
1 1 1 1 1 1 1 2 2 3 2 2 5 4 6 7 7 8 7 8 12 10 11 13 15 18 23 23 24 34 37 42 51 53 57 61 65 74 85 97 109 118 127 136 149 171 198 220 245 273 294 334 388 433 483 526 576 640 718 820 934 1025 1133 1276 1416 1573 1768 1966 2197 2471 2732 3003 3302 3678 4106 4590 5135 5661 6282 6953 7581 8307 9080 9860 10756 11708 12643 13692 14691 15701 16639 17659 18618 19402 20187 20913 21458 22019 22352 22616 22565 22432 22167 21705 21085 20312 19601 18591 17712 16750 15689 14622 13537 12566 11523 10534 9599 8707 7864 6988 6258 5671 5064 4488 3958 3535 3113 2733 2399 2147 1910 1673 1478 1298 1135 987 873 767 664 573 502 432 384 349 315 282 234 199 179 159 145 130 120 101 92 84 73 61 55 49 43 40 38 33 30 26 25 22 22 19 15 12 9 8 5 5 2 2 2 1 0 
1 1 1 1 2 2 2 1 1 1 1 2 2 4 3 3 3 4 4 4 3 4 5 4 6 7 6 5 6 4 4 5 3 3 3 3 3 4 7 8 9 9 10 15 17 18 23 23 26 30 31 35 38 42 47 49 52 57 63 73 79 91 101 107 121 129 163 182 197 215 235 259 290 333 380 431 465 519 560 636 714 822 928 1046 1155 1274 1403 1578 1758 1931 2149 2422 2670 2992 3326 3722 4082 4552 5000 5520 6073 6703 7413 8139 8984 9910 10724 11636 12522 13474 14598 15664 16691 17634 18473 19467 20298 21000 21583 22117 22468 22685 22782 22639 22403 21876 21357 20579 19903 18974 17927 16883 15910 14821 13789 12663 11634 10625 9695 8792 7981 7151 6432 5750 5081 4523 4019 3639 3206 2843 2482 2179 1918 1686 1489 1296 1144 1003 858 743 648 569 506 450 380 329 292 257 222 185 166 149 131 116 103 88 72 68 58 53 51 42 36 32 28 27 22 21 18 15 15 12 11 10 9 8 6 5 6 5 2 2 2 2 2 2 2 1 1 0 
1 1 1 1 1 1 1 1 2 2 2 3 3 3 3 3 3 6 8 8 8 8 10 13 12 14 18 18 19 23 26 29 33 36 44 55 57 65 69 80 93 111 122 138 158 166 195 219 255 279 315 360 397 438 502 562 613 681 741 838 916 1068 1185 1328 1464 1671 1862 2082 2308 2618 2937 3281 3680 4080 4521 5026 5563 6130 6723 7399 8105 8877 9763 10593 11521 12480 13565 14628 15597 16501 17609 18529 19446 20257 21037 21717 22302 22667 22861 22875 22890 22642 22257 21653 20988 20193 19208 18248 17338 16135 15086 13938 12840 11778 10696 9711 8796 7871 7145 6406 5671 5080 4495 3984 3541 3094 2718 2376 2101 1841 1620 1430 1252 1105 984 871 784 677 598 533 466 420 355 305 267 235 196 175 147 131 109 98 86 80 70 61 54 47 45 33 31 27 19 18 17 16 13 12 13 12 11 9 10 8 7 8 8 7 6 6 4 1 1 1 1 1 1 0 
1 1 1 1 1 1 1 1 3 3 3 3 5 8 8 8 8 8 8 8 12 15 15 16 16 19 22 25 33 35 42 47 54 55 61 69 75 87 96 107 113 120 138 161 186 211 248 299 325 368 415 463 517 589 658 733 799 897 1012 1127 1266 1415 1554 1745 1933 2167 2430 2677 2956 3314 3712 4136 4633 5137 5644 6219 6854 7628 8393 9179 10037 10985 11904 12927 13998 14968 15919 16899 17760 18687 19616 20509 21240 21789 22296 22607 22729 22784 22630 22295 21709 21147 20415 19647 18623 17742 16716 15565 14439 13403 12385 11414 10445 9426 8521 7643 6875 6193 5494 4909 4382 3858 3420 3012 2684 2375 2080 1828 1604 1424 1267 1093 962 862 777 695 608 531 467 408 363 317 284 242 219 195 172 142 124 108 86 80 72 67 60 53 48 43 39 28 25 24 27 25 23 20 19 16 14 15 14 10 8 8 9 6 6 4 4 4 3 3 5 4 4 3 4 4 3 3 3 3 2 2 1 1 1 2 2 1 1 1 0 
1 1 1 1 2 3 3 2 3 3 3 3 4 3 3 5 5 8 11 11 14 14 14 16 16 19 21 26 27 31 31 30 34 40 41 42 48 56 62 70 74 85 109 119 134 154 182 204 209 226 251 273 304 356 399 435 483 540 614 709 828 921 1017 1143 1297 1440 1617 1830 2062 2254 2519 2873 3163 3540 3960 4376 4849 5309 5807 6424 7119 7867 8606 9395 10203 11069 12028 13051 14067 15026 16076 17070 18011 19047 19868 20650 21273 21835 22278 22582 22765 22668 22454 22153 21578 20927 20087 19308 18368 17399 16404 15361 14323 13264 12189 11178 10128 9206 8290 7476 6783 6119 5499 4842 4272 3781 3322 2974 2628 2323 2063 1821 1601 1398 1222 1066 976 856 743 646 565 504 442 381 328 300 266 240 214 179 157 142 120 105 90 83 72 62 58 57 52 47 44 40 30 24 21 23 19 18 15 15 16 14 15 11 11 8 8 6 5 4 3 3 2 2 1 1 1 0 
1 1 1 1 1 0 
1 1 1 1 1 1 1 3 5 5 5 4 5 5 5 4 6 5 7 8 8 11 14 17 16 17 22 24 27 27 35 46 50 61 68 72 86 97 103 123 137 154 166 197 226 260 292 332 401 430 491 559 626 709 784 907 1000 1107 1249 1402 1590 1794 1958 2181 2474 2768 3099 3426 3761 4230 4696 5194 5752 6336 6990 7740 8482 9311 10184 11131 12013 12929 13923 14904 15960 17034 18101 19003 19812 20687 21460 21994 22495 22866 22893 22811 22716 22344 21789 21157 20359 19518 18561 17445 16514 15534 14368 13376 12366 11340 10286 9332 8508 7594 6879 6124 5520 4932 4370 3854 3423 3046 2659 2354 2086 1822 1622 1425 1259 1102 974 847 746 627 553 473 411 361 315 284 257 219 184 166 153 138 119 101 89 75 71 58 51 44 37 30 31 29 27 24 18 17 15 14 12 9 9 7 7 5 3 3 3 3 2 3 2 2 2 2 2 0 
1 1 1 1 1 3 4 4 5 7 7 8 12 15 17 21 20 23 24 25 27 28 33 39 44 47 49 53 59 66 72 84 100 111 129 133 150 171 196 215 232 270 295 338 379 425 477 527 571 626 692 776 855 963 1056 1199 1321 1491 1688 1904 2076 2354 2634 2923 3232 3569 3936 4349 4837 5401 6043 6610 7287 7977 8769 9535 10357 11267 12222 13203 14110 15113 16210 17172 18056 19033 19775 20529 21194 21755 22155 22500 22538 22536 22342 22047 21466 20888 20077 19120 18118 17240 16190 15122 14069 12998 11925 10804 9827 8924 8068 7325 6563 5850 5175 4660 4167 3718 3325 2923 2602 2303 2003 1741 1575 1396 1246 1088 959 844 728 644 557 494 441 391 357 318 268 226 196 172 158 148 139 118 100 89 80 67 59 47 42 35 32 30 22 21 18 14 14 12 10 10 9 9 9 7 6 6 6 6 5 4 4 3 2 2 2 2 1 0 
1 1 1 1 1 1 1 1 1 2 2 2 2 3 3 2 2 3 4 4 3 3 3 4 6 6 11 11 13 15 18 18 22 23 29 33 35 36 38 39 45 59 62 70 78 90 100 118 131 155 172 185 192 210 236 262 309 356 384 441 486 534 592 665 741 838 929 1048 1166 1297 1474 1650 1793 2019 2263 2562 2792 3088 3507 3865 4283 4751 5242 5745 6377 7026 7795 8562 9352 10248 11104 12073 13078 14047 15016 15990 17001 18043 18908 19743 20489 21101 21613 22201 22500 22715 22664 22366 22055 21669 21075 20376 19508 18593 17561 16447 15386 14261 13187 12150 11162 10101 9127 8226 7387 6623 5981 5304 4747 4232 3738 3345 2983 2622 2322 2017 1760 1553 1381 1234 1107 962 841 727 617 541 467 400 350 319 275 237 214 185 169 141 133 109 93 85 75 68 55 46 41 37 35 32 28 25 20 17 13 11 7 8 8 7 9 10 8 7 7 6 5 4 4 5 3 3 3 3 3 3 3 2 2 1 1 1 1 1 1 0 
1 1 1 1 1 1 2 2 2 4 5 5 4 5 5 5 7 6 6 6 7 7 9 11 12 13 12 14 13 14 12 15 14 16 17 26 27 29 32 34 44 57 62 71 83 91 107 123 148 160 176 189 210 245 275 306 340 369 399 452 530 595 657 719 792 911 1031 1169 1269 1417 1557 1767 1976 2191 2439 2675 3005 3338 3734 4135 4617 5174 5673 6286 6969 7652 8463 9299 10214 11114 12061 13113 14096 15069 16072 17025 17959 18835 19797 20633 21367 21952 22252 22527 22761 22733 22559 22239 21821 21146 20522 19653 18797 17830 16845 15711 14681 13535 12426 11386 10347 9413 8544 7741 6941 6190 5495 4841 4331 3787 3342 2977 2601 2321 2072 1808 1587 1384 1196 1063 949 838 721 601 543 465 400 359 336 298 269 242 209 182 159 132 121 109 89 78 66 57 49 44 35 35 30 27 26 22 18 11 11 12 11 10 7 6 5 6 4 4 3 3 3 2 2 1 0 
1 1 1 1 1 1 1 2 3 2 2 2 2 2 3 3 3 7 6 6 8 8 7 8 8 9 9 12 11 9 10 12 16 17 24 33 37 40 52 62 71 77 78 86 103 115 120 143 170 189 220 236 262 307 355 405 454 519 600 666 753 870 979 1102 1212 1358 1555 1762 1983 2197 2440 2715 2995 3360 3778 4165 4594 5141 5635 6200 6838 7543 8270 9010 9851 10674 11630 12601 13567 14605 15604 16545 17558 18535 19580 20374 21075 21705 22207 22705 22858 22852 22777 22529 22063 21501 20826 20021 19076 18090 17031 15907 14752 13575 12474 11457 10421 9526 8608 7817 7010 6318 5656 5051 4473 3964 3516 3113 2736 2428 2166 1903 1690 1512 1323 1153 1000 863 768 675 582 497 429 372 314 264 223 203 185 148 129 117 99 81 68 60 51 46 39 35 29 27 24 19 16 14 13 12 10 9 6 5 4 4 4 3 1 1 1 2 2 2 2 2 2 2 1 1 1 1 1 1 0 
1 1 1 1 1 1 2 2 2 2 3 3 3 4 4 3 4 5 6 6 6 6 7 7 10 13 13 16 21 21 25 30 33 39 43 48 49 50 55 62 79 84 92 100 118 125 144 156 174 191 229 262 283 310 358 400 438 496 542 593 662 747 830 904 991 1106 1260 1396 1576 1759 1990 2248 2520 2813 3098 3444 3817 4232 4752 5286 5891 6469 7089 7845 8630 9488 10437 11437 12330 13292 14317 15382 16442 17448 18450 19355 20253 21038 21699 22230 22584 22848 22894 22885 22685 22315 21730 21005 20301 19385 18321 17342 16355 15297 14231 13128 12081 10923 9813 8825 7983 7150 6427 5725 5098 4563 4047 3588 3189 2818 2547 2284 1987 1724 1544 1337 1177 1008 903 808 709 625 540 485 421 358 307 278 250 222 183 153 139 117 104 96 90 72 64 57 47 38 26 21 16 13 11 9 8 7 7 6 5 4 4 4 3 2 3 3 2 2 1 1 1 1 1 1 1 1 1 1 1 0 
1 1 1 1 1 1 2 3 3 3 3 4 7 8 8 11 14 16 18 19 20 24 27 33 36 41 44 48 48 53 65 76 95 108 112 122 138 162 187 207 220 243 261 282 306 359 417 458 504 561 630 688 760 863 970 1073 1196 1305 1419 1605 1810 2042 2271 2499 2764 3066 3402 3845 4260 4763 5239 5763 6343 6970 7632 8406 9144 9976 10949 11892 12743 13693 14701 15728 16781 17795 18678 19647 20373 21037 21522 21919 22306 22615 22484 22500 22224 21840 21100 20377 19599 18638 17653 16709 15538 14517 13480 12387 11478 10449 9494 8649 7802 7051 6307 5636 4998 4417 3959 3502 3113 2751 2420 2157 1872 1666 1448 1257 1120 980 831 751 656 583 503 435 390 337 304 266 240 196 177 153 145 123 102 92 85 77 71 63 52 51 45 38 34 25 22 15 12 9 7 6 6 5 5 6 5 5 5 5 4 4 4 4 4 2 2 0 
1 1 1 1 1 1 1 1 1 1 3 3 4 4 5 5 5 6 8 12 12 12 12 13 14 16 20 18 19 26 32 35 38 44 55 56 57 64 80 88 88 94 108 127 140 164 191 220 249 281 314 347 391 436 497 553 623 724 799 895 997 1109 1281 1422 1604 1768 1973 2184 2445 2709 3016 3342 3722 4158 4657 5221 5766 6403 7026 7758 8500 9330 10176 11172 12086 13098 14079 15133 16161 17341 18432 19349 20267 21015 21534 22051 22521 22779 22994 22995 22871 22451 21848 21140 20400 19595 18581 17578 16573 15482 14284 13237 12174 11136 10104 9167 8252 7379 6637 5902 5304 4726 4202 3726 3308 2937 2622 2283 2035 1811 1600 1389 1237 1065 927 821 738 638 546 473 417 360 302 280 232 196 173 154 133 113 89 78 70 54 41 32 26 18 16 12 12 13 11 9 5 4 4 3 4 4 4 3 2 2 1 1 1 1 1 1 1 1 1 1 0 
1 1 1 1 1 2 2 3 3 3 6 8 8 9 14 18 17 17 18 19 24 23 24 30 34 35 38 45 51 56 61 71 83 88 99 118 129 148 155 167 191 220 249 269 295 334 380 444 493 562 653 742 824 900 1041 1149 1270 1442 1626 1778 1988 2202 2469 2761 3060 3417 3803 4195 4717 5187 5694 6286 6942 7624 8362 9171 9968 10840 11749 12671 13640 14747 15729 16764 17738 18661 19474 20278 20993 21634 22137 22555 22734 22702 22518 22247 21820 21180 20447 19636 18728 17761 16675 15561 14465 13439 12397 11424 10412 9393 8585 7729 6957 6216 5561 4980 4445 4004 3546 3154 2783 2433 2146 1909 1662 1483 1280 1119 1008 896 774 661 574 503 453 399 358 312 271 241 215 193 160 136 120 102 93 78 69 59 48 36 31 24 23 17 16 15 11 10 8 6 6 6 6 6 5 6 6 7 6 4 4 2 2 3 4 3 3 3 3 3 3 4 4 4 4 3 2 1 1 1 1 1 1 1 1 1 1 1 1 0 
1 1 1 3 4 5 5 5 5 5 6 8 9 11 11 12 15 14 11 16 19 22 22 27 32 35 42 45 47 56 65 81 87 88 97 117 132 140 157 160 185 206 243 277 304 329 373 420 485 558 608 693 772 861 969 1099 1204 1341 1502 1705 1920 2141 2397 2645 2969 3376 3718 4085 4509 5006 5599 6167 6714 7390 8115 8989 9816 10663 11546 12456 13394 14470 15500 16458 17516 18476 19389 20260 20977 21532 21982 22236 22451 22468 22357 22173 21733 21280 20609 19826 18981 17964 17019 16015 14830 13752 12674 11632 10699 9757 8834 7959 7149 6373 5710 5113 4617 4145 3677 3264 2896 2571 2250 1999 1789 1571 1350 1179 1027 914 792 698 620 534 473 409 362 317 274 244 220 200 185 161 150 134 119 100 85 84 74 64 54 49 50 45 41 39 30 31 27 21 19 16 11 7 6 4 4 4 2 2 2 2 2 2 2 1 1 1 1 1 1 1 1 1 1 1 1 1 1 1 1 1 0 
1 1 1 1 1 1 1 1 2 2 3 3 3 3 5 5 5 5 7 8 9 12 13 16 16 17 19 22 24 28 29 32 38 42 43 55 63 72 84 88 100 113 125 145 165 188 208 239 264 307 345 377 423 479 522 583 649 719 817 916 1009 1149 1292 1436 1617 1802 2010 2222 2471 2757 3050 3347 3760 4154 4602 5113 5673 6231 6879 7589 8353 9106 9899 10771 11712 12684 13637 14644 15616 16644 17630 18561 19528 20312 21028 21562 22096 22445 22572 22607 22476 22118 21748 21136 20444 19674 18755 17822 16737 15733 14734 13726 12602 11529 10598 9663 8670 7808 7067 6377 5715 5076 4555 4052 3592 3202 2821 2516 2209 1908 1672 1461 1308 1139 999 879 773 657 559 503 428 391 328 282 251 213 194 168 139 126 109 99 88 82 76 71 66 53 45 39 35 28 19 17 16 16 12 11 10 8 6 3 2 2 2 1 1 0 
1 1 1 3 2 2 3 3 2 2 3 3 3 4 8 9 9 8 9 11 12 15 17 21 26 28 31 35 41 51 55 60 72 76 86 103 119 122 138 157 180 211 235 262 295 336 378 431 487 534 612 687 759 851 976 1098 1241 1372 1536 1732 1958 2234 2527 2826 3129 3481 3883 4322 4797 5284 5857 6481 7168 7925 8704 9530 10346 11239 12243 13207 14174 15207 16233 17206 18147 19107 19982 20672 21326 22020 22548 22802 22866 22783 22529 22249 21718 21042 20321 19355 18426 17332 16283 15240 14151 13052 11967 10949 9943 9005 8163 7403 6678 5935 5307 4705 4136 3655 3261 2878 2577 2305 2025 1780 1585 1388 1228 1117 1003 894 752 640 554 489 433 365 318 285 246 207 178 147 141 118 111 99 87 69 56 52 47 38 31 26 24 21 21 18 17 12 10 8 7 8 6 6 5 5 4 3 3 3 1 2 1 1 1 1 1 1 1 0 
1 1 1 1 1 1 2 1 1 1 3 3 3 3 3 3 3 5 5 5 4 5 6 8 11 13 14 16 19 17 20 24 29 28 31 37 39 38 42 46 54 60 63 67 75 85 105 119 139 167 178 199 227 256 281 319 363 406 453 498 562 643 710 793 931 1043 1192 1330 1524 1720 1915 2107 2392 2648 2976 3324 3719 4113 4536 5031 5588 6208 6833 7522 8250 9098 9900 10845 11761 12765 13754 14826 15834 16862 17897 18785 19656 20559 21273 21961 22385 22807 22936 22853 22760 22491 22092 21599 20843 20043 19080 18143 17007 15877 14616 13476 12407 11359 10407 9432 8581 7788 6995 6285 5608 5020 4447 3933 3465 3093 2707 2403 2097 1829 1629 1426 1234 1082 958 845 743 641 557 487 432 388 340 297 253 226 204 185 162 148 125 105 96 81 72 65 53 41 39 35 34 28 26 24 24 24 20 17 16 15 14 14 12 10 7 6 3 3 1 1 2 2 2 2 1 1 0 
1 1 1 1 1 0 
1 1 1 1 2 2 2 2 3 2 2 3 4 6 6 6 7 8 9 10 14 17 19 19 19 19 25 27 30 31 31 32 36 37 43 51 60 66 74 86 97 106 125 129 155 177 207 240 260 280 309 360 385 415 462 516 575 628 701 791 866 962 1088 1209 1353 1512 1713 1893 2121 2369 2677 2954 3313 3638 4121 4603 5149 5736 6348 6955 7660 8446 9264 10075 10858 11790 12784 13795 14732 15772 16822 17817 18715 19590 20247 20863 21404 21772 22142 22337 22279 22121 21795 21334 20788 20161 19441 18794 17741 16748 15704 14658 13650 12700 11705 10586 9565 8741 7951 7187 6496 5811 5192 4628 4109 3667 3282 2924 2600 2285 2053 1844 1650 1469 1282 1126 1025 901 789 703 595 510 452 408 358 313 273 232 209 187 165 149 134 120 103 94 88 78 77 60 55 49 42 37 31 28 20 19 19 14 14 13 12 11 11 9 7 6 6 7 5 4 4 4 5 4 4 4 4 3 3 3 2 2 2 2 2 1 0 
1 1 1 1 1 1 1 1 1 1 1 1 1 2 3 4 4 4 5 7 6 8 7 10 9 9 11 14 17 17 20 25 25 26 30 34 40 41 52 63 74 73 84 97 113 133 147 166 189 216 233 260 303 334 367 413 467 540 592 625 709 776 878 961 1071 1195 1310 1427 1584 1811 2024 2254 2538 2839 3135 3439 3867 4331 4813 5302 5864 6447 7083 7752 8499 9281 10094 11018 11930 12881 13846 14823 15955 17007 18012 18821 19752 20630 21346 21877 22358 22602 22795 22729 22608 22358 21817 21184 20438 19517 18547 17594 16569 15533 14426 13418 12356 11297 10293 9336 8450 7587 6871 6113 5462 4858 4353 3830 3334 2950 2615 2278 2015 1755 1536 1345 1173 1048 941 855 737 646 545 479 414 365 323 283 247 211 177 153 127 112 100 80 69 64 55 42 37 33 24 19 13 10 11 11 7 6 5 4 4 4 3 3 3 2 2 1 1 0 
1 1 1 1 2 3 5 5 4 4 4 5 6 8 10 11 11 12 12 15 16 21 26 32 35 38 40 46 52 63 68 71 84 99 112 125 141 162 182 203 234 249 280 305 359 394 433 486 544 615 698 798 894 1012 1133 1303 1441 1626 1790 1985 2227 2491 2777 3108 3427 3833 4204 4714 5185 5775 6335 7011 7676 8466 9342 10230 11188 12142 13186 14203 15274 16308 17447 18405 19347 20207 20863 21590 22050 22504 22762 22884 22848 22667 22358 21627 20936 20124 19265 18408 17378 16291 15205 14078 12947 11978 10967 9962 9035 8111 7250 6513 5844 5195 4665 4087 3608 3201 2825 2496 2212 1943 1748 1517 1324 1178 1049 929 808 700 586 520 463 404 350 305 257 228 198 171 149 126 105 94 84 74 64 57 51 46 36 34 28 23 19 17 15 11 9 8 7 6 6 6 5 5 5 3 2 2 2 1 1 1 0 
1 1 1 1 1 2 1 1 1 1 1 1 2 2 2 2 2 2 2 2 3 3 4 4 7 9 9 11 10 13 13 10 11 14 15 20 24 24 26 28 28 37 42 46 53 68 74 78 93 107 117 138 158 171 184 216 243 281 307 337 366 414 453 504 579 646 729 822 927 1011 1137 1303 1464 1629 1857 2083 2296 2541 2818 3166 3559 3944 4394 4873 5402 5947 6585 7276 7958 8721 9443 10340 11203 12089 13060 14043 14981 15929 16982 17966 19005 19985 20792 21404 22031 22265 22519 22667 22707 22482 22163 21689 20994 20272 19478 18492 17488 16367 15286 14272 13215 12134 11146 10092 9110 8264 7414 6651 5954 5306 4754 4228 3767 3345 2994 2693 2382 2058 1819 1605 1437 1279 1127 986 862 739 669 586 505 443 387 350 301 259 223 186 161 143 123 109 90 80 70 62 55 41 38 39 38 33 28 25 21 23 20 18 15 13 13 13 8 7 4 4 4 4 2 2 3 1 1 1 1 1 1 1 1 1 0 
1 1 1 1 1 1 1 1 1 1 1 1 1 1 1 3 3 2 2 2 3 4 4 5 7 7 6 6 6 4 6 7 11 11 11 13 16 22 24 24 33 37 42 43 45 45 47 61 66 73 76 85 89 97 109 129 147 154 178 190 209 240 274 312 341 382 420 454 517 586 682 750 838 938 1019 1152 1292 1425 1568 1756 1974 2221 2501 2778 3139 3549 3976 4415 4883 5428 5984 6632 7358 8021 8843 9616 10434 11269 12251 13240 14200 15223 16241 17225 18222 19176 20013 20670 21427 21981 22382 22616 22655 22671 22508 22188 21669 20965 20291 19347 18448 17462 16332 15183 14154 13129 11946 10914 9915 8975 8152 7434 6555 5925 5257 4707 4170 3723 3303 2942 2579 2262 1960 1742 1520 1329 1158 1025 890 761 660 582 509 430 372 325 289 249 219 194 169 148 134 118 102 91 72 63 50 40 42 37 28 28 25 22 18 13 13 10 7 3 1 1 1 0 
1 1 1 1 1 1 1 2 3 3 3 4 4 4 3 3 3 3 2 2 3 3 3 3 4 3 5 7 8 10 13 13 15 20 20 25 23 30 41 44 47 51 61 64 73 75 79 91 95 114 128 150 159 169 191 224 251 283 322 356 398 448 504 576 645 738 852 970 1077 1207 1346 1520 1733 1953 2176 2416 2705 3053 3406 3789 4172 4667 5189 5687 6301 6969 7698 8502 9305 10102 10978 11901 12854 13885 14900 15828 16837 17770 18663 19616 20454 21149 21723 22123 22625 22832 22751 22734 22364 21886 21285 20545 19725 18893 17885 16910 15900 14818 13660 12522 11541 10550 9547 8701 7864 7140 6433 5708 5055 4489 3970 3521 3071 2714 2417 2138 1887 1623 1425 1235 1085 976 865 761 683 596 529 442 391 348 305 268 236 215 177 165 149 128 107 88 76 67 62 55 45 39 37 31 31 29 23 22 21 14 15 15 8 7 5 3 1 1 1 1 2 2 1 1 1 1 2 1 1 1 1 1 1 2 1 1 1 1 1 1 0 
1 1 1 1 1 1 2 2 2 4 4 4 4 4 4 5 5 5 5 8 7 6 6 6 6 10 11 10 10 10 10 12 15 19 20 23 28 32 34 33 40 50 54 57 69 81 90 109 123 138 158 174 192 211 247 285 321 372 415 456 504 578 655 742 820 914 1015 1142 1292 1430 1648 1852 2060 2308 2561 2913 3260 3590 3995 4464 4985 5564 6179 6829 7533 8337 9156 9979 10885 11773 12684 13657 14638 15736 16718 17691 18665 19581 20373 21074 21662 22095 22579 22839 22847 22761 22487 22002 21501 20797 20107 19085 18169 17048 15966 14862 13731 12728 11703 10661 9693 8839 7948 7104 6339 5644 5099 4599 4061 3579 3161 2798 2497 2194 1938 1689 1463 1292 1115 967 856 766 662 576 507 454 395 342 307 272 234 207 178 153 136 123 104 92 80 76 67 58 54 44 39 34 31 28 27 23 21 23 19 16 15 12 9 9 6 5 3 2 2 2 2 2 2 1 0 
1 1 1 1 1 1 1 2 2 3 3 4 4 5 6 6 9 10 12 13 13 14 15 16 18 19 19 18 17 19 16 19 20 27 29 33 38 42 45 47 49 55 62 71 85 103 114 124 141 152 172 177 197 229 248 267 294 332 376 435 492 548 645 720 805 896 996 1117 1259 1413 1597 1781 1990 2230 2464 2722 3043 3397 3748 4161 4609 5109 5642 6226 6912 7510 8276 9023 9945 10830 11700 12659 13661 14658 15689 16663 17616 18456 19345 20178 20802 21336 21883 22191 22415 22404 22295 22065 21639 21040 20240 19437 18677 17782 16795 15743 14593 13498 12459 11468 10549 9631 8650 7772 6994 6312 5679 5111 4556 4084 3613 3203 2842 2508 2201 1944 1731 1514 1330 1153 996 865 746 675 590 523 451 399 346 294 263 233 214 177 161 129 118 105 95 78 68 60 51 52 41 38 36 31 26 22 21 21 19 17 13 10 7 8 7 7 6 6 5 4 4 3 3 2 2 2 2 2 1 1 1 1 1 1 0 
1 1 1 1 1 2 3 2 2 2 2 3 3 4 5 6 6 8 8 9 9 10 12 14 18 17 21 24 25 23 25 29 34 39 42 52 58 60 68 82 84 91 95 105 124 137 160 176 203 225 257 285 325 360 396 441 493 564 634 707 782 872 991 1134 1261 1435 1585 1814 2029 2254 2521 2801 3094 3416 3835 4263 4739 5257 5846 6428 7065 7762 8482 9235 10074 10932 11863 12865 13928 14949 15982 17023 17916 18852 19810 20686 21467 21930 22229 22498 22646 22628 22447 22176 21575 21016 20244 19395 18454 17430 16466 15424 14364 13244 12154 11106 10148 9235 8338 7541 6810 6074 5467 4869 4327 3862 3390 3039 2679 2356 2098 1855 1634 1440 1261 1108 993 883 767 662 568 500 456 411 367 323 289 255 225 187 159 141 130 101 96 83 74 63 52 49 41 34 31 28 25 25 21 18 16 14 9 9 10 6 4 5 6 6 5 4 3 2 2 3 3 2 1 1 1 1 2 2 2 2 2 2 2 1 0 
1 1 1 1 2 4 5 5 5 5 6 7 10 13 13 16 17 19 19 18 18 22 26 26 28 34 39 44 49 52 58 66 78 91 101 117 128 140 157 185 213 252 275 303 361 414 460 506 579 636 709 797 902 1011 1106 1248 1421 1579 1759 1933 2185 2428 2720 3033 3397 3796 4213 4660 5153 5676 6186 6896 7607 8309 9109 9979 10934 11906 12867 13836 14823 15786 16672 17681 18662 19588 20324 20932 21526 22065 22432 22712 22676 22594 22278 21772 21179 20387 19537 18590 17716 16702 15590 14448 13399 12328 11357 10351 9418 8592 7761 6995 6285 5619 4966 4445 3965 3520 3122 2731 2393 2099 1859 1604 1426 1262 1103 952 825 723 644 590 512 453 396 349 304 281 254 232 208 181 160 133 112 99 84 78 63 56 51 50 47 44 32 30 29 24 17 16 16 13 13 13 12 11 13 14 11 10 9 8 6 5 4 2 2 2 1 1 0 
