1 0 0 0 2 3 0 3 1 3 6 10 1 3 6 8 8 19 15 18 29 19 35 39 47 43 50 70 74 104 136 125 168 188 221 251 319 363 481 570 677 828 840 1084 1311 1516 1765 2050 2326 2631 3060 3406 3676 4009 4262 4669 4796 4867 4998 4844 4558 4276 3990 3495 3060 2614 2300 1892 1534 1211 1058 817 681 550 438 358 256 211 181 164 108 90 79 50 44 38 28 21 17 8 7 8 11 9 8 7 0 1 0 2 1 0 1 1 1 0 0 0 0 0 0 0 0 0 0 0 
1 0 0 0 
1 0 0 0 0 0 0 0 0 3 0 0 3 2 1 0 2 2 4 6 4 7 8 8 7 11 15 17 14 21 26 47 32 47 52 50 70 73 130 140 168 188 202 279 312 377 418 536 666 796 870 1035 1266 1389 1692 2067 2200 2621 2968 3271 3700 3943 4286 4408 4725 4941 4923 4762 4587 4352 4080 3398 3172 2711 2322 1939 1662 1428 1131 899 781 590 474 343 282 256 189 163 134 91 85 67 55 37 31 26 21 13 9 15 10 9 6 2 3 2 2 3 2 0 0 1 0 0 1 0 0 0 0 0 0 0 0 0 0 0 0 
1 2 0 0 0 0 0 0 1 2 0 0 0 1 2 1 2 3 4 3 2 3 10 6 16 8 15 13 21 13 31 39 36 45 62 76 74 105 129 133 161 189 212 254 307 377 443 483 654 739 897 1060 1258 1478 1692 1985 2281 2644 2816 3367 3670 4003 4211 4624 4790 4881 4882 4797 4716 4378 3909 3603 3155 2608 2302 1943 1576 1312 1055 844 703 593 470 384 319 251 200 148 112 116 68 52 64 42 42 26 23 16 13 13 2 6 7 6 7 3 2 3 1 4 1 0 1 1 2 0 1 1 0 0 0 0 0 0 0 0 0 0 0 
1 0 0 0 0 0 0 0 0 0 0 2 1 0 1 1 2 1 0 4 2 1 5 1 5 4 10 6 7 9 7 15 22 27 26 38 24 44 47 49 79 101 99 124 173 191 225 297 301 343 537 601 696 742 916 1096 1226 1463 1798 2088 2366 2602 2969 3316 3636 4140 4480 4546 4759 4898 4795 4908 4480 4345 3847 3425 3031 2734 2240 1949 1557 1340 1029 797 672 564 463 351 268 246 174 134 109 81 85 59 49 41 32 20 10 19 9 10 4 7 8 4 4 2 1 1 0 1 1 1 0 0 0 0 0 0 0 0 0 
1 0 0 0 2 0 1 1 0 1 1 0 2 0 1 3 0 2 5 5 8 4 10 16 14 10 17 14 30 41 45 45 46 59 84 90 132 182 166 203 249 290 322 410 461 561 689 784 990 1085 1319 1462 1739 2005 2381 2662 2982 3405 3821 4163 4312 4582 4798 4878 5017 4635 4501 4290 3881 3443 2960 2716 2265 1900 1607 1243 1027 821 666 534 433 323 272 171 167 119 92 106 64 56 44 34 28 20 13 14 15 11 8 6 9 2 4 3 0 1 2 0 0 1 0 0 0 0 1 0 0 0 0 0 0 0 0 0 
1 0 0 0 0 1 1 1 0 2 1 1 1 2 3 7 5 2 6 12 10 14 17 20 13 24 20 42 52 46 54 77 86 118 128 146 185 210 237 352 357 423 538 603 709 915 960 1183 1420 1606 1975 2168 2511 2911 3228 3480 3871 4273 4530 4815 4959 4951 4819 4765 4303 4096 3534 3223 2870 2437 2047 1678 1407 1172 911 726 607 467 386 295 254 208 137 112 107 80 52 46 37 35 28 18 16 11 6 6 5 4 1 2 2 0 2 2 1 1 0 1 0 0 1 0 0 0 0 0 0 0 0 0 0 0 
1 0 0 2 0 1 0 0 4 1 1 1 6 0 2 4 10 10 4 9 6 9 16 29 32 33 19 43 43 53 62 102 106 124 144 184 226 255 275 307 366 528 544 725 813 970 1079 1255 1643 1773 2055 2330 2675 3017 3409 3863 4155 4409 4638 4863 4861 4895 4783 4667 4159 3901 3359 3000 2533 2173 1834 1466 1185 997 792 657 561 417 346 295 207 172 108 119 88 76 58 45 49 25 21 13 12 10 6 6 8 3 1 2 2 1 2 0 0 1 0 0 1 0 0 0 0 0 0 0 0 0 0 
1 0 0 0 0 0 0 0 0 1 0 0 0 0 0 1 2 1 1 0 1 4 3 5 3 4 5 12 8 8 14 13 19 15 26 28 46 40 28 57 63 74 103 150 139 144 192 202 280 352 400 503 580 605 799 956 1103 1249 1455 1749 2056 2361 2634 3100 3382 3636 3994 4411 4667 4903 4805 4900 4744 4559 4222 3868 3496 3015 2681 2187 1880 1591 1270 1044 870 684 512 488 333 277 210 191 137 112 80 68 75 47 34 27 18 17 16 13 11 5 2 2 6 3 2 1 3 1 0 1 0 0 1 0 0 0 0 0 0 0 0 0 0 
1 0 0 2 3 3 1 2 3 2 2 6 3 7 9 14 8 11 21 19 36 32 38 30 46 58 63 100 106 117 148 191 222 250 311 344 461 526 580 707 818 1029 1182 1446 1720 1861 2112 2504 2861 3165 3482 3887 4172 4550 4888 4824 4918 4744 4560 4414 4101 3704 3289 2844 2330 2072 1760 1355 1140 941 757 631 490 404 338 263 230 138 129 105 70 87 49 39 37 27 26 23 13 10 7 7 6 7 1 5 3 0 1 0 1 0 0 0 0 0 1 0 1 0 0 1 1 0 1 0 0 0 0 0 0 0 0 0 0 
1 0 0 0 0 0 2 0 1 1 0 3 0 1 3 3 6 1 3 7 7 9 10 16 20 23 22 32 32 40 47 71 68 64 73 109 132 147 172 211 231 277 401 406 509 616 713 853 911 1103 1386 1500 1853 2121 2383 2701 3039 3419 3839 4134 4498 4564 4666 4934 4910 4795 4462 4176 3824 3389 3051 2583 2157 1777 1458 1232 1036 801 603 485 413 311 254 216 179 128 101 84 69 38 44 34 33 23 19 16 16 12 5 5 2 4 2 3 6 2 0 1 1 0 0 0 0 0 0 0 0 
1 0 0 0 2 1 0 1 0 2 1 2 4 0 3 2 2 9 5 9 9 14 18 19 24 22 26 43 44 61 62 59 93 108 157 152 184 225 292 339 362 434 544 617 715 870 1026 1201 1413 1729 1975 2249 2592 2728 3174 3477 4034 4363 4516 4612 4833 4825 4810 4692 4371 3899 3727 3303 2777 2406 2015 1679 1419 1091 914 737 628 489 392 306 256 200 160 130 107 68 67 54 53 35 24 23 12 13 13 9 6 3 3 4 2 2 1 1 0 0 2 1 0 0 0 0 0 0 0 0 0 0 0 0 0 
1 0 0 0 0 0 0 1 0 0 0 0 0 0 1 0 0 1 3 3 4 2 4 4 8 9 5 8 11 17 14 14 25 27 35 31 39 33 55 62 86 109 107 167 172 208 237 283 329 400 492 560 684 821 995 1162 1296 1500 1710 2131 2413 2728 3007 3420 3788 4178 4423 4712 4725 4863 4865 4765 4680 4174 3796 3430 2932 2548 2125 1800 1520 1287 980 824 668 555 425 359 258 221 174 162 123 106 69 63 46 28 31 19 30 19 14 7 5 6 4 5 1 0 0 3 1 0 3 0 0 1 0 3 0 0 0 0 0 0 0 0 0 
1 0 0 0 0 0 0 0 0 0 2 1 1 2 2 0 2 2 4 3 6 4 6 8 12 9 8 15 19 18 25 27 41 52 57 76 91 103 107 123 164 210 261 310 346 386 445 594 718 801 887 1168 1303 1546 1822 2099 2350 2637 3094 3497 3913 4028 4490 4687 4868 4853 4919 4692 4536 4058 3841 3587 2985 2578 2202 1763 1406 1231 1007 720 712 500 396 333 258 205 155 121 110 74 70 57 50 31 25 27 16 14 3 8 8 13 6 4 1 3 2 1 5 3 0 0 0 1 0 0 0 0 0 0 1 0 0 0 0 0 0 0 0 0 0 0 
1 0 0 1 1 2 0 1 0 0 1 1 0 5 2 2 1 4 3 6 5 12 9 12 15 15 14 24 31 42 41 40 43 68 86 96 130 129 180 193 228 305 324 380 470 589 704 783 958 1131 1245 1552 1745 2009 2387 2704 2995 3322 3713 4019 4342 4602 4689 4940 4853 4695 4518 4347 3899 3425 3176 2707 2143 1822 1544 1268 1074 869 702 530 409 323 275 245 177 128 119 108 45 59 53 41 25 24 22 13 9 7 3 7 6 3 4 0 1 0 2 1 0 3 1 0 0 0 0 0 0 1 0 0 0 0 0 0 0 0 0 
1 0 0 0 1 1 0 2 0 0 1 2 2 2 4 5 8 5 8 7 9 8 15 18 19 26 29 27 33 38 56 67 78 95 111 125 187 186 231 277 338 378 519 543 635 788 925 1094 1304 1408 1724 2025 2265 2655 2937 3358 3615 4032 4289 4480 4780 4886 4933 4917 4476 4247 3855 3577 3129 2689 2298 1981 1674 1278 1074 864 728 571 434 334 266 238 203 143 123 86 88 63 62 47 33 16 20 15 17 8 5 5 5 4 5 3 1 1 0 0 0 1 1 1 1 0 1 0 0 0 0 0 0 0 0 0 0 0 0 0 0 0 0 
1 0 0 1 0 2 1 0 0 2 6 1 0 3 7 4 8 7 9 9 12 16 15 36 17 36 42 52 56 82 90 113 123 153 172 219 265 333 352 447 555 633 741 912 1093 1227 1459 1595 1840 2241 2582 2941 3156 3571 4054 4382 4623 4815 4905 4797 4851 4650 4394 3964 3628 3202 2736 2287 1988 1640 1359 1052 938 742 587 459 389 291 248 178 158 105 96 77 50 58 40 31 20 18 19 14 11 12 4 7 4 0 2 3 2 1 1 1 0 1 1 0 0 0 1 0 0 0 0 0 0 0 
1 0 0 0 0 0 0 0 0 0 1 1 0 3 2 0 4 1 1 3 1 2 6 7 6 5 5 14 11 15 17 8 24 29 36 36 38 49 74 72 78 81 118 175 199 223 226 317 349 424 537 684 759 844 1019 1197 1414 1641 1923 2194 2685 3041 3283 3718 4061 4145 4642 4800 4901 4946 4966 4595 4231 3933 3619 3112 2713 2257 1926 1598 1364 1074 828 710 598 501 371 316 251 217 155 141 101 95 67 54 30 46 21 27 19 14 13 7 4 4 8 6 1 1 3 0 2 2 3 0 2 2 0 1 0 0 1 1 0 0 0 0 0 0 1 1 0 0 0 0 0 0 0 0 0 0 
1 0 0 0 0 0 0 1 1 0 0 1 1 0 0 1 1 2 3 4 2 1 5 5 6 14 14 12 20 20 26 33 48 46 50 68 68 89 118 150 180 209 212 270 317 348 486 579 650 761 938 1102 1281 1532 1765 2049 2263 2627 2983 3373 3743 4002 4379 4551 4843 4747 4961 4708 4592 4356 4073 3496 3051 2585 2318 1794 1585 1321 1038 845 665 545 449 367 245 216 186 141 121 107 66 68 46 34 27 16 27 21 16 21 9 1 6 4 5 7 1 1 0 2 0 0 0 2 0 0 0 1 0 0 0 0 0 0 0 0 0 0 
1 0 0 0 0 0 0 0 0 0 1 0 0 1 0 0 1 0 0 0 0 0 1 1 1 1 2 0 1 0 1 3 0 1 3 4 4 4 5 7 9 5 10 10 8 24 25 35 30 34 58 54 62 91 85 132 150 159 226 248 298 358 470 523 526 715 794 984 1189 1403 1554 1825 2102 2353 2715 3135 3545 3847 4205 4402 4676 4887 4871 4982 4580 4420 4069 3804 3312 2870 2503 2086 1799 1509 1233 963 818 619 556 434 327 260 228 174 150 120 92 74 54 46 38 35 28 21 16 19 10 9 3 3 4 2 3 5 0 0 0 1 0 1 0 0 0 0 0 0 0 0 0 
1 0 0 0 0 0 1 0 0 0 0 0 0 0 1 0 0 0 0 0 1 2 0 0 1 0 0 1 1 2 2 3 4 3 4 4 7 3 8 11 16 15 18 29 19 30 36 63 58 60 77 102 108 129 167 192 235 308 350 380 457 557 679 836 935 1051 1277 1576 1759 2152 2272 2718 2993 3302 3743 3923 4323 4577 4820 4898 4819 4615 4574 4282 3962 3389 3063 2697 2275 1933 1625 1275 1044 875 665 593 424 373 289 213 155 146 107 101 68 57 48 32 26 17 19 22 13 9 9 5 4 5 2 0 1 1 2 1 0 0 0 0 0 0 0 0 1 0 0 0 0 0 0 0 0 0 0 
1 0 0 0 0 0 0 1 0 0 0 2 0 2 0 1 1 6 3 6 7 6 6 11 11 17 23 23 24 29 57 38 61 58 79 105 131 131 193 212 249 306 321 406 486 574 693 850 902 1105 1305 1569 1825 2114 2361 2737 3001 3374 3711 4173 4239 4687 4853 4940 4868 4666 4444 4177 3874 3396 3088 2633 2091 1810 1556 1199 1018 829 708 516 459 346 289 221 168 161 98 97 84 51 55 39 26 25 15 15 8 13 12 5 6 3 1 5 1 0 0 1 0 0 1 0 0 0 0 0 0 
1 0 0 0 0 0 0 0 0 
1 0 0 0 0 0 0 2 2 0 1 1 0 1 2 2 2 3 5 1 9 10 5 10 12 23 17 27 25 31 46 50 57 80 74 98 98 168 165 252 247 283 344 472 507 607 720 829 974 1138 1373 1616 1866 2168 2494 2777 3119 3521 3714 4010 4484 4620 4786 4765 4839 4722 4526 4048 3724 3396 2864 2555 2139 1837 1466 1165 967 812 639 523 401 325 276 210 184 159 108 86 63 51 51 38 37 24 17 20 18 9 4 5 1 4 4 0 2 3 0 2 1 1 0 0 0 0 0 0 0 0 0 1 0 0 0 0 0 0 0 
1 2 0 0 0 0 0 0 0 1 1 2 2 4 5 5 6 3 6 10 5 6 18 15 14 19 28 20 43 42 46 61 70 105 110 125 174 190 236 260 284 363 403 543 611 654 855 1024 1214 1400 1601 1903 2270 2548 2866 3101 3637 4019 4187 4554 4727 4932 4789 4765 4774 4415 4049 3703 3183 2839 2316 2013 1720 1420 1105 921 793 626 457 385 350 256 174 159 135 104 79 58 50 37 38 17 16 16 15 8 7 19 7 3 5 1 1 3 0 1 1 1 0 0 1 0 0 0 0 0 0 0 0 0 0 1 0 1 0 0 0 0 0 0 0 0 0 0 0 0 0 0 
1 0 0 0 0 0 0 0 0 0 0 3 0 0 2 1 1 1 1 1 0 2 1 0 4 7 2 5 8 3 9 12 16 15 16 24 22 29 29 42 54 64 75 97 101 132 143 182 204 242 310 381 409 520 669 714 865 954 1224 1399 1672 1855 2182 2543 2905 3163 3570 4001 4200 4518 4878 4817 4856 4809 4792 4316 4071 3591 3232 2793 2453 2073 1723 1438 1106 925 714 612 509 382 296 246 192 150 118 91 84 66 63 40 38 24 12 18 15 6 7 6 7 2 1 1 1 2 0 1 0 0 0 1 0 0 0 0 1 0 0 0 0 0 0 0 0 0 
1 0 0 0 1 0 0 0 0 0 0 0 2 1 1 0 0 1 3 0 1 0 1 3 3 4 1 2 5 6 7 9 7 7 11 17 21 17 27 23 39 33 43 62 58 82 115 108 133 190 180 248 289 368 433 496 548 672 833 1012 1113 1280 1561 1752 2067 2365 2647 3065 3435 3749 4036 4365 4677 4754 4950 4846 4712 4466 4230 3874 3421 2999 2567 2134 1846 1525 1288 1034 849 711 537 422 352 253 223 195 139 119 89 73 75 50 30 38 20 24 24 10 11 7 9 2 7 4 3 2 0 0 1 0 1 0 0 0 0 0 0 0 0 1 0 0 0 0 0 0 0 
1 0 0 0 0 
1 0 0 0 1 1 0 1 0 3 1 1 0 1 6 6 6 6 7 4 7 16 12 15 20 25 27 33 26 50 54 70 78 84 92 134 140 163 208 271 325 354 457 517 587 764 886 1050 1215 1396 1659 1929 2188 2485 2830 3281 3622 3958 4266 4463 4758 4855 4902 4854 4664 4441 4024 3627 3208 2826 2401 2019 1702 1353 1123 881 769 623 429 369 318 281 201 171 112 106 94 59 43 31 31 24 19 10 21 7 8 7 6 5 6 3 2 2 1 1 0 0 0 1 0 0 0 0 0 0 0 0 1 0 1 0 0 0 0 0 0 0 
1 0 0 0 0 0 1 1 0 1 0 0 3 3 1 0 0 0 4 2 3 4 5 5 9 3 14 6 8 21 19 23 13 22 42 47 59 46 84 98 84 117 132 180 246 263 306 348 426 538 598 717 857 1003 1151 1385 1586 1965 2162 2499 2851 3252 3564 3849 4276 4565 4747 4832 4810 4806 4625 4365 4083 3723 3247 2810 2481 1984 1685 1478 1193 992 755 619 480 376 280 222 217 185 140 96 99 70 45 39 30 20 15 16 10 8 4 5 3 6 0 2 0 0 3 1 0 1 1 0 0 0 0 0 1 0 0 0 0 0 
1 1 0 0 0 0 0 0 0 1 0 0 1 0 0 0 0 0 0 1 0 0 0 1 1 1 1 0 1 1 3 3 5 3 7 8 9 3 11 7 8 21 23 19 40 46 41 50 61 89 102 101 108 141 202 208 275 313 391 422 567 668 747 889 1052 1238 1445 1765 1957 2217 2580 2961 3287 3706 4154 4388 4656 4721 4848 5030 4788 4680 4347 3906 3563 3086 2660 2338 1860 1636 1332 1065 785 737 545 484 347 291 224 183 145 112 93 75 61 39 36 44 25 27 20 15 9 9 3 6 3 4 3 1 1 0 1 0 1 0 0 0 0 0 0 0 0 1 0 0 0 0 0 1 0 0 0 0 0 0 0 0 0 0 0 0 0 
1 0 0 0 0 0 2 0 1 0 0 5 4 3 2 3 4 6 10 13 9 14 15 20 26 30 40 39 56 55 90 81 110 123 154 165 204 212 283 385 411 489 594 703 829 1009 1140 1329 1524 1817 2145 2432 2783 3063 3456 3778 4133 4385 4698 4758 4885 4834 4772 4526 4171 3688 3365 2962 2529 2194 1818 1484 1240 954 817 670 532 388 349 295 219 158 126 123 80 80 42 37 43 24 21 18 9 6 10 2 1 4 2 2 2 2 2 2 0 1 0 0 0 1 0 0 1 0 0 0 0 0 1 0 0 0 0 0 0 0 
1 0 0 0 0 0 3 1 0 1 0 1 3 1 2 1 0 3 4 0 4 4 2 9 3 8 14 20 16 18 14 21 49 48 60 51 66 80 107 136 156 161 207 271 305 357 404 479 592 722 892 1009 1085 1385 1594 1800 2176 2424 2859 3042 3545 3826 4161 4448 4703 4924 4896 4934 4706 4563 4207 3771 3190 2904 2535 2022 1726 1431 1172 942 761 618 506 382 314 234 217 171 134 93 69 58 41 31 37 17 25 12 17 8 12 5 3 4 1 3 4 3 4 0 0 2 1 0 0 0 1 0 0 0 0 0 0 0 0 0 
1 0 0 0 0 0 0 0 0 
1 0 0 0 0 0 0 1 0 0 0 0 0 1 0 1 0 0 0 1 1 1 1 3 3 1 4 2 3 5 3 13 8 16 13 8 16 19 15 26 48 42 40 64 83 85 93 145 156 166 205 286 327 326 467 542 608 737 849 1085 1305 1466 1714 2020 2258 2614 2855 3346 3709 4001 4453 4733 4833 4783 4869 4862 4598 4284 3964 3400 3226 2701 2226 1985 1550 1302 1080 884 672 538 446 365 323 230 171 149 116 88 80 58 55 33 27 18 25 19 19 8 11 4 8 3 5 1 2 1 1 3 2 0 0 1 0 0 0 0 2 0 0 0 0 0 0 0 0 0 0 0 
1 0 0 0 0 1 2 1 0 2 3 1 4 1 6 4 2 8 8 12 21 14 15 25 31 35 39 46 56 57 63 109 105 132 140 156 215 247 329 330 419 512 605 749 860 1039 1177 1384 1630 1868 2095 2427 2814 3209 3401 3902 4238 4432 4729 4767 4833 4862 4654 4548 4145 3668 3302 2828 2482 2144 1757 1412 1221 991 791 622 476 383 318 262 224 183 125 94 87 66 55 36 33 28 29 18 14 14 5 7 3 6 5 6 3 1 0 0 2 1 1 0 0 0 0 0 0 0 0 0 0 
1 0 0 0 0 0 0 0 0 0 0 0 0 1 0 1 0 2 2 0 2 1 2 5 0 3 5 6 5 5 10 7 11 15 16 23 22 24 31 49 51 51 57 62 100 85 125 139 179 196 282 283 367 382 480 581 730 852 992 1125 1304 1556 1771 2225 2374 2766 3093 3408 3903 4166 4418 4766 4945 4972 4730 4788 4427 4182 3710 3252 3066 2377 2127 1738 1536 1185 946 790 632 476 412 335 237 213 153 119 112 94 66 60 45 30 32 16 21 20 7 7 13 9 4 3 1 6 2 0 0 0 0 0 3 0 0 0 0 1 0 1 0 0 0 0 0 0 0 0 1 0 0 0 0 1 0 0 1 0 0 0 0 0 
1 0 0 0 0 1 0 0 3 1 0 0 0 3 5 4 7 5 8 3 5 12 17 11 21 36 28 32 43 60 71 75 82 121 165 173 183 221 309 317 407 473 567 679 783 955 1059 1240 1438 1723 2031 2310 2662 2934 3320 3641 4011 4276 4484 4790 4883 4974 4870 4511 4165 4043 3528 3099 2697 2168 1980 1599 1341 1008 859 737 581 425 353 244 256 198 145 123 86 76 72 27 33 23 21 14 15 9 10 4 5 3 3 1 4 1 3 2 1 1 1 0 0 3 0 2 1 0 3 1 0 0 0 0 0 0 0 0 0 0 
1 0 0 0 0 0 0 2 0 0 1 0 0 1 2 0 3 3 4 1 2 4 7 5 6 6 4 14 18 18 17 20 27 38 39 71 61 57 80 96 135 165 190 222 265 318 326 431 513 629 699 843 997 1172 1315 1598 1877 2107 2458 2782 3079 3418 3813 4118 4311 4792 4775 4841 4880 4740 4464 4229 3805 3337 2865 2490 2172 1735 1500 1223 956 807 630 495 426 327 262 176 169 113 107 76 77 55 45 32 34 20 24 15 7 10 9 5 6 1 1 3 3 3 0 0 1 0 1 0 1 0 0 0 0 0 0 0 0 0 0 0 0 
1 0 0 
1 0 0 0 0 0 0 0 0 0 0 1 0 0 0 0 0 0 1 3 1 2 4 4 2 7 3 8 7 12 7 19 14 22 35 33 39 45 48 65 83 94 105 133 170 180 217 251 338 403 426 545 594 723 887 1115 1225 1395 1679 1946 2261 2559 2852 3301 3621 3940 4324 4621 4678 4827 4977 4904 4590 4430 4035 3632 3046 2771 2313 1912 1662 1327 1103 897 707 563 473 389 305 225 209 155 108 110 62 65 64 38 35 31 12 23 23 8 8 12 5 3 4 12 3 1 1 1 0 1 0 1 1 1 0 0 0 1 0 0 0 0 0 0 1 0 0 0 0 0 0 1 0 0 0 0 0 0 0 
1 0 0 0 0 0 0 0 1 1 1 0 0 0 0 0 3 2 0 2 1 4 2 6 4 4 7 8 11 15 18 16 27 22 27 38 48 50 77 76 98 128 126 170 183 210 279 323 395 505 600 651 776 954 1172 1286 1525 1794 2064 2383 2746 3081 3404 3768 4150 4530 4603 4906 4911 4928 4842 4454 4222 3846 3435 3006 2557 2160 1818 1445 1260 957 851 638 513 411 331 287 232 162 135 99 99 75 47 39 36 28 15 17 11 7 8 9 3 4 4 0 5 4 0 0 1 0 1 1 0 0 0 1 0 0 0 0 0 0 0 0 0 0 
1 0 0 0 0 0 0 0 1 0 2 0 2 1 5 0 3 0 1 3 4 3 12 10 8 10 12 16 18 15 32 23 36 44 55 71 72 84 120 146 153 185 245 256 308 349 417 514 573 766 845 1048 1198 1416 1652 1876 2200 2492 2840 3215 3576 3914 4158 4462 4668 4884 4837 4774 4644 4362 4177 3680 3254 2871 2416 2067 1671 1415 1171 968 704 645 499 389 336 249 205 170 114 111 85 49 48 46 35 31 19 9 20 9 8 13 2 3 4 1 0 1 3 0 1 0 0 0 1 0 1 0 0 0 0 0 0 0 0 0 0 0 0 
1 0 0 0 0 0 
1 0 0 0 0 0 0 0 
1 0 0 0 0 1 0 0 0 1 2 0 0 0 1 3 1 4 3 3 4 5 6 12 5 14 15 19 17 28 44 35 29 55 58 80 98 114 121 146 165 239 256 349 381 413 555 626 783 892 1072 1286 1463 1690 2041 2258 2557 2850 3281 3674 4032 4269 4566 4712 4859 4995 4791 4661 4333 3944 3536 3174 2849 2274 1957 1625 1354 1141 839 634 609 486 354 294 241 194 155 115 77 95 58 64 38 24 17 25 22 17 15 11 7 6 3 6 2 3 2 3 3 0 1 1 1 0 0 0 1 0 0 0 0 0 0 0 0 
1 0 0 0 0 1 2 2 0 1 1 5 2 1 5 4 4 6 13 9 14 16 27 22 30 30 41 38 52 70 72 88 100 123 150 148 222 236 274 369 422 499 631 713 854 963 1138 1313 1493 1804 2260 2503 2794 3050 3439 3828 4143 4576 4821 4763 4878 4861 4634 4556 4219 3826 3396 2898 2515 2116 1724 1401 1212 955 810 596 509 385 324 244 191 178 122 110 69 62 56 44 44 18 19 14 15 16 14 10 5 6 5 7 1 1 4 1 0 1 0 0 0 1 0 0 0 0 0 0 0 0 0 0 0 0 
1 0 1 1 1 0 0 0 3 1 3 0 0 1 1 6 8 2 5 4 6 7 11 10 20 17 17 18 37 28 45 55 70 73 91 95 136 154 202 208 242 315 340 417 535 597 723 873 985 1207 1388 1683 1862 2111 2439 2913 3134 3426 3940 4207 4607 4799 4822 4886 4811 4575 4638 4061 3645 3237 2875 2365 2071 1708 1425 1170 974 758 625 449 414 313 237 205 164 92 105 79 66 41 26 33 27 23 16 12 18 8 11 8 4 2 3 0 2 2 2 0 2 1 0 0 0 0 1 0 0 0 0 0 0 0 0 0 
1 0 0 0 0 0 1 0 0 0 0 0 0 1 0 2 0 1 1 0 0 2 3 2 2 5 4 2 2 7 7 17 12 10 11 18 45 29 37 37 48 59 98 103 107 139 166 204 243 313 331 425 474 601 719 807 958 1191 1385 1540 1882 2130 2407 2763 2983 3537 3784 4349 4405 4739 4783 4993 4885 4711 4456 4179 3669 3315 2941 2540 2161 1703 1476 1183 1013 756 656 511 430 331 270 189 181 134 109 97 86 41 47 33 29 21 18 12 12 4 5 4 3 7 7 1 2 4 0 0 0 0 0 1 0 0 0 0 0 0 0 0 0 0 0 
1 0 0 0 0 0 2 0 1 3 1 2 2 0 2 3 2 2 6 6 6 5 4 7 6 11 15 12 17 20 20 32 29 38 43 64 62 91 115 134 113 141 188 226 305 322 374 486 606 669 789 961 1044 1288 1498 1772 2019 2242 2665 2899 3293 3717 4103 4312 4667 4894 5015 4892 4750 4493 4429 3849 3444 3131 2660 2194 1838 1545 1261 1079 830 664 552 416 359 276 210 167 140 131 81 85 54 47 33 33 31 21 10 12 7 4 12 6 4 3 2 2 2 1 0 1 1 0 1 1 0 0 0 0 0 0 0 0 0 0 0 0 0 0 0 0 
1 0 0 0 0 0 0 2 1 1 0 2 2 1 5 5 7 6 5 15 9 14 15 15 24 27 39 54 39 66 57 83 87 118 132 181 227 212 279 350 406 491 563 634 798 933 1057 1298 1458 1821 2042 2329 2647 2984 3298 3755 4054 4366 4544 4654 4937 4889 4758 4567 4316 4050 3441 3014 2577 2252 1913 1533 1318 1054 863 710 570 459 370 270 218 172 169 111 104 61 50 40 38 23 37 18 19 15 10 5 4 5 2 4 3 3 0 0 1 0 0 0 0 0 0 0 0 0 0 0 0 
1 0 0 1 2 0 3 3 1 1 3 11 3 5 14 5 14 13 14 20 17 27 36 40 46 48 71 88 88 105 118 146 172 209 263 303 419 432 532 577 685 886 995 1180 1359 1595 1925 2195 2564 2783 3212 3539 3951 4246 4468 4763 4813 4926 4880 4667 4384 4123 3806 3230 2856 2414 2061 1642 1331 1157 892 766 578 527 358 289 269 198 168 116 92 86 70 49 34 35 27 28 18 13 6 5 6 3 1 3 3 2 4 2 1 1 3 2 0 0 0 0 0 0 0 1 0 0 0 0 0 0 0 0 0 0 0 
1 0 0 0 0 0 0 0 0 1 1 0 1 0 0 0 3 3 3 2 7 7 5 3 5 11 11 15 19 20 22 22 31 53 52 53 81 95 108 99 134 167 209 263 295 340 423 473 550 703 799 946 1118 1311 1561 1667 1992 2218 2657 3051 3278 3735 4043 4314 4607 4894 4955 4830 4771 4412 4421 3937 3467 3014 2600 2233 1857 1565 1290 1115 873 736 537 447 353 287 235 174 177 107 106 62 61 57 49 32 25 25 13 17 6 10 6 7 3 4 0 1 2 2 0 0 0 0 1 2 0 1 0 0 0 0 0 0 0 0 0 0 0 
1 0 0 1 1 0 0 0 1 0 1 0 4 2 1 3 0 6 5 9 2 7 1 8 15 12 23 22 22 17 42 48 62 64 56 93 113 121 149 164 187 261 304 345 407 495 509 683 779 957 1082 1301 1507 1752 2111 2348 2593 2933 3353 3800 4098 4412 4608 4748 5005 4912 4710 4575 4305 3841 3468 3097 2569 2184 1827 1508 1288 1012 806 672 513 433 332 298 201 191 135 113 89 63 58 47 39 28 22 16 13 8 9 6 6 9 3 6 0 2 4 2 0 0 2 0 1 3 0 0 0 1 0 0 0 0 0 0 0 1 0 0 0 0 0 0 0 0 
1 0 0 0 0 0 0 0 0 2 0 1 2 1 1 0 1 4 1 4 4 2 3 11 8 10 13 9 11 19 12 22 28 39 37 63 40 62 89 79 102 128 166 177 227 267 315 412 489 539 633 768 923 1082 1217 1425 1712 1934 2306 2636 2880 3340 3599 4091 4322 4610 4738 4897 4874 4743 4619 4336 3894 3527 3028 2681 2328 1956 1638 1316 1047 896 707 568 480 418 302 249 212 139 134 110 99 49 64 41 37 41 14 10 8 6 11 5 8 4 4 4 4 3 2 0 0 1 0 2 1 0 0 1 0 0 0 0 1 0 0 0 0 
1 0 0 0 0 0 1 1 0 0 0 0 1 2 1 0 2 4 1 5 1 6 3 6 4 4 6 14 9 27 19 9 13 24 32 33 52 65 65 80 86 100 132 158 179 247 250 296 364 425 523 645 755 895 1059 1220 1427 1634 1878 2285 2557 2797 3355 3682 3943 4224 4556 4653 4859 4886 4853 4545 4346 4074 3616 3198 2746 2310 1941 1674 1321 1175 937 701 598 504 420 286 276 196 212 114 96 97 67 63 45 27 26 21 17 18 7 8 9 3 8 5 2 3 2 1 0 0 0 0 0 2 1 0 0 0 0 0 0 0 0 0 0 0 0 0 0 0 0 
1 0 0 0 0 0 0 1 0 1 0 0 1 0 2 2 0 1 2 2 4 3 2 7 6 5 15 14 17 23 21 30 25 47 50 51 59 66 92 117 135 172 198 238 264 362 389 443 552 606 813 907 1082 1215 1416 1804 2012 2289 2669 2994 3295 3632 4032 4268 4651 4756 4867 4918 4782 4573 4306 3971 3495 3206 2615 2298 1876 1632 1304 1107 882 650 592 438 327 302 215 198 157 103 87 65 51 37 25 16 29 21 9 13 8 12 6 6 6 1 1 2 3 0 2 2 2 0 0 0 0 0 0 0 0 0 0 
1 0 0 0 0 2 1 4 3 1 2 7 1 2 9 9 15 11 16 14 13 17 22 31 32 44 50 57 70 82 103 120 143 155 218 277 309 352 384 547 605 751 847 982 1163 1357 1581 1862 2118 2498 2830 3076 3568 3860 4283 4471 4656 4830 4990 4726 4712 4519 3952 3742 3352 2887 2429 2017 1782 1404 1189 964 767 615 482 425 333 242 222 161 133 107 93 73 47 49 30 33 18 14 15 13 9 7 3 4 2 3 4 1 0 0 1 0 0 3 0 1 0 0 0 0 0 0 0 0 0 0 1 0 0 0 0 0 0 0 0 0 0 0 0 0 
1 0 0 0 0 0 0 0 1 1 1 0 0 0 0 0 4 4 1 3 4 4 6 7 8 7 9 7 16 17 9 17 25 31 28 37 45 47 64 67 79 110 121 145 160 210 218 277 369 397 488 611 652 823 986 1171 1309 1556 1849 2117 2373 2749 3090 3493 3820 4079 4393 4674 4946 4865 4845 4750 4558 4116 3783 3463 2851 2560 2139 1748 1459 1235 945 841 648 543 436 342 264 216 164 122 105 93 51 59 52 37 25 23 14 18 15 8 10 9 8 3 2 2 0 2 3 2 1 2 0 0 0 0 0 0 0 0 0 0 0 0 0 
1 0 0 0 0 0 0 1 0 1 1 0 0 0 0 1 2 3 5 5 1 1 3 6 8 10 9 8 12 14 12 30 26 34 42 61 57 87 111 100 118 172 190 222 277 309 390 450 576 643 691 948 1033 1265 1406 1676 1992 2294 2581 2851 3280 3568 4046 4259 4433 4900 4822 4796 4809 4593 4416 3909 3681 3124 2713 2386 2034 1605 1365 1110 892 740 582 470 371 314 204 179 167 111 88 79 73 51 41 36 22 19 16 13 6 5 5 5 4 1 5 1 0 0 0 0 1 0 0 0 0 0 0 0 0 0 0 0 
1 0 0 0 0 0 0 0 0 0 
1 0 0 1 1 0 0 0 1 3 1 2 0 0 0 1 2 4 5 5 3 5 9 8 7 12 11 29 22 28 37 35 52 48 55 69 108 120 132 165 174 210 241 299 359 434 505 626 714 882 1031 1147 1423 1646 1815 2120 2459 2837 3215 3639 3937 4213 4514 4695 4993 4878 4974 4701 4401 4107 3731 3234 2775 2342 1990 1671 1419 1132 926 726 618 508 390 311 261 213 138 128 106 91 65 34 43 26 26 23 13 10 10 8 4 9 7 4 3 1 0 2 1 1 0 1 0 1 1 0 0 0 0 0 0 0 0 0 0 
1 0 0 0 1 2 1 0 1 0 2 2 4 1 5 3 3 3 6 9 12 7 17 14 23 16 20 33 29 42 41 57 68 65 92 131 132 142 186 200 293 300 354 423 518 619 688 833 959 1159 1423 1655 1874 2184 2352 2675 3088 3550 3843 4191 4450 4665 4937 4869 4863 4522 4518 4112 3726 3351 2925 2440 2079 1717 1466 1248 928 769 658 533 397 333 265 196 151 140 119 85 71 51 24 38 26 26 20 12 8 10 9 7 6 1 1 1 2 0 3 4 3 0 1 0 1 1 1 0 0 0 0 0 0 0 0 1 0 0 0 0 
1 0 0 0 0 0 0 1 1 1 0 0 1 3 1 1 2 1 3 3 7 4 7 9 8 9 12 15 25 20 34 40 53 48 72 77 87 106 125 157 167 191 255 298 373 442 522 557 681 839 962 1123 1332 1644 1832 2108 2435 2832 3169 3500 3850 4020 4427 4747 4906 5007 4835 4605 4504 4119 3693 3296 2972 2514 2082 1809 1471 1091 971 789 642 519 399 320 228 213 181 126 102 88 57 53 36 44 24 27 23 12 12 11 5 5 5 4 3 3 3 0 3 0 2 2 2 0 0 0 0 0 0 0 1 0 1 0 0 0 0 0 0 0 0 0 0 
1 0 0 0 1 0 0 0 0 0 1 1 3 1 1 1 5 3 8 6 5 5 7 12 12 17 21 25 26 42 50 62 52 84 75 111 135 189 182 224 309 325 349 468 540 655 773 906 1127 1258 1502 1721 1982 2337 2585 2973 3358 3667 4009 4244 4666 4770 4980 4887 4646 4468 4311 3874 3373 3114 2635 2363 1832 1648 1318 1079 869 729 586 475 339 335 240 185 177 132 107 96 63 45 42 30 24 17 18 12 14 5 7 2 5 8 2 2 1 1 2 1 2 0 1 1 0 0 0 0 0 0 0 0 
1 0 0 0 1 2 1 1 1 2 1 3 6 2 3 5 9 10 11 8 10 10 18 25 31 24 40 42 34 64 76 102 108 128 176 188 212 261 323 387 462 516 657 749 848 1026 1200 1503 1657 1955 2181 2570 2866 3270 3618 3988 4275 4547 4742 4856 4939 4886 4645 4316 3926 3599 3238 2753 2410 1911 1685 1319 1096 874 764 597 441 335 306 258 191 171 128 97 84 59 37 39 34 20 11 23 14 14 7 2 4 6 2 5 2 1 3 0 1 0 0 0 0 0 0 1 0 0 0 0 0 0 0 
1 0 0 0 0 0 0 0 0 1 0 0 3 0 0 2 1 2 3 3 3 2 4 7 10 11 10 16 21 15 22 28 41 38 63 62 70 92 109 125 147 169 191 274 321 375 469 523 664 704 901 1112 1229 1469 1670 1992 2275 2629 3049 3289 3602 3868 4291 4718 4796 4830 4910 4759 4642 4431 3932 3536 3128 2754 2270 1882 1680 1360 1046 929 686 559 463 350 318 226 186 158 137 102 76 45 49 36 27 28 16 25 11 10 10 3 6 2 3 1 3 0 3 3 2 1 1 0 1 0 1 0 0 0 1 0 0 0 0 0 0 
1 0 0 0 0 
1 0 0 0 0 2 0 0 0 1 1 5 0 0 5 3 5 4 5 9 6 12 13 11 12 19 19 22 27 27 40 52 55 69 64 80 102 142 167 191 196 276 295 340 455 551 609 740 847 1005 1173 1369 1570 1900 2268 2409 2707 3171 3514 3920 4258 4481 4709 4782 4912 4824 4617 4618 4063 3689 3278 2848 2438 2067 1831 1420 1156 950 744 623 493 377 301 244 220 154 124 108 90 72 52 40 36 28 25 19 16 6 4 2 4 8 4 5 2 1 0 1 0 0 1 0 1 0 0 1 0 0 0 0 0 0 0 
1 0 0 0 0 0 2 0 0 0 0 1 1 2 1 0 3 3 4 4 0 5 1 3 6 10 12 10 6 14 24 12 11 28 25 37 45 63 68 77 83 100 107 139 172 202 264 325 381 470 470 615 735 907 1029 1122 1419 1543 1964 2200 2487 2859 3231 3545 3887 4181 4550 4759 4892 4815 4928 4742 4343 4138 3583 3203 2812 2480 2104 1713 1390 1128 924 748 622 451 394 303 236 191 166 139 95 66 71 52 38 23 18 20 14 10 7 10 3 5 2 4 2 2 2 1 0 0 1 1 0 0 0 0 1 0 0 0 0 0 0 0 0 0 0 0 0 0 0 0 
1 0 1 1 1 0 0 1 0 3 3 1 5 1 4 7 7 10 10 11 5 21 19 16 32 26 32 49 53 56 65 73 124 132 150 174 204 220 315 351 420 476 666 719 880 959 1241 1318 1567 1828 2172 2563 2779 3204 3498 3881 4185 4333 4751 4785 4853 4879 4771 4384 4155 3736 3293 2871 2524 2031 1750 1384 1211 950 775 626 531 392 311 258 216 188 109 110 71 76 69 46 31 35 16 13 15 21 10 7 6 5 5 4 1 0 0 0 1 1 1 1 1 0 0 0 1 0 0 0 0 0 0 1 0 0 0 0 0 
1 0 0 0 0 0 3 0 1 0 1 1 1 0 1 0 1 1 3 6 1 4 4 5 4 8 12 11 14 25 16 19 26 34 36 41 31 50 58 86 97 104 132 166 172 234 253 301 412 486 545 642 770 910 1049 1216 1510 1613 1977 2210 2568 2980 3286 3647 3979 4271 4472 4741 4886 4785 4812 4696 4276 3975 3610 3165 2796 2293 1882 1636 1330 1109 876 756 616 470 362 287 239 222 146 130 85 89 76 50 36 36 25 21 13 8 14 12 6 4 1 4 3 2 2 0 1 1 0 0 1 0 0 0 0 0 0 0 0 0 0 
1 0 0 0 2 0 1 2 0 0 3 1 2 8 4 1 2 6 9 8 8 10 14 24 23 17 21 30 50 54 54 68 94 110 123 156 179 200 228 307 356 396 503 571 737 798 1011 1154 1311 1484 1794 2089 2392 2677 3132 3499 3801 4142 4365 4718 4869 4948 4847 4668 4532 4128 3791 3392 3001 2595 2156 1732 1494 1189 1020 835 656 552 410 336 264 216 176 140 95 97 66 56 48 33 26 14 9 17 15 12 4 9 4 2 2 2 1 2 2 1 2 0 1 0 0 0 0 0 0 0 0 
1 0 0 0 2 0 1 1 0 1 0 2 2 4 2 2 5 4 8 3 5 9 15 18 20 27 25 32 33 45 53 75 86 107 119 140 178 216 258 310 374 417 534 594 710 838 1037 1173 1440 1632 1922 2173 2451 2796 2995 3523 3863 4204 4587 4598 5019 4891 4728 4736 4462 4107 3727 3274 2853 2453 1988 1763 1433 1176 972 775 599 490 397 315 296 211 167 129 110 103 83 57 59 33 32 15 16 15 13 4 8 5 8 3 1 2 3 3 2 0 0 0 1 0 1 2 0 0 0 0 0 0 0 0 0 0 0 
1 0 0 0 2 1 0 0 1 0 0 3 4 3 4 2 1 2 7 2 2 6 6 9 13 11 12 15 21 28 31 32 43 56 73 65 79 118 121 149 175 222 268 310 374 435 517 644 798 912 1028 1331 1432 1775 1958 2235 2649 3035 3222 3699 3962 4276 4709 4896 4885 4808 4821 4491 4266 4065 3548 3214 2573 2291 1876 1680 1313 1114 834 723 550 464 348 302 219 185 152 111 96 74 55 50 43 32 15 21 16 24 9 7 10 7 3 1 4 2 2 0 0 1 2 1 0 1 0 0 0 0 0 0 0 0 0 0 0 0 0 0 
1 0 0 0 0 0 0 1 1 0 3 0 1 2 0 0 1 4 2 3 2 3 1 5 6 13 5 11 7 17 14 15 21 35 32 52 44 69 73 85 99 139 165 169 222 269 321 371 478 522 647 756 899 999 1188 1421 1665 1974 2221 2529 2917 3226 3488 3882 4296 4500 4824 4884 4912 4742 4758 4303 4107 3672 3175 2792 2307 2005 1651 1331 1103 887 806 607 454 394 333 246 184 153 124 105 63 77 62 50 27 25 28 19 13 16 10 6 3 6 6 1 4 2 1 0 1 3 0 0 1 1 1 0 0 0 0 1 0 0 0 0 0 0 0 
1 0 0 0 0 0 
1 0 0 0 0 2 0 0 1 1 1 0 0 0 3 3 2 3 4 9 11 9 10 14 12 18 14 26 21 36 34 49 50 63 108 107 117 131 166 206 258 316 325 417 527 588 713 826 1023 1217 1322 1629 1789 2180 2303 2705 3139 3385 3848 4211 4463 4470 4847 4921 4824 4723 4446 4129 3848 3241 3079 2515 2215 1719 1505 1205 1054 792 661 521 435 336 284 220 177 130 101 83 76 44 39 40 30 26 8 6 12 9 7 4 7 4 0 2 2 2 1 1 0 0 1 0 0 0 0 0 0 0 0 0 0 0 0 
1 0 0 0 0 0 0 0 0 0 
1 0 0 0 0 0 0 1 0 0 0 0 2 0 3 0 0 1 2 2 1 3 6 10 5 7 3 14 8 20 22 16 29 31 50 36 63 63 69 78 118 153 167 183 244 287 316 412 515 601 694 768 948 1089 1305 1575 1786 2085 2333 2722 2933 3310 3706 4078 4212 4516 4790 4878 4825 4643 4604 4204 3942 3450 3165 2600 2354 1877 1558 1284 1014 812 689 553 435 360 296 239 143 160 112 99 64 64 41 34 33 22 23 18 11 10 11 7 7 5 2 1 3 0 2 3 0 0 1 0 0 0 0 1 0 0 0 0 0 0 0 
1 0 0 0 1 1 1 2 0 1 0 0 1 1 3 1 0 7 3 4 2 2 4 6 6 13 9 6 9 9 17 17 17 16 28 36 67 55 54 53 90 80 123 146 191 208 271 293 368 411 476 606 751 910 998 1169 1359 1678 1889 2165 2391 2757 3207 3640 3866 4104 4434 4710 4795 4886 4894 4748 4463 4224 3640 3237 2857 2469 2088 1734 1405 1153 949 768 655 532 411 312 247 213 169 137 104 75 69 42 60 31 29 21 19 19 5 11 3 13 7 6 3 2 2 2 1 1 1 2 3 0 0 1 1 2 0 0 0 1 0 0 0 0 0 0 1 0 0 0 0 0 0 0 0 0 0 
1 0 0 0 1 0 0 0 2 2 0 2 2 4 5 6 3 8 5 14 9 17 11 23 25 37 29 41 60 60 75 88 108 105 150 194 229 283 314 383 447 538 624 737 899 1015 1275 1456 1695 1925 2201 2615 2813 3273 3618 4023 4309 4563 4713 4797 4836 4960 4660 4279 4018 3635 3194 2800 2409 1997 1610 1383 1092 872 763 598 465 350 273 252 217 174 100 109 88 47 46 29 30 27 18 12 10 6 10 3 5 0 3 3 3 0 1 0 0 1 0 0 0 0 0 0 0 0 0 
1 0 0 0 
1 0 0 0 0 0 0 0 0 1 0 1 2 2 1 1 1 1 4 6 3 8 3 6 9 9 8 9 17 24 22 20 32 34 34 54 56 81 81 77 124 124 161 189 225 263 315 406 478 520 657 779 935 960 1224 1480 1711 1976 2306 2510 2903 3240 3611 3957 4360 4430 4795 4791 4973 4905 4534 4263 4011 3570 3119 2727 2351 1903 1629 1382 1117 855 728 560 490 339 337 225 198 164 117 104 69 64 48 51 39 41 15 16 13 15 4 7 4 3 2 3 7 1 1 1 1 0 0 0 1 0 0 0 0 0 0 0 0 0 0 
1 0 0 0 0 0 1 2 0 2 3 1 1 2 4 5 5 5 3 5 9 10 7 12 14 23 27 32 36 35 51 55 81 84 102 113 159 170 194 253 294 371 412 475 576 711 824 940 1131 1240 1600 1873 2154 2478 2713 3109 3432 3840 4015 4448 4771 4898 4847 4783 4761 4390 4194 3846 3358 2978 2502 2157 1870 1500 1247 983 752 622 526 430 340 276 223 159 126 113 91 65 47 46 38 36 22 21 20 15 5 6 6 4 3 4 1 1 2 3 0 0 0 1 0 0 0 0 0 0 
1 0 0 0 0 0 0 0 1 0 0 0 0 0 0 2 1 1 0 2 1 2 5 2 2 7 7 6 9 10 15 13 21 26 29 35 35 57 62 69 103 108 118 132 196 221 280 313 385 414 524 621 787 867 1017 1217 1378 1716 1926 2189 2546 2843 3220 3527 3997 4217 4524 4809 4944 4788 4812 4692 4358 4021 3713 3210 2769 2406 2036 1612 1376 1124 920 786 614 443 382 296 267 203 152 141 100 78 72 46 37 29 14 21 18 16 8 12 9 5 3 2 0 1 3 0 2 0 0 1 1 0 0 1 0 0 0 0 0 0 0 0 
1 0 0 0 0 0 1 0 0 2 1 3 1 1 4 1 9 3 7 8 5 23 7 18 21 22 24 45 40 48 60 70 71 96 100 132 167 192 230 288 302 366 465 575 673 802 962 1067 1287 1483 1762 2000 2229 2588 2907 3282 3691 3955 4375 4460 4826 4933 4944 4757 4571 4361 3908 3583 3088 2691 2301 1846 1572 1392 997 827 712 586 442 397 283 225 160 152 120 91 82 61 40 31 29 31 14 12 10 7 10 4 8 4 3 1 2 1 2 1 0 1 0 0 0 0 0 0 0 0 0 0 0 0 0 0 
1 0 0 0 0 0 0 0 0 0 1 1 0 1 2 1 2 2 3 4 4 2 5 7 11 14 14 17 11 19 20 37 43 34 61 67 83 88 107 123 150 152 213 250 301 327 425 482 577 645 794 1004 1079 1323 1553 1801 2151 2336 2760 3071 3355 3821 4102 4439 4563 4906 4950 4814 4580 4539 4185 3809 3435 3000 2556 2131 1873 1493 1217 1013 829 664 529 469 345 273 214 188 140 118 105 68 51 51 41 22 24 12 11 9 4 7 5 5 5 3 3 3 1 0 2 2 1 0 1 0 0 1 0 0 0 0 0 0 0 0 0 
1 0 0 0 0 0 1 0 0 2 2 0 0 1 0 6 1 1 3 6 4 7 13 14 8 7 9 11 22 25 36 42 35 33 51 73 76 118 124 144 164 205 214 243 330 398 471 537 674 770 917 1086 1312 1422 1616 1964 2221 2563 2883 3192 3602 4038 4153 4456 4507 4818 4761 4763 4587 4379 4049 3624 3117 2829 2351 1973 1655 1426 1214 950 717 639 501 391 322 256 193 179 135 110 77 57 53 36 39 25 21 21 13 9 9 6 7 2 3 4 0 0 0 0 0 0 0 1 0 0 0 0 0 0 0 0 0 0 
1 0 0 2 0 2 1 0 1 3 7 5 7 5 6 11 13 10 21 19 29 23 31 50 43 59 61 57 77 100 144 168 208 204 262 303 367 428 546 662 781 892 1062 1236 1543 1763 1889 2233 2604 3089 3346 3664 3902 4299 4398 4784 4832 4944 4854 4580 4235 3907 3578 3170 2792 2302 1981 1615 1355 1056 878 687 623 462 353 283 253 197 149 139 103 74 68 50 34 34 26 28 11 22 8 9 7 6 5 4 5 3 3 3 0 2 0 1 2 0 0 0 0 0 0 0 0 0 0 
1 0 0 0 0 1 1 0 0 2 3 0 0 1 7 3 7 8 7 9 9 10 10 20 25 28 33 31 51 47 72 63 86 119 131 196 183 232 247 320 369 427 522 708 798 958 1073 1240 1499 1766 2002 2351 2688 2933 3293 3645 4177 4376 4511 4792 4878 4873 4854 4660 4375 3989 3510 3131 2649 2263 1869 1550 1240 1064 899 681 545 456 372 314 219 184 136 128 129 81 53 60 35 30 23 16 10 9 6 12 8 6 7 1 7 2 1 0 0 1 1 1 0 0 0 0 1 0 0 0 0 1 0 0 0 0 
1 0 0 0 0 0 1 0 0 0 0 
1 0 0 1 0 1 1 0 1 1 6 2 2 4 2 1 4 9 6 7 7 12 12 13 26 22 30 46 38 36 50 66 75 96 120 138 187 172 224 263 323 400 439 522 677 774 905 1101 1190 1489 1766 1971 2236 2557 2844 3227 3639 3919 4263 4575 4741 4854 5050 4707 4618 4353 3942 3530 3152 2623 2403 2001 1629 1432 1073 898 686 568 476 360 323 234 213 168 118 106 89 70 68 38 40 20 18 13 11 7 15 9 3 4 2 7 5 1 0 2 0 0 0 0 1 0 0 0 0 0 0 0 0 
1 0 0 0 0 0 0 0 0 0 
1 0 0 0 0 0 0 0 0 
1 0 0 1 1 1 0 2 1 4 3 2 1 4 6 9 12 10 11 17 17 26 22 35 37 60 60 53 87 104 112 144 164 194 272 314 362 394 465 566 741 814 982 1215 1352 1606 1844 2048 2436 2735 3101 3560 3855 4156 4324 4679 4823 4803 4913 4625 4509 4252 3794 3441 2897 2544 2187 1755 1482 1191 994 797 624 506 387 298 276 203 172 143 122 84 75 55 51 43 32 18 26 19 14 10 7 3 2 3 4 0 0 0 1 1 0 0 0 0 0 0 0 1 0 0 0 0 0 0 0 0 0 0 
1 0 0 0 0 0 0 1 3 1 0 0 2 5 1 4 3 3 3 2 5 7 7 12 11 9 8 18 18 22 27 29 37 42 49 72 66 99 123 134 141 176 190 259 302 371 463 556 649 739 874 1044 1188 1481 1671 1972 2287 2629 2847 3227 3562 3790 4318 4514 4749 4931 4944 4825 4681 4418 4058 3624 3093 2745 2384 2015 1594 1408 1141 870 769 573 465 409 284 245 188 154 141 103 86 52 54 34 25 22 18 13 12 9 10 6 5 2 4 4 2 1 2 3 1 1 1 1 0 0 0 0 1 0 0 1 0 0 0 0 0 0 0 0 0 0 0 0 
1 0 0 0 0 0 0 0 1 0 1 0 0 0 0 0 4 2 2 1 3 1 3 4 6 5 8 12 15 16 23 22 32 29 48 48 65 69 96 99 129 144 198 191 254 271 398 416 548 630 701 847 983 1206 1365 1629 1872 2161 2396 2813 3263 3569 4032 4289 4601 4789 4851 4789 4859 4686 4456 4133 3619 3253 2816 2363 2081 1669 1433 1145 899 740 583 454 415 316 249 211 150 127 109 76 67 40 32 25 27 15 21 12 9 7 5 4 2 6 1 1 3 1 2 1 1 1 0 1 0 0 0 1 0 0 0 0 0 0 0 
1 0 0 0 0 0 0 0 0 1 0 0 0 0 0 2 0 0 0 0 0 0 0 0 2 1 3 0 0 0 3 4 1 3 7 7 9 7 13 21 8 17 30 31 37 48 55 69 75 86 104 142 127 188 221 264 323 390 431 569 706 793 911 1039 1267 1508 1652 1957 2259 2522 2968 3258 3610 4118 4402 4470 4775 4999 4896 4828 4655 4332 3985 3535 3091 2663 2332 1951 1569 1290 1073 897 713 553 475 373 275 223 188 155 107 109 80 58 45 48 31 22 16 14 9 11 7 9 5 3 0 1 4 2 0 0 1 0 0 0 0 0 1 0 1 0 0 0 0 0 0 0 0 0 0 
1 0 0 0 0 0 0 1 1 0 0 0 0 1 0 1 0 0 0 0 1 3 1 5 3 3 3 1 4 8 4 9 5 6 20 9 15 15 17 27 37 29 57 51 66 92 107 111 115 156 183 247 273 309 395 508 552 625 782 908 1066 1249 1460 1715 2037 2393 2554 2901 3398 3683 3928 4345 4533 4841 4917 4823 4698 4553 4298 3946 3582 3218 2784 2324 1928 1506 1311 1096 872 718 571 460 320 304 219 210 147 122 90 79 56 48 42 27 26 14 15 9 8 6 6 2 4 3 2 3 3 1 0 1 0 0 0 0 0 0 0 0 0 0 0 0 0 0 0 
1 0 0 0 0 0 0 0 0 1 2 1 2 1 0 0 1 1 2 2 2 5 6 6 8 4 9 15 14 23 17 19 33 25 38 42 57 62 75 88 98 112 156 177 234 258 273 340 445 521 600 720 899 1033 1176 1357 1655 1947 2209 2468 2795 3282 3635 3997 4297 4644 4668 4792 4940 4832 4707 4446 4027 3687 3192 2764 2455 1980 1692 1402 1088 870 759 618 476 362 297 232 208 164 118 115 82 84 42 39 33 33 14 13 13 10 8 10 4 3 0 2 1 2 0 1 1 0 0 0 0 0 0 0 0 0 0 0 
1 0 0 0 0 4 0 0 3 1 2 3 4 1 6 8 2 11 24 12 17 14 22 21 24 60 44 55 65 84 97 117 170 164 237 248 295 352 446 493 648 733 826 1035 1106 1439 1590 1930 2148 2539 2798 3216 3493 3813 4247 4547 4667 4905 4881 4981 4678 4406 4063 3688 3252 2864 2508 2094 1620 1399 1178 963 729 626 497 388 304 259 215 151 142 99 83 58 58 52 17 20 19 16 6 9 9 11 3 3 6 2 3 1 1 2 1 0 1 0 1 0 0 1 0 0 0 0 0 0 0 0 0 0 
1 0 0 0 0 1 1 0 2 0 0 4 0 1 0 2 4 1 5 5 5 5 11 8 10 18 8 16 20 22 37 27 38 35 55 75 70 116 118 141 149 206 244 296 355 413 488 521 720 820 965 1173 1319 1568 1853 2008 2353 2767 3062 3538 3780 4100 4351 4657 4824 4920 4836 4785 4399 4155 3943 3396 2996 2511 2088 1729 1570 1241 1023 793 656 568 435 320 283 231 191 129 110 80 76 71 33 36 34 24 25 14 5 12 8 3 5 2 4 1 0 0 0 0 1 0 0 1 0 1 0 0 0 0 0 0 0 0 0 0 
1 0 0 0 0 0 0 1 1 0 0 1 0 1 2 2 1 2 5 7 2 7 4 6 9 12 12 12 16 22 26 36 34 52 66 70 68 95 122 147 189 206 252 304 343 414 487 600 734 881 992 1166 1351 1585 1872 2161 2435 2829 3159 3478 3886 4198 4425 4629 4772 4797 4804 4826 4486 4059 3698 3360 2949 2467 2152 1757 1458 1217 1017 767 613 504 400 337 282 218 180 116 89 88 58 60 40 35 28 16 13 13 15 12 4 6 4 2 3 2 1 2 1 1 0 1 2 1 0 0 0 0 0 0 0 0 0 
1 0 0 0 0 0 0 0 0 0 0 1 2 0 2 2 0 2 2 2 1 5 7 2 10 8 13 14 16 20 28 29 27 48 56 65 85 87 95 118 188 192 221 266 302 357 421 485 634 768 920 1033 1211 1379 1606 1923 2259 2547 2725 3117 3609 3950 4187 4446 4708 4778 4965 4746 4635 4405 4097 3708 3194 2794 2508 2064 1681 1395 1148 959 779 636 498 365 309 229 203 156 125 104 64 79 50 37 27 29 15 10 16 10 7 8 6 3 4 2 3 1 0 1 0 0 0 0 0 0 0 0 0 
1 0 0 0 0 1 0 1 0 2 1 1 2 0 0 0 1 0 4 10 5 5 5 10 9 9 19 19 15 18 26 37 28 58 51 62 76 121 125 184 157 195 237 303 350 412 496 597 653 820 909 1148 1293 1591 1740 2048 2412 2761 3056 3456 3808 4179 4423 4744 4864 4966 4894 4755 4443 4110 3826 3392 2921 2463 2209 1795 1538 1229 1032 768 641 554 422 363 283 240 156 134 107 84 63 49 41 45 31 19 10 12 8 12 5 7 5 4 4 2 1 2 0 2 0 1 0 0 1 0 1 0 0 0 0 1 0 0 0 0 0 0 0 0 
1 0 0 0 0 0 0 2 0 0 0 1 3 1 3 5 2 2 2 9 8 9 7 13 12 18 15 26 42 43 36 49 65 88 83 101 140 156 171 209 281 302 390 471 542 632 748 940 1009 1294 1500 1630 1897 2289 2589 2877 3290 3544 3877 4474 4678 4831 4739 4864 4755 4679 4343 3996 3655 3238 2714 2317 1907 1603 1366 1073 894 704 616 480 364 314 217 190 151 107 117 66 70 45 46 34 28 15 16 12 10 4 8 4 2 4 4 1 2 2 0 0 0 0 0 0 0 0 0 1 0 0 0 0 0 0 0 0 0 0 0 0 0 0 0 0 0 
1 0 0 0 0 0 0 0 0 1 0 2 2 5 0 1 0 3 3 5 8 11 7 14 2 14 16 24 20 20 32 44 48 54 53 77 77 112 116 148 177 227 251 314 405 467 527 569 773 852 1037 1248 1450 1661 1897 2287 2481 2881 3322 3557 3877 4189 4492 4878 4861 4947 4821 4537 4285 4051 3609 3341 2819 2338 2056 1666 1382 1127 904 722 600 422 383 291 249 203 148 134 106 69 63 42 38 38 26 21 15 15 10 13 6 4 5 1 1 2 1 5 3 3 1 2 2 0 0 0 0 1 0 0 0 0 0 0 0 0 0 0 
1 0 0 0 0 1 1 0 5 1 0 0 3 0 4 5 3 4 6 7 14 15 14 18 18 32 26 37 48 59 59 104 100 124 154 188 242 256 312 373 439 521 619 776 867 1029 1228 1409 1654 1931 2157 2500 2853 3341 3552 3964 4396 4596 4733 4775 4899 4954 4671 4393 3838 3616 3296 2728 2455 1955 1709 1379 1203 918 700 607 457 370 326 228 194 169 122 91 69 50 66 31 31 27 21 21 13 14 8 12 7 8 2 1 1 1 2 1 0 1 0 0 0 0 0 0 0 0 
1 0 0 0 0 0 0 0 1 1 0 0 0 0 0 0 1 0 3 2 0 0 2 1 2 1 1 6 2 3 5 7 2 7 13 14 14 13 25 35 34 32 46 62 66 78 82 115 121 166 184 237 264 331 400 426 535 610 725 890 1111 1187 1443 1717 1937 2186 2641 2790 3302 3581 3840 4197 4537 4717 4757 4791 4806 4697 4372 4168 3553 3226 2773 2369 2044 1650 1324 1072 922 780 630 447 362 336 230 188 168 125 97 75 62 66 40 27 29 29 18 21 14 7 10 4 5 3 2 5 4 1 1 3 0 1 0 1 0 0 0 0 0 0 0 0 0 0 0 0 0 0 0 0 0 
1 0 0 0 0 0 1 1 2 0 0 4 4 1 1 3 3 1 5 2 3 11 3 12 7 12 11 13 18 25 24 31 42 47 39 57 76 113 105 108 156 183 195 265 303 375 456 526 600 734 856 1110 1179 1452 1645 1882 2211 2484 2875 3178 3613 3942 4228 4535 4638 4889 4948 4885 4635 4247 4135 3652 3199 2693 2470 2071 1705 1329 1135 907 749 595 505 397 320 236 219 164 128 121 81 54 57 41 25 20 19 26 16 11 12 8 9 4 2 3 4 1 0 3 0 3 0 1 1 0 0 0 0 0 0 0 0 0 0 0 0 0 0 0 
1 0 0 0 0 0 0 0 
1 0 0 0 0 0 1 2 0 2 0 1 3 1 1 1 5 2 4 4 1 8 7 9 11 12 12 15 23 23 30 38 43 47 58 87 82 93 118 153 177 197 261 285 334 426 477 624 675 828 1009 1185 1395 1536 1961 2189 2374 2811 3232 3487 3803 4149 4453 4725 4834 4887 4764 4857 4392 4131 3841 3403 2907 2406 2069 1819 1447 1187 977 760 626 503 386 330 231 217 175 129 98 96 63 47 54 38 28 15 13 14 8 6 3 4 4 3 0 2 0 3 0 0 2 0 0 0 0 0 0 0 0 0 0 0 0 0 0 
1 0 0 0 0 0 0 0 0 1 0 0 0 1 0 2 4 2 2 1 3 0 3 5 2 4 9 10 11 14 20 26 24 21 31 53 39 51 78 89 110 116 144 183 197 258 282 338 433 527 583 739 837 919 1123 1346 1540 1784 2045 2472 2693 3012 3405 3786 4122 4373 4480 4876 4985 4786 4646 4516 4148 3904 3392 3027 2529 2165 1854 1500 1197 1059 780 637 546 396 325 306 213 145 136 127 86 71 52 41 29 24 16 16 14 7 9 13 5 1 1 3 3 0 2 2 1 1 0 0 1 0 0 1 0 0 0 0 0 0 0 0 0 0 
1 0 0 0 0 0 0 0 0 2 1 0 0 1 1 0 2 1 3 3 5 3 6 4 4 7 7 16 15 17 25 25 25 29 61 60 50 67 88 117 114 140 182 209 263 288 351 423 516 605 705 797 1008 1146 1393 1535 1850 2219 2380 2764 3051 3598 3812 4194 4383 4860 4724 5009 4790 4652 4558 4124 3622 3402 2884 2467 2126 1754 1466 1165 956 773 627 504 407 352 266 234 166 138 118 89 67 55 57 41 30 16 15 20 12 10 7 5 6 1 1 2 3 3 2 0 0 1 0 0 0 1 0 0 0 0 0 0 0 0 
1 0 0 0 0 0 0 0 0 0 
1 1 0 0 1 0 0 0 0 1 2 1 2 0 6 2 4 1 7 3 6 13 12 19 19 21 26 26 25 38 44 58 70 72 87 113 110 161 216 224 265 320 382 384 507 605 790 872 1013 1258 1376 1634 1863 2229 2554 2839 3214 3625 3889 4273 4621 4732 4787 4830 4852 4577 4488 4195 3634 3316 2721 2325 2038 1642 1379 1119 895 732 611 472 380 310 260 204 152 119 118 89 39 60 33 33 39 26 19 13 15 14 3 4 4 1 2 2 2 0 1 1 2 1 1 1 0 0 0 0 1 0 0 0 1 1 0 0 0 0 0 0 0 0 
1 0 0 0 0 0 0 0 0 0 1 2 0 1 3 0 2 5 1 3 1 1 9 4 16 9 20 22 19 17 19 43 57 49 45 80 75 100 117 149 168 229 255 304 353 458 511 597 703 893 1030 1173 1350 1689 1890 2220 2532 2795 3247 3520 3927 4335 4510 4697 4831 4992 4795 4750 4370 4047 3655 3193 2816 2345 2072 1682 1363 1124 1065 771 619 480 419 301 243 201 163 125 113 88 76 48 43 34 34 23 22 13 7 6 14 6 3 2 2 3 2 0 1 2 1 1 0 0 0 1 1 0 0 1 0 0 0 0 0 0 0 0 0 0 0 0 0 
1 0 0 0 0 0 3 2 1 0 2 1 3 4 4 4 4 9 4 2 8 8 19 14 18 15 25 40 45 40 38 63 68 91 120 121 129 175 208 270 293 372 435 511 583 732 838 1017 1247 1360 1612 1914 2122 2501 2711 3102 3562 3926 4204 4460 4786 4760 4870 4899 4641 4519 4009 3720 3214 2978 2468 2097 1720 1441 1181 958 751 649 522 384 345 279 188 147 130 111 79 71 54 41 35 27 16 16 12 6 11 10 6 1 1 0 0 2 2 1 0 0 0 0 0 0 1 0 0 0 1 0 0 0 0 0 0 
1 0 0 0 0 0 0 1 1 0 1 0 0 0 0 4 2 3 3 3 0 6 7 9 12 8 9 16 14 27 29 29 45 42 47 60 71 96 98 135 133 179 181 229 284 353 430 508 629 705 806 1003 1180 1394 1471 1876 2200 2450 2848 3142 3537 3886 4146 4523 4674 4725 4912 4929 4774 4640 4247 3768 3295 2845 2385 2089 1704 1441 1142 966 798 653 469 382 312 269 184 144 127 98 104 63 51 43 35 32 19 25 14 11 8 9 3 3 4 2 6 3 0 0 0 0 1 1 0 0 0 0 0 0 0 0 0 0 
