1 1 1 1 3 6 6 9 9 10 16 26 24 27 32 37 43 60 73 85 107 120 150 182 214 243 283 339 387 464 569 664 789 940 1099 1285 1531 1800 2187 2628 3144 3779 4416 5255 6254 7435 8749 10259 11963 13855 16001 18356 20844 23406 26011 28898 31594 34050 36272 38088 39273 39997 40101 39341 38028 36251 34022 31306 28467 25525 22632 19696 16927 14373 12075 10100 8378 6884 5620 4666 3737 3020 2419 1955 1549 1255 998 778 631 500 393 298 244 190 162 135 105 79 61 51 41 36 28 24 16 11 7 7 5 4 3 3 3 3 1 0 
1 1 1 0 
1 1 1 1 1 1 1 1 1 4 4 4 7 9 10 10 11 11 15 19 23 28 35 39 44 54 64 79 90 101 123 167 186 221 258 296 348 394 504 621 748 894 1048 1264 1512 1798 2103 2528 3043 3626 4285 5083 6052 7085 8323 9906 11551 13440 15557 17863 20375 22892 25588 28135 30774 33432 35650 37457 38876 39584 39828 39092 37941 36333 34142 31585 28962 26137 23363 20468 17697 15148 12818 10729 8972 7490 6153 5042 4086 3271 2654 2149 1724 1383 1103 892 706 584 464 376 296 250 204 156 119 98 71 55 46 36 26 22 15 12 8 5 5 4 4 4 2 2 2 1 1 1 0 
1 3 3 2 2 2 2 2 3 4 4 4 3 4 6 7 9 11 14 16 16 18 28 32 44 50 61 71 86 94 123 156 186 220 269 326 384 467 572 664 788 930 1084 1276 1487 1784 2121 2477 2991 3545 4219 5042 5994 7108 8364 9867 11541 13464 15447 17817 20337 22995 25608 28468 31129 33625 35870 37590 39133 39930 40013 39522 38307 36521 34281 31629 28742 25800 22892 20048 17276 14830 12556 10549 8737 7211 5940 4824 3920 3171 2595 2085 1684 1386 1148 916 721 595 476 376 294 238 193 153 124 106 86 72 58 47 41 32 31 22 14 13 12 10 9 7 7 6 4 4 4 4 2 1 0 
1 1 1 1 1 1 1 1 1 1 1 3 3 3 4 5 7 8 8 12 13 11 16 17 20 23 33 37 40 48 54 65 83 107 124 154 170 207 247 283 343 421 494 597 745 891 1056 1307 1529 1781 2207 2693 3222 3800 4485 5304 6205 7292 8667 10214 11942 13834 15896 18185 20610 23336 26281 28965 31581 34137 36235 38083 39191 39855 39848 39144 37783 35967 33738 31234 28443 25540 22513 19722 17032 14532 12347 10301 8498 7043 5702 4656 3754 3011 2465 1985 1581 1285 1028 827 641 515 414 328 253 206 170 142 116 90 66 54 39 31 25 20 15 13 12 7 3 2 2 1 0 
1 1 1 1 3 3 4 5 4 5 6 6 7 7 8 9 9 9 14 19 26 28 37 51 64 72 86 97 123 155 190 222 261 307 371 443 547 695 826 978 1160 1386 1625 1941 2292 2724 3280 3856 4605 5391 6380 7485 8789 10249 12029 13913 16062 18467 21055 23772 26385 29183 31797 34182 36393 38008 39167 39790 39796 38999 37578 35813 33701 31109 28269 25321 22425 19598 16820 14407 12137 10093 8335 6802 5566 4522 3637 2957 2361 1879 1489 1189 953 767 608 481 386 295 247 199 168 130 112 97 77 62 49 38 32 25 20 15 9 7 5 3 3 2 2 2 1 1 1 0 
1 1 1 1 1 2 3 4 4 5 6 7 8 10 13 19 22 24 29 37 46 56 71 88 95 112 129 164 207 240 278 339 405 503 598 709 859 1020 1192 1468 1739 2069 2483 2940 3467 4164 4902 5797 6859 8064 9557 11112 12909 15014 17323 19694 22224 25008 27779 30598 33251 35603 37426 38996 39756 40051 39623 38624 36977 34847 32304 29581 26694 23901 20865 18127 15527 13176 11079 9140 7537 6221 5039 4057 3265 2646 2118 1675 1322 1046 841 682 525 410 330 256 206 164 126 97 79 63 52 39 33 26 18 17 13 10 11 10 9 7 6 4 4 3 1 1 1 0 
1 1 1 3 3 4 3 3 7 8 9 10 16 16 17 21 30 37 37 44 47 56 70 93 119 144 155 185 218 257 311 392 479 566 677 829 1001 1200 1403 1627 1892 2295 2709 3272 3892 4643 5419 6346 7615 8946 10441 12116 14003 16158 18566 21230 23902 26654 29370 32067 34516 36640 38401 39659 40098 39920 39007 37635 35746 33408 30738 27766 24924 22027 19162 16520 14103 11863 9959 8282 6752 5516 4453 3642 2926 2357 1897 1509 1204 957 781 616 480 386 317 254 191 137 112 91 76 57 43 28 17 13 9 5 5 5 3 2 2 2 2 2 1 1 0 
1 1 1 1 1 1 1 1 1 2 1 1 1 1 1 2 4 5 5 5 6 10 13 16 19 23 27 36 44 49 61 70 85 97 116 140 178 205 224 272 315 372 454 574 687 787 939 1080 1298 1557 1874 2277 2727 3179 3789 4497 5332 6245 7343 8650 10176 11919 13843 16039 18374 20769 23335 26147 28981 31808 34171 36269 37972 39210 39810 39783 39166 37806 36058 33693 30984 28271 25450 22477 19567 16883 14400 12233 10155 8402 6899 5649 4647 3759 3017 2428 1956 1553 1275 1027 829 661 526 426 324 262 216 171 132 105 83 63 50 42 33 21 19 10 9 8 6 4 4 2 2 2 1 1 0 
1 1 1 3 6 9 9 11 14 15 16 21 23 29 35 44 52 60 78 95 129 154 181 201 236 278 326 406 489 580 694 848 1018 1205 1443 1720 2072 2470 2915 3441 4059 4865 5741 6840 8142 9511 11048 12863 14911 17184 19538 22045 24758 27510 30445 32922 35354 37174 38519 39428 39764 39433 38547 36978 34812 32382 29727 26740 23850 20938 18088 15612 13232 11119 9266 7692 6409 5213 4282 3472 2757 2249 1811 1465 1172 945 758 625 494 378 305 247 201 155 124 102 87 66 47 37 28 22 17 14 7 5 5 4 3 3 3 4 5 5 4 4 3 2 2 2 2 2 2 2 0 
1 1 1 1 1 1 3 3 3 4 4 7 7 6 9 11 17 18 21 28 33 39 46 59 79 96 110 138 161 190 227 282 333 373 419 505 605 719 844 1004 1180 1398 1718 2034 2424 2892 3451 4078 4745 5569 6595 7709 9115 10669 12378 14266 16411 18745 21324 24023 26897 29554 32034 34466 36634 38271 39362 39839 39695 38978 37629 35638 33255 30570 27774 24811 21818 18990 16271 13746 11562 9633 7988 6531 5348 4298 3456 2778 2227 1800 1452 1143 936 757 616 496 391 327 257 216 162 129 104 89 70 55 42 37 27 23 19 16 12 6 5 1 0 
1 1 1 1 3 4 3 4 4 5 6 8 11 10 12 14 16 23 27 34 43 55 71 86 107 120 139 174 211 259 314 354 429 509 642 755 903 1071 1295 1544 1830 2158 2585 3034 3576 4214 5016 5911 6976 8295 9744 11396 13233 15148 17363 19784 22464 25291 27979 30545 33082 35342 37249 38644 39488 39624 39295 38360 36731 34628 32166 29370 26480 23456 20624 17899 15433 13123 11017 9164 7593 6254 5123 4207 3390 2718 2208 1786 1453 1145 897 720 570 451 355 283 222 177 142 116 87 63 57 37 27 23 18 14 11 7 6 5 4 2 2 2 2 1 1 1 0 
1 1 1 1 1 1 1 2 1 1 1 1 1 1 2 2 2 2 5 8 12 14 18 21 29 36 39 45 53 68 76 85 105 125 153 176 196 217 267 317 385 476 571 704 834 987 1163 1385 1640 1958 2301 2737 3266 3908 4663 5522 6522 7616 8868 10476 12249 14196 16325 18659 21226 23956 26681 29451 31976 34424 36541 38277 39520 39941 39845 39041 37569 35667 33303 30662 27836 24964 22006 19026 16350 13917 11747 9853 8133 6762 5579 4566 3683 3022 2461 1996 1616 1315 1066 836 676 534 413 316 251 200 146 115 98 74 55 45 35 30 29 22 19 16 13 13 11 7 6 6 4 4 4 2 0 
1 1 1 1 1 1 1 1 1 1 3 4 5 7 9 8 10 11 14 17 23 26 30 35 45 48 53 67 83 97 115 136 167 208 257 322 395 473 557 650 775 947 1146 1395 1653 1960 2285 2748 3297 3901 4579 5480 6448 7604 8959 10504 12208 14092 16298 18761 21397 24039 26861 29613 32286 34622 36680 38331 39542 39876 39804 39122 37703 35777 33464 30832 27860 24958 21968 18985 16351 13862 11628 9675 7965 6524 5348 4297 3445 2795 2276 1836 1450 1148 907 711 572 458 358 290 232 189 143 116 91 81 64 52 48 42 34 31 24 20 14 10 5 3 1 1 2 2 1 1 1 1 1 1 1 1 1 0 
1 1 1 2 3 5 5 5 5 5 5 5 5 10 12 13 13 17 19 24 29 40 45 54 67 78 88 107 135 170 196 227 261 316 386 456 561 659 793 939 1120 1361 1594 1888 2247 2705 3252 3819 4536 5392 6335 7534 8816 10298 12076 14038 16122 18380 20924 23489 26154 28834 31394 33958 36118 37755 38893 39654 39577 38807 37646 36038 33874 31279 28379 25467 22503 19659 16972 14378 12014 10032 8369 6918 5608 4554 3714 3011 2419 1950 1577 1278 998 789 637 506 406 319 263 207 162 131 108 81 63 53 46 38 30 27 20 14 11 11 7 6 3 3 2 1 1 1 1 1 1 1 0 
1 1 1 1 2 3 3 5 4 4 5 7 8 8 12 17 25 29 36 42 47 54 66 79 91 112 137 158 179 208 251 304 366 439 518 617 766 900 1092 1306 1575 1852 2250 2673 3137 3729 4426 5271 6252 7285 8556 10075 11725 13652 15701 18044 20444 23086 25843 28537 31210 33723 35967 37859 38971 39628 39622 39181 37991 36268 34140 31584 28865 25794 22882 20027 17264 14795 12524 10416 8620 7055 5867 4764 3859 3134 2509 2032 1628 1333 1072 855 694 543 451 363 289 221 165 129 105 82 60 43 38 31 24 20 17 13 12 10 11 10 5 3 2 1 1 1 1 1 1 1 1 1 1 1 0 
1 1 1 2 2 4 4 4 4 6 12 11 11 14 21 23 30 37 44 51 57 72 83 113 125 152 185 227 275 341 411 501 593 720 845 1008 1216 1478 1752 2113 2540 3040 3606 4323 5147 6046 7123 8303 9594 11275 13161 15297 17551 19954 22662 25448 28281 30968 33563 35730 37714 39091 39850 40012 39568 38354 36650 34498 31925 29214 26242 23294 20347 17547 15102 12809 10763 8964 7398 6022 4899 4004 3236 2596 2071 1628 1317 1054 831 663 542 435 332 273 209 174 143 110 86 68 56 45 37 28 20 15 9 7 6 5 5 4 3 3 2 2 2 0 
1 1 1 1 1 1 1 1 1 1 2 3 3 6 7 7 11 11 12 14 14 15 20 26 30 33 36 48 57 69 80 81 97 124 151 181 211 247 301 353 414 472 561 702 860 1040 1215 1464 1726 2049 2480 3017 3603 4219 5004 5896 6951 8159 9606 11229 13260 15485 17824 20310 23028 25646 28479 31256 33809 36057 37934 39168 39785 39934 39399 38216 36595 34158 31585 28800 25854 22824 20000 17207 14833 12611 10628 8869 7367 6075 4977 4063 3245 2665 2158 1754 1429 1161 924 753 607 510 411 323 257 202 160 132 103 86 69 51 37 29 25 20 16 16 15 14 11 10 7 7 7 7 6 5 4 2 3 4 4 3 2 2 2 2 2 2 1 0 
1 1 1 1 1 1 1 2 3 3 3 4 4 3 3 4 5 7 9 13 15 16 20 24 28 42 56 65 83 99 124 151 186 224 259 309 362 425 522 643 793 948 1101 1321 1563 1814 2196 2638 3150 3714 4415 5261 6237 7386 8697 10195 11856 13747 15861 18196 20740 23359 26123 28850 31574 34017 36299 37955 39145 39739 39879 39324 38053 36155 33905 31149 28356 25528 22574 19669 16958 14441 12249 10270 8476 6992 5740 4641 3820 3112 2483 1998 1575 1225 1000 798 654 520 418 361 298 235 192 147 119 106 86 70 53 44 34 28 23 22 14 11 8 6 3 3 3 3 1 1 1 1 1 0 
1 1 1 1 1 1 1 1 1 1 2 2 2 2 2 2 3 3 3 2 2 2 2 3 4 5 7 6 7 6 7 10 9 9 12 15 17 18 22 28 37 37 47 54 60 80 102 130 150 179 227 269 322 395 458 562 682 790 973 1170 1396 1680 2053 2437 2829 3398 3996 4731 5630 6708 7846 9227 10764 12455 14399 16630 19136 21666 24365 27044 29760 32485 34890 37011 38336 39304 39561 39461 38583 37078 35055 32739 30175 27350 24473 21660 18754 16108 13800 11621 9670 8063 6671 5433 4431 3607 2941 2386 1945 1541 1239 1003 811 674 543 449 374 294 233 181 148 118 88 74 57 48 34 34 28 21 13 10 9 3 3 2 2 1 0 
1 1 1 1 1 1 2 2 2 2 1 1 1 1 1 1 1 1 1 1 2 4 3 3 4 3 3 4 5 7 7 10 13 15 19 23 28 31 36 46 58 69 86 110 123 147 173 221 270 313 368 452 530 627 766 917 1098 1350 1617 1898 2244 2675 3193 3849 4543 5343 6309 7495 8785 10420 12048 14026 16103 18404 20868 23388 26116 28843 31446 33845 36012 37630 38885 39567 39553 38733 37592 35955 33779 31241 28530 25537 22574 19764 17109 14707 12421 10384 8596 7067 5754 4681 3833 3060 2473 2000 1559 1238 972 775 616 510 425 335 270 213 173 126 97 79 64 53 44 33 24 16 14 8 7 5 5 4 4 3 3 2 2 1 1 1 1 1 0 
1 1 1 1 1 1 1 1 1 1 1 3 3 5 5 6 6 12 15 19 24 28 34 44 52 65 85 104 124 145 190 210 261 300 361 442 550 656 804 975 1166 1402 1642 1961 2323 2765 3286 3947 4606 5451 6445 7604 8975 10530 12233 14233 16344 18692 21163 23881 26447 29203 31900 34409 36463 38086 39162 39549 39538 38690 37416 35587 33129 30542 27812 24866 22053 19269 16630 14185 11974 10001 8353 6875 5648 4614 3769 3106 2523 2019 1653 1317 1040 850 661 534 423 347 273 210 175 136 107 93 69 54 40 30 23 19 13 10 9 4 3 2 0 
1 1 1 1 1 1 1 1 0 
1 1 1 1 1 1 1 3 5 5 6 6 6 7 9 11 13 15 18 19 27 36 40 48 55 74 88 111 131 158 195 236 281 344 390 467 542 672 803 1007 1190 1400 1675 2045 2440 2894 3435 4066 4792 5629 6650 7876 9273 10857 12685 14637 16868 19308 21755 24273 27070 29708 32267 34520 36476 38123 39243 39576 39343 38490 37004 35111 32785 30300 27485 24443 21625 18735 16135 13774 11551 9660 8040 6606 5419 4414 3596 2913 2332 1869 1536 1227 1001 802 638 504 407 332 263 212 171 133 110 88 71 49 35 31 25 19 17 14 12 10 7 5 4 4 3 2 2 2 2 2 2 1 0 
1 3 3 2 2 2 2 2 2 3 4 6 8 12 17 21 25 27 32 39 42 46 57 69 80 94 117 129 158 190 226 280 331 417 511 599 736 893 1072 1268 1478 1771 2059 2468 2934 3402 4067 4869 5806 6859 8037 9472 11163 13033 15089 17215 19709 22399 25044 27808 30528 33108 35273 37196 38727 39663 39863 39600 38478 36895 34636 32149 29422 26558 23703 20871 18187 15575 13205 11045 9191 7665 6289 5167 4206 3377 2750 2210 1813 1433 1120 904 708 572 454 354 289 237 191 155 128 96 75 63 47 36 23 18 15 13 12 6 3 3 3 3 2 2 2 2 1 2 2 2 2 2 2 2 1 1 1 1 1 1 1 1 1 0 
1 1 1 1 1 1 1 1 1 1 1 3 3 3 5 6 6 6 7 7 7 8 9 7 10 17 17 21 26 28 37 47 63 76 87 106 121 138 161 189 231 282 340 413 488 603 705 849 1005 1194 1440 1741 2046 2438 2961 3489 4170 4901 5827 6870 8113 9484 11077 12943 15026 17212 19664 22370 25101 27852 30688 33177 35335 37263 38864 39650 40018 39585 38609 36911 34741 32335 29611 26785 23783 20924 18113 15491 13114 11039 9217 7663 6246 5074 4137 3298 2649 2112 1727 1369 1079 871 706 576 440 333 268 207 167 131 95 68 56 46 33 26 16 15 13 11 7 7 5 5 5 5 4 4 3 3 3 3 1 0 
1 1 1 1 2 2 1 1 1 1 1 1 3 4 4 4 4 5 6 5 6 6 7 8 11 15 14 15 20 25 31 36 41 45 54 67 86 97 117 133 165 185 221 265 312 373 462 541 650 799 939 1139 1365 1660 1986 2366 2750 3268 3897 4678 5504 6462 7626 8923 10465 12178 14048 16250 18621 21150 23743 26385 29302 31882 34336 36389 38043 39137 39735 39711 38826 37447 35569 33241 30650 27851 25043 22090 19326 16669 14232 12044 10109 8362 6915 5651 4645 3695 3022 2426 1989 1608 1306 1071 851 688 567 460 372 292 245 182 153 121 96 77 63 54 36 30 22 13 11 9 7 5 1 1 1 1 1 1 1 1 1 1 0 
1 1 1 1 0 
1 1 1 1 2 3 3 4 3 6 7 8 8 9 12 18 23 27 33 33 40 53 64 78 95 116 136 160 175 210 251 307 367 438 504 606 714 832 989 1208 1470 1733 2086 2481 2932 3508 4195 5036 5951 6941 8164 9608 11222 13000 15040 17357 19857 22458 25185 27872 30581 33145 35472 37391 38798 39795 39996 39397 38399 36863 34818 32413 29606 26644 23607 20634 17924 15296 12934 10868 9145 7644 6254 5140 4113 3326 2668 2166 1742 1395 1099 895 701 557 439 338 256 203 163 132 122 99 80 60 47 34 30 23 17 12 9 7 6 5 5 5 3 2 3 3 3 3 3 2 2 2 1 0 
1 1 1 1 1 1 2 3 3 4 4 4 7 8 8 7 7 6 10 12 13 16 21 26 32 35 49 49 55 74 89 107 113 125 159 202 241 278 352 423 486 577 684 820 1012 1212 1442 1721 2044 2452 2927 3503 4149 4898 5755 6797 7971 9487 11085 12902 14932 17229 19628 22215 24929 27736 30382 32941 35158 37116 38534 39365 39763 39420 38406 36903 34776 32313 29610 26846 23941 21098 18340 15731 13270 11168 9321 7683 6385 5196 4237 3397 2760 2222 1777 1415 1129 883 718 566 451 363 285 227 178 129 95 76 60 41 34 25 15 15 14 11 9 7 7 5 5 4 3 1 1 0 
1 2 2 2 1 1 1 1 1 2 2 2 3 3 2 2 1 1 1 1 1 1 1 2 3 4 5 5 5 6 9 12 17 20 25 31 38 39 47 51 57 74 91 105 141 183 211 245 295 365 450 524 605 716 872 1033 1256 1492 1797 2114 2557 3074 3653 4320 5131 6051 7139 8479 9912 11518 13414 15535 17793 20359 23142 25985 28794 31408 33856 36114 37946 39350 40060 39990 39471 38238 36463 34279 31653 28761 25843 22887 19845 17294 14681 12450 10444 8651 7191 5897 4783 3857 3125 2524 2027 1614 1300 1066 854 698 565 449 357 282 218 179 144 111 90 72 54 42 31 22 20 12 11 7 5 2 2 2 2 3 2 2 1 1 1 2 2 1 1 1 1 1 1 1 1 1 1 1 0 
1 1 1 1 1 1 2 2 3 3 3 8 12 13 13 16 19 25 34 46 54 66 78 96 116 141 170 198 245 284 355 408 498 589 704 828 972 1131 1355 1673 1991 2365 2824 3364 3958 4741 5615 6640 7739 9092 10710 12472 14461 16607 18951 21481 24154 26866 29616 32163 34541 36683 38361 39448 39924 39526 38713 37307 35393 33091 30348 27483 24559 21642 18892 16268 13884 11746 9843 8251 6810 5579 4563 3656 2962 2353 1866 1448 1191 945 749 593 466 344 268 205 155 118 104 80 60 47 40 26 20 13 11 9 7 7 6 4 4 4 3 2 2 2 2 2 2 2 2 1 1 0 
1 1 1 1 1 1 4 4 4 5 4 4 7 8 10 10 9 10 14 13 17 20 20 27 28 32 45 64 75 90 99 115 162 198 246 279 334 397 478 583 707 831 998 1213 1443 1704 2012 2378 2831 3403 4098 4844 5640 6671 7839 9182 10779 12571 14657 16724 19211 21746 24425 27161 29882 32521 34916 37071 38757 39826 40290 40019 38898 37430 35332 32861 30094 27181 24106 21218 18457 15881 13444 11291 9444 7702 6397 5205 4177 3363 2676 2211 1770 1399 1116 885 687 539 421 331 267 219 176 143 109 95 82 65 55 36 31 29 23 19 12 10 9 9 7 6 4 3 3 2 1 0 
1 1 1 1 1 1 1 1 0 
1 1 1 1 1 1 1 2 1 1 1 1 1 2 2 2 2 2 2 3 4 5 6 9 11 10 14 16 17 22 25 38 43 57 63 68 81 92 102 124 166 200 229 280 345 407 480 598 722 841 995 1227 1490 1736 2120 2508 2955 3540 4193 5048 6065 7178 8458 9951 11620 13501 15495 17913 20415 23095 25931 28788 31517 33932 36033 37957 39265 39933 40077 39331 38250 36389 34008 31508 28650 25703 22824 19937 17205 14665 12403 10450 8694 7135 5825 4747 3825 3056 2470 1981 1592 1304 1053 844 685 557 441 360 280 231 181 137 109 87 73 61 47 38 30 26 18 14 12 11 8 5 4 4 4 4 3 2 2 2 2 1 1 0 
1 1 1 1 1 2 3 4 4 6 9 9 12 12 18 19 21 28 36 47 63 73 84 105 131 157 189 216 257 301 340 434 514 615 718 830 994 1181 1441 1695 2007 2408 2874 3465 4113 4913 5799 6819 8025 9400 10924 12702 14739 16981 19286 21869 24665 27371 30128 32605 34929 36979 38383 39561 39978 39595 38569 37018 34955 32662 30060 27154 24129 21195 18409 15840 13468 11346 9483 7902 6563 5379 4353 3457 2830 2254 1815 1463 1194 938 765 610 484 383 298 235 190 152 122 112 88 70 51 45 35 25 21 16 13 9 8 7 3 2 2 2 0 
1 1 1 1 1 1 1 1 1 1 1 1 1 2 1 2 2 4 6 6 8 9 11 15 13 16 18 22 27 31 38 45 54 65 77 98 114 132 154 196 230 269 307 357 433 497 591 695 832 976 1194 1411 1692 1975 2338 2785 3342 3989 4737 5603 6568 7745 9031 10707 12416 14407 16589 18933 21602 24303 27040 29891 32581 34978 36864 38397 39382 39921 39619 38636 37402 35290 32850 30211 27301 24307 21376 18648 16101 13669 11548 9596 7909 6511 5318 4365 3535 2876 2299 1836 1470 1152 922 728 595 481 376 304 249 208 170 143 109 88 67 55 46 33 26 19 17 15 13 12 9 6 4 4 4 4 2 2 2 1 1 1 2 1 1 1 1 2 2 2 3 3 2 1 1 0 
1 1 1 1 1 2 2 2 5 6 6 6 5 8 12 16 22 27 34 37 40 50 63 73 91 121 141 163 200 247 309 363 424 525 658 795 932 1100 1341 1585 1922 2278 2699 3218 3807 4555 5303 6230 7306 8576 10107 11744 13698 15791 18081 20483 23174 25794 28498 31223 33651 35991 37786 39126 39684 39739 39122 37854 36158 33852 31380 28557 25664 22660 19765 17259 14823 12426 10355 8549 7061 5814 4782 3889 3135 2508 2024 1585 1255 989 791 649 507 395 310 234 194 158 127 91 74 55 43 33 29 27 26 19 17 15 14 13 13 9 12 10 10 8 7 5 4 3 2 1 1 0 
1 1 1 1 1 1 1 3 3 3 3 3 3 4 5 5 8 11 13 13 14 18 24 27 33 39 40 53 68 84 97 109 130 157 191 247 293 335 395 471 588 722 865 1029 1229 1473 1703 2031 2425 2912 3422 4066 4819 5710 6667 7904 9270 10839 12565 14540 16721 19033 21605 24264 26819 29687 32264 34645 36759 38416 39400 39876 39560 38615 37224 35344 33007 30323 27472 24468 21454 18683 16100 13690 11574 9639 8025 6540 5381 4318 3509 2797 2308 1841 1462 1162 945 772 649 515 404 325 263 208 167 128 98 80 65 49 37 25 22 15 15 13 9 6 5 4 3 2 1 1 1 1 1 1 0 
1 1 0 
1 1 1 1 1 1 1 1 1 1 1 2 1 1 1 1 1 1 2 5 6 8 12 15 16 23 26 32 38 47 52 70 80 96 126 154 181 218 253 304 369 442 524 622 750 868 1029 1221 1485 1798 2123 2524 2982 3516 4217 5082 5996 7031 8312 9760 11418 13248 15330 17672 20121 22697 25447 28222 30845 33373 35710 37575 38971 39791 39978 39432 38178 36553 34354 31750 29106 26282 23389 20435 17691 15161 12775 10685 8884 7346 6023 4941 3983 3245 2634 2133 1717 1358 1093 883 698 566 479 370 302 240 192 148 127 109 82 62 51 46 37 28 23 19 14 11 11 8 8 7 7 7 5 4 4 4 5 3 3 1 1 1 1 2 2 2 1 1 1 1 0 
1 1 1 1 1 1 1 1 2 3 3 3 3 3 3 3 6 7 7 8 9 13 14 19 21 24 30 37 48 59 74 86 110 127 146 176 217 253 313 369 444 554 646 764 906 1063 1290 1531 1832 2239 2709 3211 3801 4525 5453 6432 7576 8912 10462 12192 14148 16355 18699 21287 23984 26811 29560 32302 34688 36762 38497 39630 40096 40021 39209 37744 35842 33429 30804 27771 24934 21923 19151 16395 13936 11745 9850 8168 6710 5452 4445 3582 2947 2387 1883 1495 1177 964 761 601 473 357 287 227 181 150 115 96 80 64 44 38 32 23 14 11 9 7 6 4 3 2 2 1 1 1 1 1 1 0 
1 1 1 1 1 1 1 1 2 2 4 4 5 6 10 10 12 12 13 16 19 22 31 39 43 50 61 70 86 96 124 141 167 204 250 307 356 424 515 635 752 896 1087 1294 1510 1773 2082 2460 2882 3483 4114 4918 5798 6868 8122 9510 11128 12935 14996 17309 19697 22292 24915 27659 30237 32705 34886 36773 38286 39246 39770 39526 38538 36890 34943 32416 29660 26760 23864 21005 18159 15640 13274 11132 9319 7726 6368 5258 4300 3489 2776 2215 1805 1464 1159 919 736 566 452 364 298 239 184 143 107 95 72 54 39 35 30 24 16 13 10 9 6 6 6 4 3 2 2 2 1 1 1 1 0 
1 1 1 1 1 0 
1 1 1 1 1 1 1 0 
1 1 1 1 1 2 2 2 2 3 5 4 3 3 4 7 8 12 15 18 19 24 29 39 43 55 68 82 97 117 150 177 201 234 280 344 425 517 598 712 839 1035 1233 1515 1809 2126 2556 3042 3644 4324 5152 6116 7218 8499 9961 11590 13439 15392 17711 20273 22965 25684 28390 31074 33553 35888 37747 39105 39859 39792 39129 38072 36496 34227 31763 28884 26139 23228 20294 17415 14970 12687 10629 8844 7264 5943 4818 3923 3130 2543 2069 1686 1383 1108 887 716 571 466 391 298 246 204 163 130 112 92 71 67 50 36 32 26 22 17 17 12 7 6 5 2 1 1 1 1 0 
1 1 1 1 1 2 4 5 5 6 7 12 14 14 18 22 25 29 42 47 57 72 95 113 136 157 189 211 250 309 363 423 498 593 699 809 991 1169 1380 1667 1995 2388 2870 3409 4059 4757 5624 6590 7674 9036 10751 12559 14607 16724 19076 21641 24312 27246 30021 32543 34955 36970 38542 39546 39920 39743 38924 37430 35377 33032 30290 27438 24502 21544 18726 15997 13649 11531 9641 7911 6541 5322 4314 3468 2785 2249 1800 1451 1147 903 712 558 437 357 286 234 189 153 128 114 88 72 59 47 34 23 21 18 15 12 9 7 6 6 5 2 2 2 1 1 1 0 
1 1 2 3 4 3 3 3 6 6 7 7 7 8 9 15 21 23 26 29 32 37 48 56 72 87 100 104 139 162 197 239 297 349 420 487 606 731 886 1041 1228 1461 1722 2042 2453 2901 3457 4122 4846 5748 6786 8067 9453 10968 12735 14866 17058 19384 22031 24784 27646 30414 32942 35265 37167 38590 39744 39963 39607 38622 37029 34943 32419 29658 26804 23774 21041 18315 15641 13271 11182 9399 7740 6320 5165 4181 3393 2759 2180 1738 1380 1097 875 698 547 430 352 279 224 190 152 121 96 78 66 54 44 34 28 21 17 14 12 6 5 4 3 1 1 1 1 1 1 0 
1 1 1 1 1 1 2 1 1 1 1 1 1 2 2 3 3 4 5 5 5 7 9 11 11 16 19 20 21 28 33 48 56 65 75 86 126 149 178 205 240 287 367 446 528 642 772 927 1123 1360 1616 1965 2315 2777 3330 3957 4701 5618 6697 7839 9198 10766 12512 14487 16569 19034 21577 24470 27114 29893 32416 34864 37010 38618 39576 40039 39756 38828 37302 35380 33029 30286 27393 24381 21516 18713 16031 13675 11576 9718 8055 6597 5390 4379 3508 2857 2289 1846 1505 1208 973 781 622 481 391 315 253 189 145 121 104 87 64 49 40 32 30 23 19 14 9 4 3 2 1 1 1 1 1 1 0 
1 1 1 1 1 1 3 3 4 7 8 10 11 10 11 14 16 18 23 26 30 32 35 37 40 50 60 68 82 99 115 135 158 187 224 274 320 394 489 587 667 773 924 1096 1337 1577 1848 2230 2715 3233 3817 4553 5335 6286 7402 8750 10251 11887 13801 15804 18131 20624 23294 26001 28815 31586 34262 36403 38103 39262 39997 39935 39259 37936 36161 33784 31073 28196 25270 22377 19550 16820 14384 12221 10270 8564 7001 5733 4679 3811 3048 2432 1959 1573 1267 1023 808 647 516 435 361 287 225 181 147 111 86 72 53 36 31 29 25 17 14 11 9 8 8 6 6 5 4 4 3 1 1 1 1 1 1 0 
1 1 1 1 1 1 1 3 4 5 5 7 8 9 14 19 25 28 33 44 51 64 77 85 106 128 156 197 226 278 320 379 444 536 633 778 964 1129 1338 1612 1921 2299 2720 3204 3809 4519 5332 6295 7401 8760 10255 11923 13775 15905 18186 20736 23398 26135 28772 31326 33888 35998 37770 39068 39829 39999 39326 38014 36098 33840 31175 28267 25460 22483 19627 16969 14581 12339 10331 8636 7054 5795 4746 3807 3078 2496 1981 1602 1276 1022 821 670 553 446 362 276 212 163 130 101 83 65 50 39 35 30 23 18 10 9 5 3 2 1 1 1 0 
1 1 1 2 4 4 7 9 10 11 13 22 24 29 42 46 60 67 78 93 106 124 152 180 216 253 313 379 455 529 612 721 841 1009 1221 1459 1772 2116 2510 2942 3483 4149 4901 5796 6765 7952 9417 11043 12939 14861 17158 19606 22308 25008 27752 30409 32957 35328 37362 38852 39701 40087 39822 38759 37148 35086 32476 29659 26673 23707 20727 17964 15341 12982 10894 9017 7558 6244 5115 4139 3360 2733 2200 1749 1432 1148 917 731 573 464 375 293 231 181 149 123 96 74 64 47 36 28 25 24 20 18 15 12 9 6 4 5 4 2 1 1 1 1 1 1 1 1 0 
1 1 1 1 1 1 1 1 1 2 3 3 4 4 3 3 5 8 11 13 19 23 28 31 35 45 53 66 81 97 111 125 150 194 232 278 341 416 501 568 662 797 961 1165 1387 1661 1995 2347 2742 3277 3848 4591 5425 6371 7559 8751 10185 11807 13726 15867 18148 20717 23354 26053 28867 31682 34132 36223 37953 38949 39789 39840 39207 37848 35975 33742 31123 28327 25437 22461 19775 17088 14696 12415 10377 8663 7134 5867 4736 3836 3100 2484 2052 1664 1350 1066 873 695 557 450 360 292 214 174 130 110 82 67 56 44 31 24 19 16 10 10 6 6 5 3 3 3 3 3 2 2 2 1 0 
1 1 1 2 3 3 3 3 4 4 5 5 9 10 11 13 12 17 22 29 29 35 32 39 52 61 82 102 112 125 159 195 248 298 337 409 504 589 707 827 958 1161 1400 1654 1959 2337 2721 3248 3841 4555 5361 6355 7490 8816 10397 12127 13920 15958 18282 20842 23549 26297 29087 31704 34242 36436 38054 39293 39961 39920 39154 37839 35890 33577 31006 28144 25203 22192 19364 16751 14199 11946 9938 8263 6765 5577 4510 3667 2941 2368 1879 1522 1197 1007 817 629 501 401 330 259 200 156 125 103 81 65 57 47 40 34 29 23 16 14 11 11 10 8 5 5 3 3 3 2 1 1 1 1 1 1 1 1 1 0 
1 1 1 1 1 1 1 1 1 3 3 4 6 7 8 7 8 12 12 15 19 20 22 32 38 45 56 59 66 78 84 105 128 155 184 234 263 306 377 433 519 608 744 874 1053 1262 1499 1816 2200 2613 3099 3688 4390 5190 6098 7180 8481 9911 11601 13491 15525 17841 20296 23008 25723 28545 31185 33698 35944 37684 39021 39770 39688 39079 37893 36170 34095 31466 28728 25812 22781 19864 17181 14687 12526 10544 8789 7313 6051 4950 4053 3334 2685 2178 1793 1436 1175 950 753 598 487 389 311 236 197 145 114 100 84 65 46 39 30 25 23 21 16 15 11 9 7 6 5 5 5 2 2 1 0 
1 1 1 1 1 1 2 3 2 2 2 2 3 4 5 5 7 10 11 16 16 20 22 26 28 32 33 46 54 78 93 98 103 120 146 172 213 265 315 375 437 504 607 730 869 1059 1248 1459 1740 2060 2475 2989 3581 4275 5065 6007 7095 8313 9670 11317 13193 15169 17545 20039 22705 25357 28126 30790 33303 35553 37371 38669 39521 39749 39312 38208 36504 34358 31759 29086 26131 23274 20377 17678 15151 12938 10837 9009 7575 6284 5204 4285 3446 2774 2251 1843 1484 1195 945 775 617 480 377 297 224 178 139 121 91 76 63 48 37 30 24 13 11 12 11 8 8 7 5 5 4 4 3 3 3 3 2 1 1 1 0 
1 1 1 1 1 1 1 2 2 2 2 2 3 3 5 7 6 7 8 10 13 15 17 24 28 31 44 57 72 93 106 128 147 182 222 257 302 355 426 521 616 756 908 1094 1289 1573 1873 2221 2634 3090 3735 4433 5233 6127 7159 8537 10000 11699 13652 15770 18056 20469 23198 25921 28674 31291 33809 36043 37879 39118 39787 39773 39193 38121 36344 34045 31323 28555 25618 22782 19949 17237 14719 12408 10376 8678 7120 5845 4784 3811 3072 2482 1996 1604 1257 982 778 620 502 402 322 247 196 157 135 105 81 64 48 39 35 34 29 24 18 13 11 8 4 4 4 2 0 
1 1 1 1 1 3 4 8 11 9 11 17 18 19 26 35 47 56 67 74 85 96 114 140 162 193 232 275 331 398 479 572 669 797 973 1192 1436 1703 1988 2431 2899 3478 4132 4855 5712 6734 7913 9309 10847 12669 14689 16874 19336 21889 24698 27351 30061 32555 35006 36888 38524 39592 39791 39538 38665 37264 35148 32627 30019 27056 24054 21188 18442 15856 13437 11273 9370 7746 6366 5135 4222 3476 2809 2289 1846 1475 1176 946 755 594 487 385 302 231 176 132 102 85 63 46 39 31 24 17 15 13 12 8 8 5 4 3 2 2 2 2 1 1 1 1 1 1 1 1 1 1 1 1 1 1 1 0 
1 1 1 1 1 1 1 1 2 3 3 3 3 3 3 3 7 11 12 14 17 21 26 33 40 44 52 55 65 77 82 91 115 138 159 185 216 255 309 359 413 501 593 691 811 957 1121 1337 1627 1944 2303 2773 3261 3894 4660 5566 6563 7700 9126 10709 12430 14410 16564 19033 21552 24185 26895 29599 32347 34676 36659 38305 39355 39707 39491 38787 37261 35399 33150 30491 27592 24544 21731 18883 16242 13760 11708 9677 7977 6646 5440 4461 3594 2893 2326 1850 1504 1203 982 783 620 491 399 329 273 221 168 140 116 90 76 66 51 36 26 24 19 17 10 8 6 5 5 4 3 2 2 1 0 
1 1 1 1 1 1 1 2 2 3 4 3 3 3 3 4 6 9 13 17 18 19 21 25 33 40 43 50 58 69 78 102 125 153 189 237 282 358 449 523 616 749 889 1063 1280 1513 1817 2173 2618 3106 3606 4332 5117 6041 7126 8360 9834 11518 13387 15412 17686 20042 22753 25433 28193 31032 33524 35576 37476 38829 39637 39665 39381 38253 36628 34544 32004 29194 26144 23140 20265 17569 15066 12718 10726 8876 7291 5976 4917 3978 3154 2545 2072 1687 1364 1099 869 686 571 470 367 285 231 180 123 95 78 64 41 35 26 21 18 12 9 8 5 4 2 1 1 1 1 0 
1 1 1 1 1 1 1 1 1 0 
1 1 1 2 3 2 2 2 3 6 7 7 7 7 7 8 10 12 16 19 22 26 34 40 45 55 64 89 104 128 160 187 229 266 309 359 440 530 635 764 893 1048 1218 1445 1730 2066 2469 2951 3499 4141 4918 5793 6850 8082 9419 10968 12765 14765 17041 19568 22170 24906 27659 30371 33126 35459 37553 38984 39838 40151 39795 38729 37079 34896 32385 29584 26729 23827 20774 17981 15557 13151 10966 9137 7622 6292 5142 4192 3372 2725 2201 1770 1425 1121 872 708 560 441 345 262 207 170 140 106 88 70 55 45 34 28 22 19 16 10 8 8 6 4 3 3 2 2 1 1 0 
1 1 1 1 2 4 5 5 5 5 7 8 12 12 16 18 20 23 27 34 44 51 65 73 92 106 116 142 163 198 226 272 328 367 439 537 638 740 890 1037 1267 1487 1751 2075 2468 2927 3418 4039 4753 5653 6738 8008 9401 11029 12698 14545 16700 19176 21776 24494 27227 29934 32647 34929 36952 38277 39335 39615 39294 38417 36961 35035 32605 29943 27075 24293 21328 18507 16038 13641 11511 9622 7937 6528 5345 4394 3608 2870 2320 1837 1452 1180 955 749 608 473 380 310 252 198 156 124 92 71 57 48 41 39 34 24 21 18 18 14 11 9 6 4 3 2 2 2 2 2 2 1 1 0 
1 1 1 1 1 1 1 2 3 3 3 3 4 7 7 8 10 11 13 16 22 25 30 37 43 51 61 73 94 110 138 170 211 248 305 369 433 513 610 729 847 1000 1202 1428 1706 2045 2451 2850 3362 3987 4728 5601 6606 7870 9234 10795 12539 14596 16872 19277 21861 24368 27007 29888 32499 34977 36899 38392 39411 39763 39532 38646 37229 35301 32799 30080 27193 24221 21381 18621 16008 13631 11483 9579 7899 6467 5360 4349 3533 2838 2226 1797 1428 1155 917 748 596 478 384 312 253 197 155 129 101 74 64 52 46 38 35 31 25 20 16 12 10 8 6 5 5 4 4 4 4 3 2 2 1 1 1 1 0 
1 1 1 1 2 2 2 2 2 2 2 3 6 7 8 9 14 17 24 29 32 33 38 48 57 72 89 113 136 170 211 262 295 361 415 509 619 762 898 1065 1316 1571 1825 2184 2606 3122 3726 4403 5276 6210 7349 8635 10081 11787 13633 15768 18119 20524 23209 25851 28695 31326 33984 36127 37753 38918 39558 39540 38802 37610 35834 33650 31048 28357 25454 22629 19704 17157 14791 12498 10511 8788 7297 5937 4869 4034 3307 2696 2187 1753 1400 1124 910 728 594 472 376 295 227 175 130 114 94 76 61 50 42 35 25 19 16 14 11 9 4 4 2 2 2 0 
1 1 1 1 2 4 5 6 7 9 9 11 16 18 19 22 31 38 48 53 58 64 79 102 128 143 173 200 226 280 343 421 509 605 751 897 1060 1256 1508 1806 2151 2535 3048 3625 4262 5039 5963 7084 8296 9743 11331 13228 15246 17561 20042 22700 25428 28246 30947 33375 35648 37644 39033 39877 39865 39327 38302 36645 34425 31972 29252 26270 23327 20389 17595 15102 12717 10605 8810 7258 5933 4840 3973 3246 2656 2127 1697 1372 1107 883 691 563 456 376 273 219 159 133 99 84 67 50 43 36 31 24 21 17 13 10 7 5 3 3 2 2 1 1 0 
1 1 1 1 1 1 1 1 1 2 2 2 4 4 4 5 6 8 10 12 15 16 20 26 34 44 53 65 82 92 111 133 167 191 239 291 343 420 509 594 708 847 992 1223 1461 1765 2134 2532 3052 3587 4270 5119 6075 7184 8395 9856 11505 13449 15648 17945 20339 22861 25667 28506 31201 33657 35902 37644 39048 39944 39883 39397 38151 36442 34249 31606 28915 26091 23095 20204 17482 14958 12712 10592 8755 7179 5914 4841 3936 3170 2547 2065 1667 1317 1045 840 661 538 439 342 279 224 178 146 109 87 78 58 47 40 39 32 23 17 14 13 11 10 9 8 7 5 3 2 2 1 0 
1 1 1 1 0 
1 1 1 1 1 3 3 3 3 4 5 9 8 8 13 16 20 22 26 35 39 48 59 63 73 89 102 114 135 159 192 231 268 322 369 431 505 610 744 885 1038 1257 1484 1740 2087 2511 2974 3526 4149 4893 5809 6835 8000 9382 11011 12742 14685 16905 19296 21919 24632 27378 30129 32661 35013 37088 38486 39674 39957 39523 38696 37052 34919 32452 29905 27077 24188 21309 18453 15873 13422 11273 9349 7699 6386 5175 4249 3389 2737 2231 1807 1433 1173 953 765 597 481 380 299 239 183 147 119 98 74 60 44 35 29 21 17 14 11 5 5 4 4 2 2 1 1 1 0 
1 1 1 1 1 1 3 3 3 2 2 3 4 6 6 6 8 11 15 17 15 19 20 22 26 34 43 49 53 65 84 89 96 120 141 167 201 254 307 360 426 511 581 688 826 984 1183 1429 1725 2083 2453 2921 3498 4189 4952 5822 6864 7986 9471 11077 12901 14938 17203 19649 22247 24880 27676 30420 33005 35275 37225 38761 39783 40109 39502 38478 36902 34861 32475 29687 26857 23881 21000 18222 15641 13170 11079 9203 7595 6199 5055 4138 3379 2749 2143 1738 1397 1100 862 686 533 413 339 266 207 159 125 104 83 67 53 41 28 24 20 17 13 11 9 5 4 3 2 2 1 1 1 1 1 1 1 1 1 1 1 0 
1 1 2 3 4 4 4 5 5 8 10 10 15 16 17 23 30 39 47 55 56 71 85 100 128 143 167 203 245 291 334 393 488 590 702 845 1004 1160 1404 1661 1986 2349 2882 3431 4095 4803 5781 6744 7891 9251 10855 12720 14703 16997 19387 21956 24743 27313 30091 32565 34834 36868 38486 39442 39815 39525 38564 37109 35180 32759 30019 27054 24087 21185 18457 15856 13596 11460 9562 7920 6553 5332 4336 3511 2809 2262 1849 1493 1160 944 741 573 461 384 313 253 213 170 141 109 84 69 49 41 32 24 18 14 10 9 7 7 6 5 5 4 4 3 3 3 3 3 2 1 0 
1 1 1 1 1 1 4 4 5 5 5 6 7 7 7 6 7 8 10 14 15 19 22 25 27 35 45 54 65 86 97 106 126 153 178 209 230 268 306 371 437 514 617 741 876 1052 1248 1487 1802 2194 2615 3110 3690 4366 5179 6093 7260 8430 9897 11543 13409 15477 17751 20236 22917 25579 28130 30835 33370 35438 37319 38805 39500 39580 39211 38062 36360 34103 31558 28862 26004 23256 20341 17584 15019 12745 10723 8909 7325 6075 4950 4025 3250 2620 2153 1753 1390 1136 904 719 593 484 392 315 250 200 152 116 88 71 54 43 33 27 22 18 13 10 8 7 6 3 1 1 1 1 0 
1 1 1 1 3 3 4 5 5 5 7 8 10 17 19 19 20 25 33 40 45 53 65 85 101 112 129 154 198 238 277 330 402 494 579 708 848 1002 1170 1404 1676 1980 2353 2807 3385 3988 4726 5591 6576 7649 8965 10524 12262 14214 16461 18914 21503 24135 26785 29534 32159 34613 36757 38312 39407 39842 39633 38860 37520 35641 33195 30439 27665 24770 21907 19029 16394 13947 11793 9909 8215 6734 5502 4478 3605 2895 2317 1845 1463 1165 931 726 597 479 379 309 252 189 145 120 98 80 66 52 46 37 26 20 18 14 12 7 5 4 2 1 0 
1 1 1 1 3 3 4 4 4 5 5 5 7 11 13 15 20 23 28 28 32 40 55 71 87 109 125 151 176 214 250 310 381 469 566 675 803 980 1180 1423 1722 2048 2437 2891 3437 4076 4869 5757 6834 8067 9500 11079 12862 14817 16883 19318 21906 24633 27473 30045 32881 35196 37001 38560 39519 39888 39619 38671 37163 35088 32653 29851 27097 24059 21046 18309 15666 13322 11288 9376 7747 6435 5248 4299 3497 2854 2320 1886 1519 1233 985 779 616 517 416 318 262 205 173 138 102 81 64 58 44 34 29 25 22 17 12 11 10 8 7 7 4 3 3 1 1 1 0 
1 1 1 1 3 4 4 4 5 4 4 6 10 13 16 17 18 19 22 24 25 29 35 43 54 59 68 79 95 119 145 171 204 245 302 358 421 514 598 714 853 1018 1229 1476 1766 2101 2492 3005 3622 4317 5107 6150 7244 8571 10017 11634 13583 15774 17987 20414 23067 25728 28590 31323 33907 36035 37825 38986 39589 39789 39303 38130 36220 33958 31478 28778 25969 23122 20213 17440 14862 12564 10532 8713 7157 5826 4763 3846 3102 2490 1990 1593 1245 999 783 630 511 419 340 275 228 186 151 119 99 86 63 52 40 32 27 23 14 12 7 5 5 4 3 3 1 1 1 1 1 1 1 0 
1 1 1 1 1 1 1 2 3 3 6 6 7 7 6 6 7 11 12 14 16 18 17 20 24 36 40 48 52 66 78 86 102 133 159 206 236 293 350 419 483 595 729 854 1028 1246 1490 1780 2142 2520 3029 3613 4306 5074 5967 7039 8298 9750 11340 13179 15215 17459 19861 22395 25209 27883 30696 33202 35564 37427 38914 39709 39961 39593 38475 36848 34567 31908 29124 26270 23330 20409 17763 15200 12876 10835 9027 7581 6240 5166 4192 3345 2674 2174 1750 1440 1157 916 736 600 480 387 319 250 201 160 133 103 86 64 56 49 39 31 26 20 17 12 13 11 10 7 7 7 7 6 4 4 2 1 0 
1 1 1 1 1 0 
1 1 1 1 1 3 3 2 2 3 3 3 3 3 6 9 11 13 17 26 37 44 52 64 74 86 96 117 131 159 186 228 266 310 399 490 584 676 797 969 1173 1425 1674 1984 2397 2823 3350 3994 4811 5725 6718 7941 9217 10791 12421 14333 16602 18903 21502 24192 26959 29542 32171 34580 36634 38217 39284 39671 39481 38581 37357 35340 33038 30395 27539 24650 21823 18950 16385 13891 11839 9908 8268 6799 5606 4596 3701 2999 2381 1906 1516 1209 958 759 583 454 353 285 219 175 148 120 86 64 52 43 34 29 25 20 20 18 13 11 9 5 3 1 1 1 1 1 0 
1 1 1 1 1 1 1 1 1 0 
1 1 1 1 1 1 1 2 1 1 1 1 3 3 5 5 5 6 7 9 9 12 18 25 29 36 37 49 56 68 85 97 120 143 182 209 259 309 364 425 528 650 767 909 1114 1343 1573 1906 2309 2764 3311 3875 4615 5421 6411 7593 8925 10468 12168 14112 16140 18373 20882 23498 26021 28751 31404 33885 36051 37649 38929 39488 39519 38834 37771 35943 33831 31223 28455 25529 22521 19712 17000 14457 12218 10143 8409 6874 5597 4553 3705 2978 2382 1938 1567 1256 1020 820 655 544 424 345 283 222 194 159 123 94 74 58 47 38 32 24 22 15 12 9 7 7 4 3 2 1 1 1 0 
1 1 1 1 2 3 4 5 5 5 4 4 5 6 9 9 9 15 17 19 20 20 22 26 31 41 50 55 62 67 77 88 100 104 127 156 215 256 292 325 398 459 555 666 814 984 1185 1412 1686 2009 2351 2823 3404 4131 4867 5727 6759 8028 9409 10999 12739 14706 16953 19498 22050 24681 27348 30071 32619 34992 37014 38530 39569 40036 39631 38823 37314 35181 32703 29960 27087 24055 21191 18363 15741 13517 11392 9450 7850 6535 5321 4287 3481 2808 2274 1759 1431 1153 904 728 587 492 395 326 255 205 153 131 108 95 85 70 59 44 33 29 23 20 16 14 14 14 13 11 9 9 8 6 6 5 5 3 2 2 2 2 1 1 1 1 1 1 0 
1 1 1 1 2 2 2 2 4 5 5 7 9 13 18 23 25 33 36 48 53 69 77 94 115 148 169 197 245 290 353 415 504 578 683 844 1028 1245 1510 1804 2146 2555 3039 3611 4284 4995 5991 7076 8364 9777 11399 13311 15255 17567 20076 22788 25596 28370 30900 33354 35548 37625 39015 39738 39942 39424 38316 36685 34670 32104 29190 26293 23275 20427 17749 15189 12945 10855 8914 7389 6048 4959 4011 3282 2650 2132 1715 1309 1046 844 660 528 416 332 260 200 164 131 103 81 61 42 32 24 19 17 16 9 6 5 4 2 1 1 0 
1 1 1 0 
1 1 1 1 1 1 1 1 1 2 2 3 5 7 7 7 8 9 13 17 20 26 28 32 40 48 52 57 70 92 105 117 142 167 191 234 274 333 393 452 545 631 751 896 1072 1262 1497 1826 2223 2603 3091 3710 4418 5129 6025 7156 8433 9897 11623 13445 15506 17686 20110 22731 25531 28241 30985 33441 35765 37630 38912 39557 39702 39161 37958 36234 34085 31656 28837 25977 23059 20171 17579 14992 12656 10655 8901 7400 6020 4922 3965 3252 2656 2156 1705 1352 1091 872 715 568 450 365 306 255 199 153 129 104 84 62 49 37 30 22 18 14 12 8 7 5 3 2 1 1 1 1 0 
1 1 1 1 1 1 2 4 4 6 9 9 10 12 15 17 22 27 27 31 39 48 52 62 75 93 116 142 169 194 235 279 348 408 484 578 707 837 986 1176 1392 1685 1989 2347 2772 3312 3945 4660 5531 6448 7641 9071 10675 12467 14398 16606 18952 21506 24093 26866 29750 32451 34703 36704 38310 39296 39919 39657 38819 37454 35494 33101 30442 27553 24723 21719 18899 16356 13938 11816 9835 8187 6758 5437 4375 3556 2904 2311 1868 1490 1170 933 762 625 506 427 334 271 213 164 126 108 80 59 47 37 26 21 19 15 12 7 5 4 3 0 
1 1 1 1 1 1 1 1 2 1 1 1 1 1 1 3 4 5 4 6 7 9 13 14 15 22 29 34 41 50 63 70 89 111 133 156 182 231 280 339 418 501 581 686 845 1013 1217 1456 1758 2075 2475 2948 3554 4197 4966 5904 6941 8231 9665 11268 13103 15121 17387 19780 22479 25078 27851 30585 33222 35506 37360 38873 39679 39878 39530 38497 36873 34766 32196 29441 26504 23563 20667 17992 15295 12962 10890 9125 7587 6253 5166 4171 3389 2759 2264 1829 1415 1111 897 706 559 442 334 268 203 164 133 106 85 68 57 41 32 25 19 16 14 11 8 6 4 3 3 2 1 1 1 0 
1 1 1 1 1 1 2 2 2 4 5 7 7 8 11 12 21 24 29 32 36 56 62 75 93 106 124 161 196 232 277 331 387 455 530 632 761 902 1076 1308 1533 1813 2179 2634 3166 3772 4506 5326 6296 7411 8689 10141 11766 13644 15615 17876 20371 22962 25755 28397 31124 33705 35990 37671 39025 39731 39781 39195 38043 36222 34032 31433 28665 25849 22914 19994 17313 14842 12587 10519 8646 7117 5795 4688 3787 3048 2437 2002 1592 1295 1048 821 675 538 424 329 269 196 159 129 104 79 62 53 44 36 26 22 18 12 7 7 6 5 2 2 1 1 1 1 1 0 
1 1 1 1 1 1 1 1 1 1 2 3 3 3 5 6 8 10 12 15 18 20 25 30 39 52 61 75 81 96 112 144 181 205 255 303 363 423 505 603 724 822 990 1187 1411 1629 1963 2329 2768 3268 3884 4654 5449 6461 7648 8995 10563 12257 14256 16408 18756 21314 23985 26761 29429 32107 34524 36586 38108 39228 39683 39494 38679 37378 35522 33226 30617 27804 24798 21850 19002 16412 14021 11841 9967 8296 6888 5628 4604 3753 3030 2414 1997 1579 1265 1003 770 596 490 395 297 218 176 145 126 96 78 69 51 40 33 26 23 22 19 13 9 9 7 5 3 2 2 2 2 1 0 
1 1 1 1 1 1 2 1 1 3 5 5 5 5 5 11 10 11 14 20 23 29 39 47 55 57 63 73 88 110 141 171 197 225 260 315 369 462 551 660 781 944 1096 1275 1543 1861 2215 2605 3128 3714 4395 5238 6201 7215 8419 9865 11436 13269 15278 17454 19946 22631 25247 27896 30307 32809 34950 36954 38327 39223 39491 39050 37878 36472 34330 31754 29122 26380 23487 20719 17979 15417 13155 11101 9250 7658 6349 5190 4304 3512 2768 2221 1816 1456 1160 918 744 581 471 360 293 229 191 152 122 99 75 61 48 33 25 17 14 12 8 7 5 4 2 1 1 1 1 0 
1 1 1 3 3 5 6 5 6 9 16 21 27 30 34 43 54 62 81 95 118 137 155 197 226 272 317 355 416 493 608 743 897 1047 1249 1480 1755 2085 2515 3043 3649 4323 5142 6077 7237 8555 9922 11586 13470 15653 18061 20483 23005 25701 28267 31039 33497 35726 37587 38875 39464 39523 39002 37873 36402 34263 31826 29049 26081 22994 20162 17531 15037 12775 10794 8881 7280 6006 4891 4049 3271 2620 2102 1703 1371 1082 887 725 578 473 366 293 229 194 158 122 103 82 61 52 40 36 31 29 21 17 11 8 5 4 2 2 2 1 0 
1 1 1 1 1 2 3 3 3 5 8 7 7 8 15 17 24 32 38 46 52 60 64 81 100 121 145 171 207 245 303 355 419 510 614 774 902 1079 1279 1521 1788 2120 2536 3077 3698 4451 5275 6191 7295 8621 10096 11794 13794 15862 18108 20590 23410 26180 28836 31478 34003 36175 37962 39278 40008 40192 39557 38379 36540 34263 31567 28596 25564 22704 19919 17114 14576 12305 10295 8537 7075 5815 4738 3831 3115 2571 2073 1660 1325 1070 866 690 561 447 367 288 228 190 144 112 98 75 60 45 36 32 25 20 12 8 6 5 4 4 4 2 2 3 2 1 1 0 
1 1 1 1 1 1 2 2 2 1 0 
1 1 1 2 2 3 3 3 4 5 11 12 14 15 17 17 21 28 34 41 43 52 61 68 90 105 130 164 191 220 256 309 371 445 537 648 790 906 1081 1283 1539 1843 2171 2565 3094 3668 4369 5200 6079 7225 8559 10012 11615 13416 15416 17604 20103 22703 25391 28199 30796 33220 35715 37503 38863 39507 39716 39134 38007 36313 34232 31825 29134 26281 23218 20383 17577 15106 12808 10722 8902 7346 6062 4964 4054 3307 2692 2159 1726 1401 1144 925 720 574 467 371 310 243 187 135 102 88 74 56 48 41 30 22 16 11 8 6 4 3 2 2 2 1 0 
1 1 1 1 1 1 1 1 1 0 
1 1 1 1 1 1 1 1 0 
1 1 1 2 3 3 3 5 6 10 12 14 15 19 23 32 43 49 59 71 82 102 119 151 181 230 274 309 383 462 542 659 780 936 1158 1405 1676 1972 2322 2741 3325 3938 4695 5656 6678 7911 9271 10734 12492 14484 16651 19126 21680 24377 26972 29727 32232 34565 36664 38174 39295 39790 39610 38820 37424 35522 33193 30538 27685 24686 21642 18829 16116 13757 11518 9632 8004 6582 5369 4405 3560 2927 2376 1925 1542 1226 981 796 654 532 428 334 277 214 170 136 107 74 59 47 37 24 19 12 8 6 3 3 3 3 2 2 2 2 2 1 1 1 1 0 
1 1 1 1 1 1 1 2 5 5 5 5 7 12 12 16 18 20 22 21 25 28 35 45 53 60 68 78 93 111 132 155 176 206 243 299 349 425 523 617 726 863 1003 1213 1448 1733 2096 2542 3053 3613 4294 5082 5982 7083 8342 9832 11567 13422 15443 17680 20073 22512 25330 28078 30701 33317 35608 37479 38824 39742 39990 39556 38347 36697 34621 32057 29196 26248 23317 20398 17722 15181 12867 10788 9010 7398 6097 4959 4066 3300 2695 2154 1747 1395 1108 863 668 539 426 330 264 207 170 125 105 82 64 54 49 40 32 30 24 22 16 11 6 6 4 3 3 4 3 2 2 1 1 1 1 1 1 1 1 0 
1 1 1 1 1 1 1 1 2 2 3 3 2 2 2 2 6 8 9 10 13 14 15 18 23 26 33 44 57 72 92 106 133 157 200 238 290 339 415 495 596 709 865 1009 1198 1397 1712 2036 2450 2945 3464 4086 4838 5757 6816 8009 9395 10999 12690 14703 17040 19540 22264 25024 27833 30669 33174 35422 37292 38815 39783 40061 39636 38749 37119 34949 32397 29584 26744 23753 20819 17939 15449 13101 11115 9240 7623 6298 5106 4132 3371 2712 2166 1744 1370 1077 856 682 564 446 339 273 224 184 140 117 87 66 53 36 27 21 20 17 15 12 9 8 7 7 6 3 3 3 2 1 0 
1 1 1 1 1 1 1 1 1 1 1 1 1 1 1 3 2 2 2 2 2 2 2 2 4 5 8 6 6 6 9 12 12 15 21 27 33 39 50 69 73 86 112 138 168 206 254 312 367 423 504 614 710 857 1033 1242 1487 1801 2137 2576 3122 3724 4424 5212 6152 7317 8530 9957 11568 13392 15499 17782 20263 22988 25808 28454 31104 33804 36041 37975 39266 39934 40086 39411 38191 36418 34270 31670 28898 25869 22848 20031 17289 14721 12532 10520 8711 7198 5892 4800 3877 3158 2542 2069 1656 1339 1070 852 676 544 419 348 269 208 175 138 109 86 67 46 36 30 23 20 15 12 10 5 5 5 5 5 3 2 2 1 1 1 1 1 0 
1 1 1 1 1 1 1 2 2 2 2 2 2 3 3 3 3 3 3 3 3 5 6 11 13 16 18 17 21 28 31 40 45 47 61 67 75 86 96 116 146 165 215 256 311 382 469 553 643 759 888 1083 1272 1514 1836 2232 2648 3141 3729 4427 5227 6162 7236 8513 10049 11802 13631 15636 17997 20519 23036 25777 28450 31237 33712 35784 37533 38916 39623 39737 39256 38169 36538 34267 31749 28856 25955 23078 20186 17436 14860 12545 10415 8626 7134 5867 4780 3928 3190 2571 2052 1647 1312 1043 837 652 501 387 306 246 209 161 125 94 76 59 48 39 31 22 17 15 12 8 5 3 3 2 2 2 2 1 1 1 0 
1 1 1 1 1 1 1 1 1 2 3 4 6 6 6 6 7 8 10 11 12 17 21 27 32 34 42 53 66 85 96 108 135 151 178 211 250 300 352 413 493 585 707 829 1013 1221 1418 1691 2036 2435 2884 3441 4125 4934 5812 6817 8061 9493 11156 12935 14895 17196 19726 22383 25165 27971 30626 33177 35555 37516 38991 39904 40112 39636 38518 36845 34806 32249 29421 26543 23592 20734 18028 15423 13068 10990 9102 7529 6178 4988 4089 3337 2706 2164 1745 1391 1127 918 746 588 456 368 293 243 183 148 112 89 63 54 41 30 28 20 18 17 10 7 5 3 3 2 1 0 
1 1 1 1 1 5 5 5 8 8 10 13 17 18 21 27 28 38 60 70 85 96 113 127 139 187 223 266 315 380 451 543 687 819 1004 1200 1436 1697 2040 2419 2938 3484 4125 4897 5752 6830 7988 9418 11015 12892 14867 17085 19483 22013 24740 27562 30279 32895 35164 37298 38799 39717 39993 39649 38583 37030 34980 32606 29722 26739 23905 21066 18345 15689 13288 11188 9352 7772 6355 5146 4174 3394 2750 2204 1790 1435 1147 915 717 572 444 360 276 218 166 131 103 71 58 52 46 41 32 26 19 17 14 12 8 8 6 4 2 2 2 1 1 1 1 0 
1 1 1 1 1 2 3 3 5 5 5 9 8 9 8 10 12 13 18 22 27 31 39 43 52 66 74 86 100 113 142 160 186 208 250 308 357 447 534 648 757 924 1129 1350 1622 1949 2320 2717 3278 3899 4641 5525 6501 7682 9039 10490 12214 14220 16382 18889 21391 24025 26705 29398 32165 34548 36514 38194 39240 39713 39680 38884 37505 35574 33263 30598 27814 24887 21909 19027 16367 13972 11810 9868 8267 6816 5576 4549 3696 2975 2441 1953 1544 1235 999 817 648 506 388 321 256 206 169 137 104 76 56 49 35 27 20 17 12 6 5 5 4 4 3 2 2 2 2 1 1 0 
1 1 1 1 1 1 1 2 3 3 3 3 3 3 5 7 8 10 13 20 21 28 32 36 41 52 61 70 79 100 118 143 170 212 264 322 373 448 543 656 815 972 1163 1402 1669 1991 2363 2837 3385 4080 4804 5681 6711 7871 9259 10881 12641 14698 16922 19282 21897 24622 27323 29947 32548 34827 36768 38362 39500 39783 39502 38684 37257 35285 32845 30147 27208 24255 21476 18722 16048 13609 11489 9634 7934 6547 5338 4353 3513 2824 2288 1834 1448 1145 927 740 569 476 395 322 252 206 173 131 105 84 62 47 36 32 22 18 16 14 13 7 7 7 5 4 3 1 0 
1 1 1 1 1 1 1 1 1 1 1 2 3 3 5 7 7 9 11 13 14 16 19 20 29 37 47 60 71 89 114 138 158 197 243 297 362 431 503 593 744 886 1046 1249 1467 1737 2061 2426 2935 3536 4228 5015 5937 6954 8128 9560 11236 13088 15013 17235 19660 22261 24951 27655 30265 32775 35178 37058 38456 39333 39641 39335 38329 36746 34888 32441 29684 26831 23890 20993 18226 15678 13271 11182 9296 7681 6260 5130 4176 3331 2649 2134 1699 1381 1116 879 699 538 436 351 267 214 175 146 123 105 80 63 46 41 36 24 18 12 6 4 1 1 0 
1 1 1 1 1 2 2 3 2 4 5 6 8 8 6 6 6 6 10 18 22 26 29 36 43 51 69 81 91 105 122 152 178 223 262 304 369 472 571 718 831 970 1143 1377 1651 1974 2347 2796 3301 3928 4609 5463 6434 7649 8945 10461 12243 14244 16369 18742 21349 24135 26817 29651 32324 34769 36857 38458 39541 39902 39751 38848 37400 35362 33041 30332 27589 24691 21802 18946 16338 13943 11749 9911 8310 6899 5636 4586 3699 3014 2419 1927 1518 1227 964 778 605 474 386 316 233 189 151 120 96 78 65 55 42 33 29 24 19 13 12 10 9 7 5 5 4 4 4 4 2 2 2 2 1 0 
1 1 1 1 1 1 1 2 2 2 2 3 6 7 10 15 15 17 17 26 33 39 45 53 64 78 87 110 146 179 207 243 292 365 423 498 609 720 856 1015 1235 1469 1768 2141 2561 3057 3609 4327 5123 6124 7220 8392 9798 11474 13334 15344 17631 20066 22610 25544 28423 31186 33561 35896 37666 39063 39784 39941 39575 38495 36763 34441 31823 29019 26203 23139 20220 17469 15021 12695 10628 8865 7274 5988 4894 3962 3217 2618 2124 1691 1344 1054 837 680 547 439 342 279 237 183 138 116 95 75 62 51 38 29 24 17 10 8 6 3 1 1 1 1 1 1 1 1 1 1 1 1 1 1 1 1 1 1 0 
1 1 1 1 1 1 1 1 1 2 2 4 6 11 11 11 10 13 16 21 25 34 40 53 52 60 72 94 110 126 152 187 221 257 292 356 407 493 589 704 835 1017 1210 1452 1761 2123 2519 2947 3579 4226 5033 5972 7064 8294 9687 11376 13178 15185 17591 19992 22522 25211 27942 30674 33192 35549 37479 38761 39509 39815 39407 38534 36912 34677 32277 29495 26531 23533 20669 17852 15283 12967 10799 9014 7408 6112 4969 4047 3266 2615 2079 1684 1382 1100 891 708 561 447 362 292 232 179 142 113 91 78 57 55 42 39 31 28 24 18 14 13 12 10 9 5 5 3 3 1 1 1 1 0 
1 1 1 1 1 2 3 3 7 8 7 6 9 9 12 17 20 23 28 34 46 58 68 82 97 122 142 169 210 258 303 392 464 570 683 844 1039 1244 1486 1790 2115 2513 2968 3575 4242 5003 5932 6973 8222 9649 11279 13000 15030 17443 19845 22545 25417 28128 30861 33406 35696 37701 39144 39975 39923 39393 38380 36637 34556 31991 29235 26373 23554 20648 17914 15385 13045 11053 9178 7517 6124 4978 4060 3301 2682 2134 1732 1384 1084 879 704 566 452 355 291 245 204 159 125 100 78 66 52 41 32 25 18 8 7 5 4 3 3 0 
1 1 1 1 1 1 1 1 2 3 2 2 2 2 1 1 2 1 4 6 6 6 7 7 9 10 10 15 16 19 23 28 29 34 43 55 66 75 95 121 149 174 209 261 313 374 431 516 608 754 889 1075 1275 1531 1852 2179 2580 3016 3560 4268 5134 5992 7076 8371 9821 11404 13262 15221 17480 19982 22439 25139 27884 30567 33010 35158 37122 38643 39453 39862 39197 38136 36719 34582 32082 29148 26326 23354 20513 17836 15259 12949 10864 9116 7572 6212 5077 4120 3333 2639 2139 1724 1388 1137 914 756 599 505 408 324 255 202 166 128 100 86 62 55 46 36 28 25 23 21 17 15 12 9 7 5 3 1 1 1 1 1 1 1 1 1 0 
1 1 1 1 1 1 2 3 5 4 4 8 12 12 13 15 16 16 19 21 20 29 31 43 49 59 65 73 89 111 130 150 182 217 250 292 355 444 521 591 713 854 992 1200 1454 1747 2106 2501 2954 3501 4151 5002 5899 7021 8219 9563 11206 12995 15065 17291 19765 22473 25169 27887 30534 33084 35435 37490 38859 39573 39822 39346 38259 36596 34620 32187 29441 26422 23498 20679 17965 15411 13091 10982 9125 7562 6200 5079 4157 3415 2777 2226 1762 1410 1120 902 721 593 470 383 313 244 196 159 134 115 91 72 59 47 38 31 26 21 18 16 11 10 8 7 4 4 3 2 2 1 1 1 1 0 
1 1 1 1 1 1 1 0 
1 1 1 1 1 1 2 4 4 5 5 6 9 9 10 11 15 15 17 21 20 28 32 41 48 59 68 82 96 114 138 167 198 233 280 354 408 483 573 697 832 981 1190 1399 1646 1981 2348 2826 3334 3962 4747 5661 6692 7802 9316 10948 12655 14676 16969 19330 21877 24530 27249 29938 32572 34981 36897 38493 39438 39768 39641 38895 37412 35304 32806 30204 27374 24410 21477 18643 15978 13579 11440 9559 7929 6484 5330 4358 3532 2893 2294 1844 1481 1175 961 741 587 461 361 289 234 189 149 109 82 61 46 40 32 22 18 11 8 7 6 4 4 4 3 2 2 2 1 1 0 
1 1 1 1 1 1 1 1 1 2 1 1 1 2 2 4 7 9 10 11 14 14 16 21 21 24 31 40 47 58 78 100 118 131 158 200 227 262 333 399 490 581 695 826 979 1172 1406 1663 2009 2403 2833 3410 4046 4719 5581 6563 7714 8993 10506 12333 14220 16335 18652 21194 23904 26542 29127 31842 34430 36410 37939 39099 39628 39587 38762 37451 35645 33334 30687 27787 24842 21954 19120 16445 14041 11719 9789 8132 6676 5441 4470 3681 2975 2385 1921 1537 1218 976 774 603 493 381 304 250 194 151 108 91 70 50 44 34 25 25 18 12 12 11 8 7 7 5 4 3 1 1 1 1 1 0 
1 1 1 1 1 1 1 1 1 3 4 4 4 4 5 5 6 7 10 13 17 20 25 24 27 34 39 55 68 82 100 122 138 158 208 255 293 340 402 497 587 699 845 1008 1210 1436 1684 2002 2397 2850 3401 4002 4771 5625 6688 7814 9194 10855 12580 14534 16688 19161 21704 24443 27132 30031 32496 35024 36959 38497 39602 39966 39528 38753 37251 35170 32859 30055 27232 24126 21295 18378 15890 13543 11461 9599 7956 6542 5351 4414 3601 2888 2310 1858 1527 1238 1008 813 647 512 420 333 266 206 158 123 101 79 70 56 39 30 27 21 19 16 15 12 8 8 5 3 3 3 2 0 
1 1 1 1 1 1 1 1 1 0 
1 2 2 2 2 2 2 2 2 3 5 5 7 7 13 15 19 19 25 27 32 44 53 67 83 101 120 138 152 183 215 258 313 363 428 520 603 728 893 1063 1272 1521 1812 2088 2467 2937 3542 4227 5011 5965 6981 8212 9580 11192 13089 15138 17376 19850 22424 25121 27988 30707 33158 35311 37284 38665 39635 40018 39592 38631 36875 34759 32350 29400 26475 23480 20557 17913 15342 12974 10913 9048 7476 6122 5015 4080 3362 2729 2198 1741 1373 1105 898 725 569 472 370 306 248 200 162 124 96 84 64 54 38 31 23 21 19 16 15 12 7 5 6 4 4 3 3 4 4 3 1 1 1 1 1 0 
1 1 1 1 1 1 1 1 1 1 2 4 4 5 7 7 8 13 13 15 14 14 22 25 39 46 62 79 96 109 122 162 212 246 277 333 388 461 559 680 815 995 1178 1423 1694 2053 2453 2904 3434 4136 4925 5799 6802 8070 9480 11111 12970 14940 17231 19659 22289 25091 27834 30542 33067 35411 37351 38875 39716 39935 39559 38480 36842 34767 32297 29591 26677 23637 20832 18137 15592 13202 11170 9358 7720 6365 5178 4206 3422 2786 2256 1805 1467 1148 931 756 610 494 395 331 258 200 145 122 102 78 61 46 39 30 24 19 15 13 9 8 8 8 7 7 7 7 4 3 3 1 1 1 1 1 1 1 0 
1 1 1 1 1 1 4 6 7 7 9 9 12 15 17 20 24 30 34 34 42 45 62 70 82 95 118 150 186 215 240 287 340 410 508 600 694 837 1000 1206 1432 1712 2046 2435 2877 3452 4095 4848 5819 6823 8020 9477 11009 12824 14750 16934 19391 22024 24779 27460 30171 32672 34991 36978 38455 39507 39849 39536 38575 37186 35130 32654 29860 26993 24024 21160 18384 15877 13576 11369 9491 7856 6445 5278 4310 3484 2804 2252 1820 1439 1147 907 722 583 473 366 300 247 194 153 115 86 71 55 44 33 27 20 15 9 7 7 6 6 5 4 5 3 3 3 2 2 0 
1 1 1 1 1 1 1 2 3 3 3 3 3 3 3 7 9 11 14 16 15 20 27 32 42 48 52 65 74 98 123 145 178 208 243 292 346 417 490 599 693 835 963 1142 1345 1633 1982 2365 2853 3375 4003 4772 5656 6743 7833 9233 10845 12610 14664 16880 19350 21987 24653 27476 30165 32690 34953 37051 38786 39944 40435 40132 39081 37523 35360 32882 30119 27213 24232 21278 18419 15735 13354 11236 9294 7654 6278 5136 4191 3412 2743 2230 1808 1442 1173 935 748 614 487 385 316 258 202 163 131 101 86 67 48 38 33 22 16 13 8 7 5 4 3 2 2 2 1 0 
