0 0 0 0 0 0 0 0 1 3 3 3 6 6 7 10 12 14 16 22 29 35 40 47 62 76 86 100 126 153 184 214 257 294 356 421 494 588 682 811 972 1165 1368 1613 1925 2260 2711 3251 3873 4612 5526 6577 7765 9212 10869 12651 14751 17162 19938 22966 26339 29891 33777 38032 42405 46796 51325 55933 60306 64459 68410 72163 75613 78717 81453 83786 85764 87469 88914 90032 91069 91876 92556 93070 93520 93852 94137 94378 94542 94681 94795 94898 94963 95026 95062 95096 95126 95153 95171 95183 95194 95199 95208 95213 95222 95227 95231 95231 95233 95234 95235 95235 95235 95235 95237 95238 
0 0 0 1 
0 0 0 0 0 0 0 0 0 0 0 0 0 0 0 0 1 3 3 5 5 7 8 12 14 15 20 22 25 35 39 42 55 67 82 94 112 139 159 182 223 265 313 376 440 531 644 755 906 1119 1330 1567 1864 2220 2674 3158 3713 4445 5296 6261 7449 8875 10465 12326 14412 16695 19400 22355 25523 29167 33003 37137 41460 45779 50292 54788 59073 63326 67231 71025 74577 77716 80520 82952 84991 86729 88255 89529 90619 91525 92227 92799 93279 93657 93968 94205 94412 94547 94676 94779 94869 94924 94976 95026 95066 95089 95118 95137 95148 95158 95168 95173 95180 95183 95188 95191 95191 95192 95192 95192 95194 95194 95194 95195 95195 95195 95196 
0 0 0 1 1 1 1 1 1 2 2 2 3 3 3 3 3 4 5 6 8 9 9 11 15 17 21 24 30 35 37 43 49 60 73 92 108 130 154 195 232 279 337 399 495 575 681 808 948 1133 1356 1593 1899 2263 2699 3181 3788 4509 5342 6339 7489 8834 10432 12196 14325 16710 19347 22424 25597 29178 33004 37098 41468 45862 50404 54999 59462 63716 67679 71367 74842 77881 80625 83016 85147 86924 88395 89659 90675 91540 92184 92746 93211 93551 93831 94089 94307 94449 94581 94694 94778 94840 94892 94938 94974 94995 95017 95034 95049 95064 95071 95080 95082 95092 95102 95103 95105 95108 95109 95111 95111 95112 95114 95114 95114 95114 95116 95117 95118 
0 0 0 0 0 0 0 0 0 0 0 0 1 1 1 1 1 1 1 1 2 5 5 5 7 8 8 10 14 15 16 20 24 27 36 44 52 59 66 79 98 121 147 168 193 238 298 344 423 514 625 740 907 1071 1302 1579 1904 2280 2703 3244 3882 4592 5499 6526 7737 9151 10686 12548 14691 17033 19730 22790 26162 29843 33697 37826 42218 46768 51237 55690 60038 64281 68337 71925 75287 78351 80999 83396 85467 87168 88683 89863 90874 91698 92329 92868 93321 93658 93947 94168 94364 94509 94619 94715 94794 94848 94892 94924 94954 94982 95007 95020 95035 95044 95051 95057 95062 95064 95065 95070 95074 95075 95075 95076 95077 
0 0 0 0 0 0 0 0 1 1 1 1 2 2 2 4 4 6 6 6 7 9 10 12 13 15 18 21 25 34 44 57 64 77 97 115 143 177 212 263 330 394 477 571 681 810 943 1151 1392 1691 2021 2378 2813 3358 3959 4737 5570 6570 7803 9249 10948 12732 14916 17409 20215 23235 26577 30244 34119 38359 42740 47221 51598 56090 60537 64728 68651 72299 75743 78690 81393 83760 85790 87494 88897 90060 91037 91823 92483 93021 93455 93789 94053 94259 94431 94572 94682 94784 94840 94894 94934 94974 94996 95014 95034 95050 95065 95076 95082 95090 95095 95100 95106 95108 95111 95113 95113 95114 95114 95114 95115 95115 95115 95116 
0 0 0 0 0 0 0 0 0 1 1 1 1 1 1 2 4 4 5 9 10 14 16 19 25 32 35 42 51 64 80 96 116 136 169 204 239 288 353 429 515 608 732 878 1060 1278 1500 1788 2146 2547 3029 3642 4356 5162 6081 7190 8531 10020 11779 13775 16081 18680 21676 24871 28414 32215 36177 40399 44916 49483 54073 58474 62768 66733 70680 74144 77351 80169 82652 84886 86743 88267 89586 90680 91579 92278 92858 93347 93737 94048 94281 94458 94631 94757 94843 94923 94978 95024 95063 95094 95114 95130 95143 95158 95165 95173 95181 95183 95187 95190 95190 95191 95192 95194 95195 95197 95197 95198 95200 95200 95200 95201 
0 0 0 0 0 0 1 1 1 1 1 1 1 1 2 2 3 6 10 12 15 15 17 23 29 37 45 58 68 82 90 111 130 167 200 232 286 342 414 497 598 723 853 1015 1208 1427 1730 2058 2432 2874 3434 4089 4877 5739 6740 7939 9422 11079 13001 15167 17579 20350 23372 26781 30501 34580 38852 43224 47646 52157 56661 61099 65126 69020 72677 75976 78954 81611 83861 85833 87570 88978 90149 91079 91883 92528 93046 93479 93833 94105 94302 94480 94628 94732 94807 94876 94947 95004 95030 95053 95070 95090 95106 95121 95132 95137 95141 95145 95146 95146 95148 95149 95149 95149 95149 95149 95150 95150 95151 
0 0 0 0 0 0 0 0 0 0 1 1 1 1 1 1 1 1 2 2 2 2 2 4 4 4 5 8 8 11 13 17 21 24 31 35 43 56 65 74 94 111 132 162 188 232 272 333 395 488 571 671 801 954 1143 1391 1659 1995 2352 2794 3324 3942 4652 5556 6603 7844 9272 10871 12704 14780 17222 20024 23065 26386 30008 33903 38016 42391 46820 51372 55961 60265 64356 68373 72153 75521 78516 81171 83582 85612 87325 88766 89905 90905 91727 92384 92931 93381 93693 93968 94184 94369 94520 94633 94746 94813 94861 94908 94953 94983 95007 95028 95044 95053 95062 95075 95077 95086 95088 95089 95091 95093 95093 95095 95095 95095 95096 95096 95097 
0 0 0 0 0 0 1 1 1 2 3 4 5 6 9 14 14 17 20 22 24 31 42 52 63 79 94 114 137 163 197 234 286 349 422 489 598 726 861 1042 1242 1465 1771 2118 2536 3028 3603 4292 5105 5997 7125 8505 9964 11762 13715 16062 18548 21472 24687 28192 31957 35992 40167 44580 49076 53578 57993 62335 66365 70218 73825 76932 79802 82319 84510 86347 87860 89194 90254 91169 91954 92549 93036 93421 93751 94005 94218 94374 94518 94644 94724 94789 94841 94894 94926 94953 94971 94992 95012 95022 95032 95038 95043 95046 95053 95055 95056 95057 95059 95059 95059 95059 95059 95059 95061 95061 95062 95063 95063 95063 95063 95063 95063 95063 95065 
0 0 0 0 0 0 0 0 1 1 1 1 1 3 3 4 4 4 4 4 6 9 12 15 15 21 29 33 42 53 63 79 96 120 147 170 202 235 282 333 388 447 528 618 737 885 1039 1265 1509 1788 2148 2534 2981 3548 4222 5035 5929 7014 8274 9709 11333 13240 15426 17928 20670 23828 27199 30898 34866 38972 43372 47946 52486 56948 61202 65397 69426 73055 76377 79387 81984 84224 86123 87796 89158 90336 91279 92041 92661 93126 93518 93861 94101 94303 94463 94599 94720 94796 94871 94917 94973 95010 95037 95055 95080 95097 95110 95116 95127 95131 95135 95138 95142 95148 95149 95153 95154 
0 0 0 0 0 0 1 1 1 2 2 2 3 4 5 5 5 7 8 10 10 12 14 18 21 30 37 45 52 65 72 91 109 137 161 200 236 293 361 451 527 633 750 918 1091 1323 1547 1853 2201 2611 3137 3734 4489 5302 6261 7317 8671 10207 12035 14081 16377 18942 21845 25142 28669 32432 36488 40726 45132 49641 54118 58593 62902 67017 70763 74225 77319 80118 82616 84775 86602 88141 89432 90478 91402 92142 92719 93195 93581 93924 94196 94396 94558 94690 94799 94880 94947 94995 95033 95063 95094 95120 95127 95148 95158 95162 95169 95174 95177 95181 95182 95183 95184 95186 95186 95186 95186 95187 95187 95187 95188 
0 0 0 0 0 0 0 0 1 1 1 1 1 1 1 1 1 2 2 2 2 2 2 3 3 5 7 9 12 14 20 25 30 37 44 52 71 83 88 100 118 136 148 182 224 279 340 401 475 557 706 830 985 1164 1404 1707 2003 2409 2867 3390 4030 4811 5689 6775 7996 9444 11142 13084 15284 17699 20447 23476 26913 30666 34558 38792 43196 47646 52135 56576 60922 65081 69019 72823 76167 79155 81750 84003 85981 87573 88930 90105 91111 91878 92508 93036 93462 93791 94071 94320 94510 94671 94806 94910 94980 95037 95095 95131 95149 95173 95192 95205 95216 95221 95225 95232 95235 95239 95242 95245 95247 95251 95252 95252 95254 95254 95254 95256 95258 
0 0 0 0 0 0 0 0 0 0 0 0 0 0 0 1 1 2 3 3 3 4 6 9 11 17 20 21 24 28 35 41 51 62 70 81 99 124 147 177 216 254 316 377 465 544 664 795 964 1161 1370 1637 1972 2362 2829 3383 4029 4782 5670 6704 7981 9367 11035 12970 15165 17682 20543 23584 26909 30633 34546 38815 43219 47723 52238 56633 61011 65144 69141 72844 76190 79179 81809 84095 86063 87709 89040 90212 91174 91898 92487 92984 93420 93753 94019 94242 94397 94525 94628 94704 94770 94826 94878 94909 94935 94948 94967 94980 94989 94998 95006 95009 95016 95021 95027 95031 95036 95038 95040 95040 95040 95040 95041 95041 95041 95041 95041 95041 95041 95041 95041 95042 
0 0 0 0 0 0 0 1 1 1 2 3 3 3 3 4 5 5 6 7 7 8 12 15 17 21 25 30 33 40 55 64 73 86 102 128 153 184 230 277 324 388 479 565 676 807 964 1180 1421 1696 1998 2351 2814 3341 3950 4692 5603 6667 7836 9290 10967 12889 15018 17394 20087 23145 26525 30111 34087 38282 42619 46934 51241 55658 60102 64282 68320 72033 75422 78546 81319 83624 85562 87258 88745 89927 90886 91697 92334 92862 93288 93628 93933 94166 94340 94484 94593 94687 94746 94809 94860 94894 94921 94948 94967 94977 94986 94995 95003 95009 95017 95023 95026 95026 95030 95031 95034 95035 95036 95037 95037 95037 95037 95037 95037 95037 95038 
0 0 0 0 0 0 0 0 1 1 1 1 2 4 4 4 4 5 6 7 11 12 15 20 27 32 36 42 54 63 76 90 106 128 160 186 224 276 315 378 447 548 669 789 960 1156 1384 1633 1956 2331 2784 3290 3905 4633 5521 6536 7751 9141 10673 12459 14566 16939 19628 22653 26017 29607 33468 37486 41805 46217 50643 55180 59573 63922 67908 71627 75118 78158 80863 83305 85367 87170 88561 89807 90835 91646 92359 92899 93365 93707 94001 94234 94415 94581 94690 94786 94865 94938 94999 95039 95068 95094 95117 95135 95140 95147 95154 95159 95163 95168 95170 95172 95172 95173 95178 95180 95181 95182 95182 95182 95182 95182 95182 95182 95182 95182 95182 95182 95183 
0 0 0 0 0 0 1 1 1 1 1 3 3 3 3 5 6 6 8 10 16 17 21 27 32 41 50 60 68 84 104 127 158 184 231 287 344 415 493 579 707 840 1015 1210 1479 1807 2189 2604 3153 3713 4409 5214 6116 7284 8630 10226 12016 14144 16454 19084 21951 25224 28859 32661 36733 41149 45589 50028 54589 58940 63271 67271 71156 74698 77730 80482 82917 85007 86821 88375 89656 90656 91520 92237 92812 93313 93664 93958 94201 94387 94527 94648 94762 94833 94901 94943 94978 95011 95037 95058 95072 95084 95093 95103 95111 95117 95124 95126 95127 95128 95129 95130 95131 95131 95132 95132 95132 95134 
0 0 0 0 0 0 0 0 0 0 0 0 0 0 1 1 1 2 2 3 4 5 6 7 9 11 13 15 17 20 26 33 41 43 52 58 66 79 99 119 136 159 188 222 263 306 357 425 512 613 719 866 1039 1267 1501 1806 2165 2598 3074 3645 4299 5115 6059 7291 8634 10161 11970 13993 16341 19039 22128 25489 29103 32887 37041 41336 45670 50364 54863 59246 63556 67660 71312 74815 77787 80510 82864 84939 86692 88201 89454 90509 91428 92103 92677 93135 93490 93804 94062 94260 94425 94536 94648 94743 94813 94872 94922 94956 94986 95004 95024 95042 95058 95068 95075 95080 95086 95088 95089 95091 95094 95095 95099 95100 95100 95100 95101 95102 95103 95105 95105 95105 95105 95106 95107 95107 95107 95107 95107 95107 95108 95109 
0 0 0 0 0 0 0 0 0 0 0 0 1 2 2 2 2 2 3 3 3 3 4 5 7 7 7 10 12 16 17 23 36 44 59 77 92 118 139 168 198 252 311 361 436 533 637 774 912 1109 1346 1602 1907 2290 2744 3295 3897 4633 5502 6540 7739 9122 10737 12561 14680 16984 19663 22715 26117 29879 33812 37863 42185 46668 51236 55786 60164 64313 68305 72055 75431 78493 81134 83480 85519 87219 88657 89897 90839 91654 92349 92902 93371 93755 94007 94225 94396 94551 94669 94747 94819 94883 94932 94981 95014 95034 95055 95072 95089 95100 95110 95116 95121 95124 95132 95135 95138 95141 95144 95144 95144 95144 95146 95146 95146 95146 95146 95147 
0 0 0 0 0 0 0 0 0 0 0 0 0 1 1 1 1 1 1 2 2 2 3 3 3 3 3 4 4 5 5 5 6 7 7 8 10 13 14 15 15 20 20 23 25 29 32 39 49 54 64 76 85 103 125 153 183 234 277 328 400 474 571 710 844 990 1186 1435 1725 2050 2466 2910 3475 4137 4908 5812 6851 8168 9674 11397 13357 15519 17985 20846 24101 27553 31365 35269 39459 43834 48360 52762 57125 61459 65569 69345 73069 76334 79198 81811 84089 85956 87576 88988 90140 91084 91842 92471 92966 93416 93756 94027 94247 94405 94552 94665 94750 94839 94903 94958 94995 95027 95060 95079 95096 95105 95119 95120 95126 95134 95142 95145 95146 95152 95152 95153 95153 95154 95155 
0 0 0 0 0 0 0 0 0 0 1 1 1 1 2 2 2 2 2 2 2 2 3 3 3 4 4 4 4 4 6 6 7 8 8 8 10 10 13 14 18 22 23 28 34 40 50 65 74 91 113 131 161 193 221 262 316 372 455 554 665 791 952 1132 1373 1624 1935 2325 2794 3311 3955 4695 5611 6612 7891 9294 10889 12739 14956 17455 20107 23104 26423 30023 33999 38208 42412 46746 51197 55668 60004 64272 68279 71964 75284 78279 80989 83399 85476 87218 88686 89905 90860 91734 92389 92919 93408 93761 94053 94267 94445 94573 94671 94770 94844 94906 94950 95002 95033 95051 95067 95079 95090 95102 95111 95119 95121 95127 95128 95130 95130 95131 95132 95133 95133 95134 95134 95135 95135 95135 95135 95135 95136 
0 0 0 0 0 0 0 1 1 1 1 1 1 1 1 1 2 2 2 4 6 8 8 9 12 16 19 23 27 35 47 65 75 94 112 136 159 184 229 270 328 398 479 566 690 822 994 1183 1426 1686 1997 2407 2861 3420 4078 4815 5705 6731 7971 9426 11099 13030 15186 17617 20431 23474 26842 30632 34517 38761 43123 47585 52134 56531 60817 64962 68793 72406 75753 78714 81384 83703 85640 87339 88734 89929 90872 91632 92299 92854 93275 93650 93953 94168 94372 94514 94633 94722 94808 94876 94917 94959 94989 95008 95033 95048 95062 95073 95080 95084 95091 95094 95095 95100 95101 95102 95104 
0 0 0 0 0 0 0 0 1 
0 0 0 0 0 0 0 0 0 0 0 1 1 1 1 1 1 2 4 4 5 6 7 9 14 18 21 25 30 34 43 52 64 81 109 130 153 191 225 273 337 410 479 581 693 846 1025 1223 1471 1772 2124 2514 2983 3567 4233 5058 5946 7027 8294 9786 11473 13455 15682 18194 21077 24152 27558 31273 35230 39479 43829 48277 52742 57064 61345 65552 69337 73039 76278 79162 81786 84002 85898 87542 88913 90077 91003 91772 92416 92930 93314 93661 93924 94147 94328 94482 94597 94681 94754 94810 94852 94894 94921 94943 94962 94987 95001 95007 95014 95021 95023 95026 95028 95030 95033 95035 95036 95036 95037 95039 95039 95039 95039 95039 95039 95040 95041 
0 0 0 1 1 1 1 1 1 1 1 1 1 1 1 2 4 5 6 9 11 13 20 23 26 31 36 44 58 68 78 85 104 123 139 176 213 246 303 367 441 511 626 760 905 1091 1281 1503 1780 2127 2550 3018 3597 4275 5085 6060 7203 8532 10074 11864 13871 16223 18847 21689 24932 28411 32260 36226 40531 44953 49528 54028 58475 62759 66719 70472 73949 77187 80014 82559 84763 86545 88095 89376 90472 91405 92111 92709 93156 93573 93924 94157 94369 94521 94654 94762 94834 94905 94958 94997 95029 95062 95084 95099 95115 95127 95141 95147 95150 95152 95154 95160 95163 95163 95163 95163 95164 95164 95164 95164 95165 95165 95165 95166 95166 95166 95166 95166 95167 95167 95167 95167 95167 95167 95167 95167 95167 95168 
0 0 0 0 0 0 0 0 0 0 0 1 1 1 1 1 2 3 3 4 4 5 5 7 8 8 10 11 14 15 15 17 17 19 24 29 36 48 54 68 80 93 110 134 160 177 218 256 304 357 421 501 605 733 879 1065 1249 1472 1770 2126 2555 3039 3628 4305 5127 6104 7222 8517 9986 11753 13795 16123 18821 21702 24893 28423 32126 36150 40358 44849 49472 53951 58398 62662 66770 70554 74079 77313 80199 82656 84774 86574 88183 89505 90560 91490 92223 92826 93274 93672 94000 94232 94409 94557 94708 94821 94893 94960 95007 95045 95082 95110 95123 95135 95148 95156 95166 95167 95169 95172 95176 95176 95178 95178 95179 95179 95180 95180 95181 95181 95181 95181 95183 95184 
0 0 0 0 0 0 1 1 1 1 1 1 1 1 2 2 2 2 4 5 5 5 5 7 7 7 9 10 10 11 12 16 18 21 23 27 29 35 42 49 56 69 76 94 105 126 152 181 205 246 286 334 397 470 577 693 857 1011 1215 1446 1733 2055 2452 2907 3432 4084 4861 5724 6788 8008 9451 11174 12934 15108 17604 20397 23455 26827 30459 34357 38663 43041 47486 51948 56385 60709 64805 68792 72405 75773 78747 81357 83644 85644 87314 88773 89918 90987 91749 92418 92930 93361 93693 93966 94206 94393 94538 94655 94754 94841 94897 94962 94998 95034 95062 95083 95097 95106 95125 95131 95140 95149 95151 95153 95155 95157 95161 95161 95161 95162 95162 95162 95162 95162 95162 95162 95163 
0 0 0 0 1 
0 0 0 0 0 0 0 0 1 1 1 1 1 1 4 4 5 7 8 12 12 15 16 17 20 24 31 40 51 66 79 93 111 124 150 182 214 259 310 362 425 516 620 742 878 1066 1265 1474 1774 2180 2616 3101 3675 4382 5172 6136 7258 8615 10154 11930 13979 16270 18845 21780 25037 28481 32304 36530 40736 45098 49544 53968 58477 62792 66952 70806 74285 77536 80327 82762 84803 86585 88176 89461 90600 91493 92245 92806 93273 93651 93978 94206 94419 94573 94712 94820 94910 94970 95016 95052 95068 95094 95115 95137 95151 95165 95169 95176 95182 95188 95191 95193 95194 95195 95195 95195 95197 95198 95198 95198 95199 95199 95199 95200 95200 95200 95201 95202 
0 0 0 0 0 0 0 0 0 0 0 0 0 2 3 4 4 5 5 5 7 8 8 8 11 11 11 17 19 21 25 30 37 47 55 59 79 88 98 125 146 172 197 241 295 358 434 503 606 736 859 1000 1211 1465 1759 2102 2514 2963 3527 4209 5030 5985 7150 8412 9974 11732 13833 16106 18699 21547 24754 28288 31973 36039 40300 44613 49221 53668 58056 62298 66396 70231 73744 76972 79913 82391 84518 86378 87893 89267 90366 91302 92038 92646 93136 93537 93853 94119 94299 94467 94592 94688 94770 94833 94885 94940 94974 94995 95011 95030 95040 95050 95060 95061 95063 95066 95068 95070 95070 95072 95073 95074 95075 95077 95077 95078 
0 0 0 0 1 1 1 1 1 1 1 1 1 1 2 2 3 3 3 4 4 4 4 4 4 4 4 4 5 5 5 5 5 5 7 9 11 13 16 19 21 25 31 36 40 44 57 73 84 103 120 147 174 204 250 297 349 426 512 617 741 892 1060 1282 1523 1841 2198 2623 3147 3758 4442 5282 6311 7451 8822 10367 12214 14321 16721 19493 22449 25725 29362 33338 37420 41739 46174 50696 55182 59710 63960 67981 71808 75096 78254 80969 83322 85406 87090 88567 89826 90864 91689 92365 92923 93375 93725 94003 94240 94423 94576 94707 94808 94892 94959 95004 95042 95079 95103 95122 95141 95153 95165 95174 95177 95185 95186 95190 95192 95195 95195 95195 95195 95195 95196 95196 95197 95197 95197 95197 95197 95198 95198 95198 95198 95198 95198 95198 95198 95198 95198 95198 95199 
0 0 0 0 0 0 1 1 1 1 1 1 1 3 5 5 6 6 7 8 9 11 14 16 22 27 38 49 58 74 93 121 141 173 212 253 313 366 425 492 585 700 835 998 1233 1459 1725 2029 2454 2918 3445 4115 4909 5826 6938 8186 9646 11319 13267 15478 17985 20677 23771 27210 30905 34991 39169 43537 47980 52476 57037 61386 65550 69421 72988 76282 79198 81724 83976 85863 87523 88912 90054 91084 91858 92547 93076 93531 93831 94101 94318 94492 94628 94756 94842 94907 94958 94999 95015 95041 95063 95078 95087 95103 95109 95117 95119 95121 95123 95124 95125 95127 95128 95128 95129 95130 95130 95130 95131 95131 95131 95131 95131 95132 95132 95133 
0 0 0 0 0 0 0 1 1 1 2 3 3 3 3 4 5 7 7 8 8 9 11 13 15 19 20 21 26 29 34 39 41 53 65 83 94 111 137 168 200 237 277 333 408 504 600 713 852 1002 1199 1462 1751 2105 2531 2988 3567 4199 4972 5947 7005 8296 9778 11490 13472 15757 18258 21037 24057 27551 31294 35336 39647 44019 48652 53145 57638 61982 66229 70059 73581 76775 79718 82253 84414 86390 87912 89275 90437 91344 92100 92623 93105 93507 93827 94075 94298 94458 94593 94691 94767 94820 94866 94903 94938 94955 94972 94992 95006 95025 95030 95034 95041 95045 95052 95054 95056 95056 95058 95059 95061 95062 95062 95063 95064 95065 
0 0 0 0 0 0 0 0 1 
0 0 0 0 0 0 0 0 1 1 1 1 1 1 1 2 2 2 2 2 2 2 2 2 3 5 5 5 7 7 7 7 10 12 19 22 25 33 38 42 48 56 67 80 98 121 141 168 200 247 298 352 416 496 579 733 894 1046 1242 1472 1760 2113 2547 3074 3663 4396 5257 6185 7392 8713 10330 12206 14310 16678 19446 22384 25674 29290 33110 37256 41563 46125 50732 55217 59625 63874 67833 71604 75008 78086 80794 83112 85191 86980 88461 89688 90726 91583 92249 92796 93240 93561 93839 94066 94250 94397 94532 94621 94712 94765 94823 94870 94903 94926 94942 94955 94970 94982 94992 94996 95004 95009 95011 95012 95015 95018 95021 95021 95021 95021 95022 95023 95023 95023 95023 95024 95024 95025 
0 0 0 0 0 0 1 1 1 1 1 2 3 4 4 7 7 8 8 9 14 18 22 26 31 40 47 66 81 94 118 133 158 189 226 270 321 381 450 526 633 744 883 1041 1253 1492 1783 2147 2571 3064 3635 4284 5061 6028 7124 8443 9885 11611 13583 15873 18382 21194 24444 27814 31542 35593 39921 44300 48845 53282 57641 61959 66205 70130 73707 76898 79746 82251 84432 86275 87838 89205 90356 91346 92060 92702 93196 93584 93886 94170 94372 94545 94685 94800 94890 94960 95008 95052 95087 95103 95130 95149 95168 95174 95186 95197 95202 95207 95210 95214 95215 95216 95220 95221 95221 95221 95223 
0 0 0 0 0 0 0 0 0 0 0 0 0 0 1 1 1 1 1 1 1 1 1 2 4 4 7 9 9 10 13 13 15 19 23 25 31 37 46 53 70 82 101 113 137 158 189 224 266 318 382 448 534 633 750 884 1057 1262 1506 1765 2104 2483 2968 3517 4182 4957 5868 6932 8166 9631 11312 13227 15482 18057 20901 24156 27598 31241 35253 39488 43788 48277 52844 57221 61667 65846 69723 73241 76420 79328 81861 84148 86072 87683 89029 90101 91043 91796 92439 92962 93373 93721 93983 94193 94347 94481 94593 94672 94740 94790 94832 94862 94897 94924 94947 94959 94968 94981 94988 94995 95000 95002 95004 95005 95008 95012 95014 95015 95015 95015 95017 95017 95017 95018 95018 95018 95018 95019 95019 95019 95019 95019 95019 95019 95019 95019 95020 95021 95021 95022 
0 0 0 0 0 0 0 0 0 0 0 0 1 1 2 2 3 3 4 4 6 8 12 13 16 22 30 40 46 59 68 89 110 130 162 198 244 297 365 438 508 625 771 931 1125 1332 1643 1956 2318 2771 3271 3944 4652 5493 6523 7762 9082 10738 12518 14583 17038 19672 22747 25918 29525 33513 37658 42025 46418 50892 55344 59766 64000 68012 71766 75009 78026 80848 83272 85322 87066 88511 89688 90704 91544 92247 92803 93269 93632 93921 94140 94296 94453 94574 94669 94749 94794 94833 94867 94904 94925 94945 94960 94972 94977 94980 94982 94989 94991 94996 94997 95000 95001 95005 95005 95008 95008 95010 95011 95013 95014 95015 95016 95017 95017 95018 
0 0 0 0 0 0 0 0 0 0 1 1 1 1 2 2 2 2 4 5 6 6 7 9 9 9 12 13 16 18 22 30 36 47 52 67 82 97 117 137 155 186 233 291 356 430 526 629 748 890 1079 1278 1522 1803 2161 2522 3033 3571 4303 5110 6008 7114 8355 9814 11570 13494 15692 18152 20918 24001 27481 31234 35355 39637 43893 48263 52772 57191 61542 65769 69739 73317 76530 79435 81977 84239 86115 87776 89104 90280 91196 91984 92550 93072 93496 93828 94079 94272 94419 94568 94686 94775 94846 94906 94953 94993 95024 95045 95063 95082 95094 95106 95110 95117 95118 95120 95125 95128 95129 95130 95131 95132 95133 95133 95133 95133 95133 95133 95134 
0 0 1 
0 0 0 0 0 0 0 0 0 0 0 0 1 1 1 1 1 1 1 1 1 1 1 2 3 3 3 5 6 9 11 12 16 22 27 32 44 52 65 79 97 118 141 176 218 280 336 395 469 559 660 804 940 1129 1315 1565 1876 2236 2634 3132 3735 4464 5234 6193 7365 8729 10303 12149 14204 16503 19143 22182 25376 28986 32834 37012 41312 45708 50220 54736 59042 63193 67189 71040 74491 77584 80443 82922 85028 86791 88323 89560 90626 91474 92147 92713 93193 93590 93890 94131 94328 94483 94593 94710 94786 94860 94913 94960 94985 95015 95045 95066 95078 95084 95093 95103 95108 95113 95119 95123 95123 95126 95126 95128 95128 95128 95130 95131 95131 95131 95131 95133 95133 95135 95135 95135 95135 95135 95135 95135 95136 95136 95136 95136 95137 
0 0 0 0 0 0 0 0 0 0 1 1 1 1 1 1 1 2 2 3 3 3 4 5 7 8 9 10 10 14 17 21 24 29 37 45 52 66 83 103 126 144 178 230 271 324 376 458 552 650 780 929 1115 1345 1589 1896 2277 2735 3249 3902 4692 5566 6626 7806 9259 10962 12816 14980 17505 20359 23466 26787 30543 34464 38711 43182 47641 52214 56657 61135 65232 69200 72823 76217 79189 81791 84017 85986 87676 89096 90238 91200 91934 92569 93120 93547 93901 94142 94360 94537 94676 94799 94877 94946 94995 95030 95069 95088 95109 95129 95149 95155 95162 95171 95181 95185 95187 95189 95190 95193 95194 95195 95195 95196 95196 95196 95196 95196 95196 95197 
0 0 0 0 0 0 0 0 0 0 0 0 1 1 2 2 3 3 3 3 4 4 7 9 13 16 17 24 26 31 35 41 51 58 67 81 104 120 149 175 211 252 306 355 447 533 641 777 928 1093 1307 1551 1869 2215 2613 3101 3683 4368 5147 6049 7237 8556 10091 11809 13899 16315 18971 21858 24989 28391 32044 35968 40210 44729 49092 53686 58113 62428 66495 70322 73872 77036 79901 82432 84581 86423 87986 89266 90338 91260 92058 92668 93126 93513 93853 94124 94326 94505 94639 94736 94810 94882 94939 94983 95023 95036 95059 95078 95096 95100 95106 95112 95120 95123 95127 95128 95132 95132 95132 95134 95135 95136 95136 95136 95137 95137 95137 95137 95138 
0 0 0 0 0 1 
0 0 0 0 0 0 0 1 
0 0 0 0 0 0 0 0 0 0 0 1 2 2 2 2 2 2 2 2 5 5 6 8 9 11 13 18 20 28 39 47 52 74 86 102 119 141 181 213 251 294 352 419 506 602 727 867 1048 1260 1504 1826 2187 2596 3175 3804 4512 5409 6371 7483 8823 10373 12233 14261 16641 19301 22233 25536 29115 33126 37325 41556 45981 50524 54945 59449 63548 67600 71373 74886 77940 80709 83121 85200 87021 88536 89816 90826 91696 92378 92910 93357 93698 93997 94235 94431 94598 94720 94810 94914 94973 95021 95065 95104 95124 95147 95170 95177 95197 95211 95216 95223 95228 95233 95233 95238 95244 95245 95246 95249 95250 95250 95250 95250 95251 
0 0 0 0 0 0 0 1 1 1 1 1 1 2 3 3 4 6 6 10 14 15 19 23 30 39 48 64 77 88 106 134 159 187 231 269 309 367 430 512 606 712 861 1035 1239 1504 1775 2122 2531 2973 3518 4213 4959 5892 6979 8242 9714 11356 13402 15643 18109 20955 24017 27569 31414 35417 39632 44024 48592 53053 57519 61772 65920 69833 73461 76786 79643 82146 84360 86334 87895 89292 90422 91378 92130 92728 93233 93626 93974 94236 94446 94614 94750 94846 94931 94993 95043 95085 95115 95136 95163 95180 95197 95210 95223 95235 95237 95240 95243 95247 95250 95252 95253 95253 95254 95257 95257 95257 95258 95258 95258 95259 
0 0 0 0 0 1 1 1 1 2 4 4 4 4 4 4 6 6 8 9 12 14 14 16 20 22 26 40 42 47 57 70 82 103 123 151 168 197 244 297 352 434 513 610 734 883 1050 1258 1519 1824 2174 2576 3052 3648 4320 5102 6044 7144 8437 9891 11636 13667 15961 18524 21433 24585 28069 31911 35912 40134 44602 49053 53648 58117 62396 66596 70303 73787 77086 79905 82408 84504 86400 88025 89344 90420 91313 92026 92671 93154 93538 93854 94103 94303 94470 94599 94695 94776 94842 94884 94926 94959 94987 95005 95019 95033 95045 95055 95063 95071 95075 95078 95080 95086 95088 95089 95090 95092 95092 95092 95092 95092 95092 95093 
0 0 0 0 0 0 0 1 1 1 1 1 1 1 1 2 2 2 2 2 2 2 3 3 5 5 6 7 8 8 10 12 16 17 18 25 30 36 44 54 67 79 97 121 146 171 207 256 303 379 454 530 654 793 959 1139 1353 1627 1933 2331 2854 3416 4077 4865 5766 6838 8079 9535 11296 13256 15516 18061 20800 23903 27401 31117 35069 39312 43779 48241 52753 57199 61568 65763 69641 73200 76538 79405 81934 84123 86056 87703 89091 90236 91216 91964 92618 93102 93490 93820 94084 94297 94474 94627 94729 94809 94876 94944 94991 95022 95046 95064 95089 95108 95117 95125 95127 95134 95138 95144 95149 95154 95155 95156 95157 95157 95157 95157 95157 95157 95158 
0 0 0 0 0 0 0 0 0 0 0 0 1 2 3 3 3 3 4 7 9 12 13 18 21 22 27 31 34 37 41 53 59 68 74 88 104 121 141 177 210 245 282 336 400 482 585 689 810 961 1166 1391 1653 1990 2372 2796 3314 3920 4671 5567 6533 7757 9190 10795 12648 14771 17110 19861 22911 26245 29939 33850 37970 42424 46859 51430 55979 60401 64588 68560 72217 75611 78599 81178 83488 85470 87243 88678 89872 90871 91715 92416 92943 93376 93715 93992 94238 94420 94561 94654 94735 94813 94887 94937 94975 95014 95041 95057 95078 95096 95101 95104 95109 95117 95121 95125 95127 95128 95128 95130 95130 95131 95132 95132 95133 95135 95135 95135 95135 95135 95135 95136 
0 0 0 0 0 0 0 0 0 0 0 0 1 1 1 1 2 5 5 9 11 12 14 21 24 29 40 53 63 77 92 116 138 164 199 235 276 323 393 469 566 679 821 971 1164 1387 1631 1966 2318 2780 3327 3988 4783 5637 6654 7859 9251 10880 12787 14887 17262 20041 23027 26296 29851 33731 37845 42171 46664 51174 55752 60193 64318 68349 72068 75436 78394 81095 83473 85438 87238 88669 89887 90937 91770 92413 92978 93397 93761 94038 94276 94445 94581 94703 94797 94888 94956 95010 95045 95078 95099 95120 95135 95146 95151 95156 95163 95168 95176 95177 95181 95183 95184 95185 95185 95185 95186 
0 0 0 0 0 0 0 1 1 1 2 4 5 5 6 7 7 13 16 21 25 34 42 54 64 75 86 108 120 151 186 223 275 316 367 432 538 626 764 909 1053 1273 1516 1801 2191 2599 3059 3628 4296 5157 6072 7163 8412 9958 11682 13788 16053 18608 21454 24631 28166 31903 35974 40267 44734 49210 53881 58340 62657 66780 70652 74181 77382 80268 82714 84880 86608 88120 89417 90509 91380 92093 92696 93196 93547 93866 94124 94338 94514 94636 94731 94818 94886 94939 94972 95001 95031 95055 95069 95088 95100 95109 95115 95118 95122 95124 95127 95130 95133 95136 95138 95138 95139 95141 95142 95142 95142 95142 95142 95142 95142 95142 95143 
0 0 0 0 0 0 0 0 0 0 0 0 0 0 1 1 2 2 2 2 3 6 6 6 7 8 11 13 17 21 29 37 43 52 66 73 91 111 134 166 206 238 283 342 415 481 570 691 846 1014 1242 1445 1729 2094 2467 2942 3500 4096 4834 5744 6741 7907 9313 10928 12721 14800 17305 20044 23085 26501 30082 33968 38068 42441 46914 51380 55856 60217 64397 68488 72047 75470 78399 81127 83518 85519 87283 88724 90032 91039 91881 92559 93052 93497 93860 94176 94394 94597 94748 94872 94968 95046 95130 95177 95224 95248 95276 95292 95305 95319 95332 95339 95344 95347 95354 95356 95360 95361 95362 95364 95364 95364 95364 95364 95365 95365 95365 95366 95367 
0 0 0 0 0 0 0 0 0 0 0 0 0 1 1 2 3 4 4 6 8 9 13 14 16 19 21 23 35 39 47 59 68 82 99 120 138 174 205 249 305 363 428 519 621 738 863 1019 1205 1448 1724 2031 2403 2829 3359 3977 4777 5672 6701 7941 9332 10996 12814 14945 17412 20130 23222 26558 30195 34077 38311 42723 47241 51738 56136 60506 64735 68758 72392 75677 78742 81428 83768 85741 87440 88819 90021 90977 91792 92428 92975 93379 93743 93961 94173 94377 94518 94626 94706 94783 94848 94901 94935 94963 94985 95003 95015 95027 95034 95040 95047 95053 95061 95066 95069 95069 95070 95073 95076 95076 95078 95078 95078 95079 95080 95081 95081 95081 95081 95081 95081 95081 95081 95082 
0 0 0 0 0 0 0 0 0 0 0 0 0 0 0 1 1 1 2 3 3 4 5 6 8 11 13 19 23 30 36 37 42 54 62 75 86 105 123 146 162 201 231 278 326 384 462 557 662 788 935 1114 1335 1617 1926 2269 2680 3184 3800 4546 5392 6416 7560 8939 10546 12334 14432 16816 19444 22447 25729 29316 33292 37428 41642 46046 50449 55034 59410 63642 67720 71533 74923 77985 80626 83026 85083 86808 88282 89522 90553 91382 92130 92686 93135 93533 93831 94097 94308 94473 94592 94696 94785 94865 94912 94968 95003 95021 95041 95063 95084 95091 95100 95106 95108 95112 95118 95119 95123 95126 95128 95129 95130 95130 95131 95134 95134 95135 95136 
0 0 0 0 0 0 0 0 1 1 1 1 1 2 2 2 2 3 3 3 4 6 7 9 11 11 16 17 18 21 25 29 37 44 50 57 68 81 96 116 140 173 202 237 277 334 395 480 563 668 776 907 1070 1271 1540 1818 2157 2573 3094 3732 4413 5234 6213 7401 8678 10250 12037 14026 16372 19008 22043 25290 28784 32630 36683 40985 45435 49891 54431 58778 63054 67086 70920 74320 77445 80162 82683 84797 86507 87994 89286 90319 91254 92023 92613 93084 93488 93804 94080 94271 94446 94601 94711 94799 94881 94930 94977 95000 95032 95050 95065 95081 95092 95099 95105 95116 95118 95119 95121 95124 95124 95125 95127 95127 95128 95128 95129 95129 95129 95129 95130 95131 95131 95131 95132 
0 0 0 0 0 0 0 0 0 1 1 1 1 1 1 1 2 2 3 3 4 5 5 5 7 9 11 12 14 16 24 32 38 50 60 76 90 103 124 146 186 218 264 316 385 463 552 647 786 936 1104 1313 1595 1916 2300 2726 3275 3865 4581 5457 6466 7685 8988 10533 12431 14570 16919 19603 22549 25883 29520 33505 37580 41858 46250 50847 55445 59845 64086 68029 71744 75106 78216 80965 83324 85324 87097 88570 89788 90864 91690 92345 92882 93311 93683 93974 94207 94386 94513 94626 94714 94801 94858 94903 94931 94962 94987 95006 95025 95034 95040 95043 95050 95055 95061 95066 95068 95071 95075 95075 95075 95077 95079 
0 0 0 0 0 0 0 0 0 3 3 4 4 5 7 7 10 12 17 24 26 32 36 41 51 64 75 89 103 118 140 167 213 240 282 340 405 490 589 693 830 1002 1195 1454 1760 2095 2497 2963 3543 4219 5029 5920 7026 8333 9807 11625 13571 15907 18446 21290 24366 27817 31570 35565 39790 44078 48623 53161 57551 61918 66109 69939 73452 76653 79554 82143 84379 86245 87847 89239 90285 91138 91898 92491 92981 93401 93730 93993 94202 94377 94499 94614 94706 94784 94842 94890 94922 94942 94968 94986 94993 95001 95009 95016 95018 95023 95024 95029 95029 95032 95033 95034 95035 95035 95035 95035 95036 95036 95037 95037 95037 95037 95037 95037 95037 95037 95037 95037 95037 95037 95037 95038 
0 0 0 0 0 0 0 0 0 0 1 1 1 1 1 1 1 1 1 2 3 3 4 4 5 8 9 13 19 24 28 36 37 45 52 63 77 85 95 112 137 159 188 235 275 339 393 454 533 613 742 883 1047 1237 1457 1722 2034 2453 2876 3410 4062 4831 5767 6791 8092 9538 11221 13191 15389 17925 20787 23891 27399 31163 35162 39329 43706 48128 52516 56923 61281 65564 69322 73011 76300 79325 81813 84186 86150 87697 89067 90168 91140 91934 92552 93087 93485 93823 94069 94291 94468 94615 94722 94800 94866 94927 94988 95019 95045 95073 95087 95099 95117 95134 95145 95149 95154 95156 95163 95165 95167 95168 95168 95169 95170 95171 95171 95172 95173 
0 0 0 0 0 0 0 0 0 0 0 1 1 1 1 1 1 1 2 3 3 3 4 6 6 9 15 16 20 23 26 32 35 41 47 60 72 83 103 129 154 193 243 291 351 427 513 607 738 893 1084 1306 1554 1895 2216 2658 3176 3786 4498 5324 6330 7542 8877 10456 12129 14190 16520 19264 22173 25413 29021 32902 36867 41119 45457 49927 54501 58916 63331 67445 71212 74648 77733 80551 82914 85078 86867 88361 89587 90637 91549 92237 92783 93219 93583 93884 94136 94338 94469 94583 94692 94779 94838 94894 94955 94984 95006 95021 95044 95050 95059 95064 95068 95074 95077 95078 95081 95082 95084 95085 95085 95085 95085 95086 
0 0 0 0 0 0 0 0 0 1 
0 0 0 0 0 1 1 1 1 1 1 3 3 3 3 3 3 5 6 8 8 9 10 12 14 16 18 22 29 33 38 46 56 67 79 98 125 155 182 218 263 318 389 461 535 633 735 879 1045 1285 1539 1811 2177 2591 3069 3640 4302 5139 6078 7190 8525 10002 11763 13746 15984 18529 21409 24679 28226 32020 36107 40407 44832 49357 53858 58330 62604 66638 70617 74136 77178 80092 82667 84807 86583 88126 89414 90492 91418 92156 92745 93210 93598 93928 94203 94390 94551 94680 94786 94877 94936 94982 95019 95057 95078 95097 95112 95124 95136 95143 95149 95153 95156 95163 95166 95166 95168 95170 95171 95171 95172 95172 95173 95173 95174 
0 0 0 0 0 0 0 0 1 1 1 2 2 3 4 5 6 6 8 10 12 12 15 21 25 27 37 44 52 59 72 83 95 121 141 174 205 245 281 334 397 477 567 666 791 951 1148 1360 1605 1864 2202 2587 3068 3624 4307 5135 6068 7142 8385 9858 11575 13533 15757 18344 21184 24381 27841 31673 35720 39948 44329 48695 53204 57583 61917 65947 69840 73430 76557 79487 82014 84236 86186 87791 89125 90216 91121 91944 92565 93099 93508 93818 94069 94301 94462 94609 94710 94790 94857 94918 94966 94999 95032 95054 95070 95079 95089 95095 95103 95113 95117 95120 95121 95126 95130 95132 95135 95137 95138 95139 95139 95139 95139 95140 95140 95141 95141 95142 
0 0 0 0 0 0 0 0 0 1 1 1 1 1 2 2 2 2 3 3 4 5 7 9 11 12 14 17 21 25 31 39 51 62 77 90 113 139 167 205 254 292 345 417 512 615 731 889 1058 1272 1493 1743 2070 2450 2918 3465 4156 4931 5824 6919 8185 9698 11486 13352 15647 18176 21089 24201 27686 31453 35377 39559 43948 48390 52974 57502 61860 65923 69734 73283 76538 79434 81981 84205 86113 87758 89046 90183 91101 91884 92553 93035 93440 93757 94019 94215 94390 94520 94626 94709 94773 94834 94881 94911 94942 94972 94985 94997 95006 95014 95019 95025 95033 95038 95042 95046 95048 95050 95052 95053 95054 95055 95056 95056 95056 95057 95058 95058 95059 95059 95059 95059 95060 
0 0 0 0 0 0 0 0 0 0 1 1 1 1 1 1 1 1 2 3 5 9 11 13 16 18 22 23 26 34 43 54 73 91 112 129 154 200 246 303 361 431 526 635 753 892 1061 1290 1544 1868 2231 2666 3202 3833 4572 5410 6417 7679 9003 10605 12427 14566 16888 19632 22652 25955 29626 33518 37629 41935 46346 50893 55327 59666 63887 67791 71585 74861 77813 80581 82907 84965 86696 88241 89486 90453 91287 91994 92566 93045 93440 93746 93984 94183 94335 94469 94579 94665 94740 94794 94844 94868 94890 94910 94926 94938 94948 94956 94968 94974 94978 94981 94984 94986 94991 94991 94993 94993 94993 94995 
0 0 0 0 0 0 0 0 0 0 1 2 3 3 5 7 7 10 11 14 19 23 26 28 33 42 52 67 75 85 98 122 142 174 204 246 295 360 431 520 637 769 913 1085 1296 1545 1821 2203 2648 3156 3749 4422 5270 6225 7362 8692 10239 11968 14009 16437 19103 21993 25249 28721 32659 36796 41059 45469 50099 54463 58868 63169 67208 71020 74578 77668 80494 82941 85042 86852 88368 89632 90627 91451 92125 92713 93180 93544 93843 94087 94290 94441 94562 94656 94766 94822 94886 94918 94954 94974 94993 95011 95021 95028 95034 95041 95044 95048 95052 95055 95058 95061 95063 95063 95064 95064 95065 95065 95066 
0 0 0 0 0 0 0 0 0 0 0 0 1 1 1 2 2 2 3 4 4 5 5 6 8 9 10 14 18 23 26 32 39 53 68 78 96 111 131 171 204 234 280 323 406 477 577 702 846 1015 1233 1496 1769 2129 2588 3119 3745 4430 5280 6272 7480 8826 10311 12190 14291 16665 19330 22347 25585 29120 33113 37135 41509 45972 50435 54960 59331 63515 67557 71377 74785 77868 80577 83047 85202 87004 88455 89686 90728 91596 92295 92822 93269 93655 93954 94187 94382 94530 94640 94747 94820 94878 94930 94964 95004 95027 95039 95059 95073 95083 95086 95094 95104 95110 95114 95115 95118 95119 95120 95121 95123 95125 95127 95128 95128 95129 95130 
0 0 0 0 1 
0 0 0 0 0 0 0 0 0 0 0 1 2 2 2 2 3 5 6 6 8 11 13 20 22 25 31 41 47 50 57 70 88 103 120 138 166 203 236 286 329 386 454 538 646 773 919 1107 1331 1592 1849 2192 2597 3115 3754 4432 5196 6147 7270 8567 10112 11847 13805 16055 18615 21364 24583 28013 31793 35916 40021 44513 49084 53618 57996 62244 66289 70118 73718 76921 79865 82391 84616 86510 88043 89408 90458 91426 92168 92746 93222 93636 93932 94180 94393 94580 94712 94819 94904 94966 95026 95070 95102 95128 95154 95169 95185 95195 95201 95209 95214 95217 95221 95227 95227 95229 95229 95231 95231 95232 95232 95232 95233 
0 0 0 0 0 0 0 0 0 1 1 1 1 1 2 2 3 3 3 5 7 8 8 9 11 13 16 20 22 24 29 36 40 44 48 59 70 80 95 119 136 151 188 220 254 298 363 442 527 639 739 886 1044 1260 1526 1778 2155 2576 3055 3649 4312 5134 6100 7199 8488 10036 11790 13805 16112 18657 21635 24841 28162 31974 36164 40391 44779 49300 53790 58291 62511 66615 70420 73946 77149 80071 82556 84735 86579 88166 89476 90532 91386 92082 92759 93216 93595 93915 94171 94367 94534 94664 94745 94828 94890 94943 94979 95004 95027 95045 95061 95074 95087 95091 95096 95100 95104 95106 95108 95112 95114 95115 95116 95116 95117 95117 95117 95117 95117 95117 95117 95117 95117 95117 95117 95118 
0 0 0 0 0 0 0 0 0 0 1 2 2 2 5 6 6 7 9 12 16 22 27 28 32 43 51 64 75 85 107 121 150 180 218 249 294 358 429 523 618 731 864 1034 1250 1501 1764 2119 2539 3007 3575 4273 5069 5979 7087 8399 9797 11560 13533 15844 18428 21273 24426 27854 31636 35662 39916 44242 48695 53147 57637 61986 66164 70016 73519 76746 79537 82065 84274 86174 87757 89166 90271 91206 91979 92602 93084 93486 93850 94101 94320 94501 94628 94726 94807 94874 94920 94968 95002 95038 95064 95079 95099 95107 95117 95126 95133 95138 95143 95144 95146 95146 95148 95149 95149 95150 95150 95151 95151 95152 95152 95152 95153 95154 95155 
0 0 0 0 0 0 0 0 0 0 1 1 1 1 2 3 3 3 4 6 6 6 7 9 11 11 13 15 18 22 27 37 43 50 61 71 81 93 113 134 165 192 221 263 300 358 415 477 574 668 792 939 1129 1363 1599 1901 2244 2687 3197 3761 4463 5375 6387 7549 8847 10456 12377 14413 16764 19481 22412 25622 29203 33098 37077 41391 45889 50439 54866 59198 63386 67243 71034 74547 77728 80472 82856 84957 86780 88252 89523 90578 91438 92157 92700 93150 93549 93839 94096 94302 94441 94558 94664 94753 94824 94878 94927 94967 94998 95017 95036 95047 95058 95065 95070 95074 95080 95083 95085 95086 95087 95090 95092 95092 95092 95092 95093 
0 0 0 0 0 0 0 1 1 1 2 2 2 3 5 6 7 8 9 10 13 15 17 21 28 34 38 43 49 63 78 93 115 133 171 198 237 283 343 416 500 592 722 839 998 1193 1466 1755 2081 2492 2970 3500 4154 4879 5764 6810 8022 9532 11247 13216 15460 17954 20657 23770 27207 30900 34900 39065 43406 47880 52482 56970 61238 65322 69205 72918 76209 79208 81772 83992 85950 87647 89055 90219 91187 91994 92638 93166 93596 93927 94187 94406 94544 94679 94794 94876 94937 95009 95057 95084 95108 95128 95143 95159 95167 95177 95190 95196 95199 95203 95205 95210 95212 95213 95215 95216 95217 
0 0 0 0 0 0 0 1 1 1 1 3 3 3 3 3 3 4 7 10 11 12 12 14 18 23 32 38 46 53 70 85 100 119 141 172 222 261 319 386 461 552 697 837 1001 1200 1444 1729 2092 2491 2980 3574 4242 5083 6012 7100 8375 9852 11599 13625 15808 18384 21307 24484 27987 31725 35721 39943 44304 48832 53255 57820 62007 66221 70206 73718 76960 79794 82225 84452 86377 87900 89254 90332 91244 91990 92607 93098 93524 93843 94123 94344 94523 94637 94751 94853 94917 94979 95019 95057 95094 95117 95137 95146 95162 95172 95177 95181 95185 95190 95196 95199 95200 95202 95203 95203 95206 95207 95207 95209 95209 95209 95210 
0 0 0 0 0 0 0 0 0 1 1 2 2 2 3 4 4 5 9 9 10 12 12 13 15 21 24 28 33 37 42 48 58 73 89 98 114 139 176 209 245 302 359 422 506 606 732 863 1044 1261 1499 1787 2125 2573 3085 3703 4403 5247 6256 7528 8837 10452 12299 14462 16763 19443 22474 25804 29467 33332 37366 41753 46236 50789 55145 59525 63647 67608 71351 74847 77975 80737 83117 85238 87013 88529 89744 90772 91612 92298 92853 93300 93691 93969 94200 94374 94509 94625 94713 94785 94842 94891 94929 94962 94986 95001 95026 95037 95049 95058 95065 95070 95079 95082 95087 95089 95089 95090 95091 95091 95093 95093 95093 95093 95093 95093 95093 95094 
0 0 0 0 0 0 0 0 0 0 0 0 0 2 3 3 3 3 4 5 5 6 8 10 12 13 14 17 20 23 25 32 37 41 47 52 66 78 94 110 145 172 203 247 295 346 423 504 620 764 902 1074 1280 1511 1806 2155 2561 3083 3714 4404 5285 6267 7353 8701 10183 12009 14020 16398 18948 21827 25098 28606 32461 36501 40794 45213 49801 54465 58900 63085 67128 70936 74388 77558 80336 82771 84912 86604 88129 89356 90454 91406 92140 92717 93203 93563 93873 94139 94347 94502 94635 94744 94822 94897 94949 94996 95029 95060 95081 95105 95114 95121 95132 95143 95148 95154 95158 95164 95164 95166 95167 95170 95170 95171 95171 95172 95174 95174 95176 95177 95178 
0 0 0 0 0 1 
0 0 0 0 0 0 0 1 2 2 3 3 3 3 3 3 3 4 4 4 4 6 8 10 12 18 22 27 34 42 49 56 68 87 106 122 145 184 229 263 317 381 457 564 678 840 1026 1208 1414 1717 2046 2452 2965 3571 4244 5037 5907 6991 8240 9761 11457 13344 15562 18074 20844 23984 27363 31105 35143 39284 43587 48119 52636 56998 61359 65453 69334 72999 76225 79240 81727 83994 85918 87607 88977 90117 91113 91898 92592 93111 93540 93887 94168 94393 94577 94712 94825 94902 94975 95023 95057 95089 95123 95147 95161 95172 95182 95188 95192 95197 95198 95200 95205 95207 95209 95213 95215 95217 95217 95217 95217 95217 95218 
0 0 0 0 0 0 0 0 0 1 
0 0 0 0 0 0 0 0 1 1 1 1 1 1 2 2 2 2 3 3 4 4 4 7 8 8 10 12 13 21 26 30 36 44 55 64 77 90 104 121 136 167 217 258 297 355 441 520 632 778 925 1129 1337 1620 1935 2328 2782 3324 3957 4735 5640 6717 7914 9376 11065 12851 14988 17385 20044 23089 26413 30058 33969 38104 42332 46760 51226 55711 60037 64247 68269 71890 75291 78387 81061 83496 85526 87300 88720 89924 90884 91710 92370 92878 93290 93635 93904 94126 94314 94443 94574 94663 94736 94804 94839 94879 94917 94947 94970 94986 94999 95011 95017 95025 95028 95035 95038 95041 95043 95044 95047 95048 95049 95050 95050 95050 95051 
0 0 0 0 0 0 0 1 1 2 3 3 3 3 3 4 4 5 6 8 9 11 13 15 16 19 19 20 22 26 33 39 44 56 61 68 76 90 108 128 145 164 191 226 269 307 377 443 537 625 759 893 1063 1246 1508 1817 2144 2553 3061 3636 4287 5077 6037 7132 8446 9919 11686 13673 15920 18433 21305 24537 27961 31718 35763 39808 44174 48776 53342 57819 62097 66282 70095 73691 76968 79724 82260 84514 86361 87889 89272 90443 91353 92101 92704 93261 93649 93958 94236 94433 94593 94707 94809 94889 94963 95026 95085 95113 95139 95154 95166 95183 95195 95211 95223 95229 95238 95241 95245 95248 95249 95251 95252 95254 95256 95257 95258 95260 95260 95261 95261 95263 95265 95265 95265 95265 95266 95266 95266 95266 95266 95266 95267 
0 0 0 0 0 0 0 0 0 1 1 1 1 1 1 2 3 3 5 7 11 12 15 21 25 29 37 50 62 77 89 115 134 165 210 243 288 354 403 492 597 726 866 1031 1257 1561 1840 2211 2618 3130 3709 4412 5281 6242 7351 8662 10163 11952 14135 16478 19120 22003 25273 28829 32643 36796 41098 45529 49953 54516 59040 63320 67430 71150 74591 77749 80458 82898 85112 86889 88447 89710 90758 91596 92316 92881 93344 93779 94072 94301 94503 94647 94769 94859 94941 95004 95045 95078 95109 95134 95157 95176 95187 95195 95200 95203 95204 95211 95214 95215 95216 95218 95219 95219 95220 
0 0 0 1 
0 0 0 0 0 0 0 0 0 0 0 0 0 0 1 2 2 2 2 4 4 6 7 9 10 11 15 19 23 25 34 42 49 58 68 79 95 117 138 156 187 225 266 310 359 432 512 589 670 810 979 1139 1366 1615 1943 2292 2726 3238 3818 4506 5348 6408 7595 8931 10491 12211 14262 16597 19246 22286 25538 29156 33022 37133 41455 45906 50406 54738 59186 63428 67463 71206 74526 77673 80499 82839 84930 86656 88234 89496 90570 91387 92052 92616 93115 93519 93819 94079 94251 94414 94545 94645 94708 94766 94826 94875 94901 94929 94956 94979 94993 95006 95014 95022 95026 95030 95033 95037 95038 95040 95042 95043 95044 95044 95044 95044 95045 
0 0 0 0 0 0 0 0 0 0 0 1 1 1 2 5 5 5 8 9 10 11 14 16 17 22 26 32 41 51 61 72 84 108 134 153 183 223 268 331 409 487 595 712 863 1034 1225 1450 1710 2033 2440 2883 3433 4119 4901 5802 6888 8174 9602 11277 13164 15361 17956 20738 23893 27297 30868 34976 39172 43515 47977 52527 57056 61445 65522 69509 73081 76246 79190 81742 84063 85987 87639 89119 90307 91239 91982 92640 93130 93554 93912 94185 94378 94536 94675 94769 94867 94936 95000 95053 95094 95116 95145 95167 95181 95194 95205 95210 95212 95217 95220 95225 95227 95228 95229 95232 
0 0 0 0 0 0 0 0 0 1 1 1 1 1 1 1 1 1 2 2 2 2 3 4 5 5 5 6 8 9 11 17 19 23 30 42 51 59 72 82 106 131 169 196 233 286 362 436 519 616 740 888 1069 1293 1541 1820 2161 2587 3079 3665 4376 5201 6155 7289 8587 10205 11956 14031 16338 18842 21800 24979 28531 32353 36414 40657 45050 49563 54169 58536 62849 66914 70730 74191 77502 80278 82732 84793 86598 88135 89374 90510 91392 92100 92667 93148 93599 93932 94160 94372 94537 94670 94786 94864 94938 94982 95016 95045 95066 95084 95098 95114 95125 95132 95138 95142 95145 95148 95151 95154 95156 95157 95157 95158 95159 95159 95159 95160 
0 0 0 0 0 0 0 0 0 0 0 1 2 2 3 3 3 3 5 10 11 14 15 20 23 32 38 46 51 63 78 94 109 137 162 192 230 281 337 393 470 556 655 775 916 1112 1340 1587 1904 2272 2756 3304 3908 4618 5554 6575 7771 9135 10717 12535 14634 16986 19645 22721 25938 29593 33451 37620 41860 46372 50863 55308 59648 63856 67788 71535 74928 77985 80682 83147 85303 87057 88539 89798 90819 91649 92342 92838 93288 93616 93892 94150 94310 94459 94583 94685 94755 94832 94877 94911 94939 94965 94984 94994 95005 95014 95024 95029 95033 95039 95044 95044 95045 95046 95049 95049 95050 95050 95050 95050 95050 95051 
0 0 0 0 0 0 0 0 0 0 0 0 0 1 1 1 1 1 2 3 4 4 4 6 8 9 14 17 22 26 30 35 41 51 62 81 104 132 157 182 211 265 310 363 440 549 640 756 894 1039 1217 1451 1735 2046 2412 2866 3449 4091 4852 5771 6778 8041 9472 11135 13030 15258 17791 20543 23601 27020 30750 34748 38998 43299 47711 52138 56620 60926 65149 69110 72787 76041 78961 81610 83829 85773 87395 88843 90007 90976 91804 92488 92956 93425 93780 94064 94321 94507 94624 94728 94830 94916 94963 94999 95023 95056 95077 95089 95108 95119 95128 95137 95141 95142 95146 95152 95156 95157 95159 95161 95163 95164 95164 95164 95164 95165 95166 
0 0 0 0 0 0 0 1 1 1 1 1 1 2 2 2 4 4 4 4 5 6 9 15 15 20 23 24 31 34 39 51 60 65 81 99 121 146 181 216 259 301 363 427 489 569 686 833 984 1168 1404 1647 1996 2404 2816 3334 3984 4714 5588 6604 7714 9067 10604 12411 14507 16823 19443 22202 25416 28899 32680 36745 41034 45269 49762 54311 58598 62766 66873 70591 74048 77249 80012 82457 84630 86478 87980 89318 90339 91241 92062 92666 93124 93520 93855 94122 94317 94501 94624 94744 94820 94890 94935 94976 95009 95036 95060 95074 95087 95102 95110 95118 95121 95124 95128 95129 95131 95132 95134 95135 95135 95135 95135 95136 
0 0 0 0 0 0 0 1 1 1 1 1 2 4 6 8 10 12 14 19 25 29 42 50 64 77 93 112 128 151 180 213 267 321 381 453 545 643 759 893 1068 1286 1529 1830 2213 2658 3180 3749 4469 5375 6313 7555 8935 10538 12370 14382 16756 19471 22464 25756 29402 33250 37349 41648 45911 50352 54770 59162 63485 67628 71338 74656 77773 80497 82831 85027 86881 88352 89616 90597 91478 92203 92789 93238 93604 93927 94148 94338 94496 94623 94738 94820 94891 94932 94973 95013 95037 95061 95085 95097 95109 95115 95120 95123 95133 95137 95143 95146 95149 95150 95152 95152 95152 95153 95154 
0 0 0 0 0 0 0 0 0 0 0 1 1 1 1 2 2 2 3 4 7 9 15 18 24 31 40 45 60 69 83 94 116 144 171 207 262 317 364 442 544 639 745 912 1089 1294 1543 1867 2262 2702 3229 3882 4570 5435 6482 7645 9002 10608 12463 14613 16966 19667 22734 26078 29723 33528 37673 41982 46470 51010 55575 60096 64368 68292 71976 75462 78545 81272 83654 85726 87407 88851 90064 91099 91944 92569 93120 93593 93963 94248 94475 94667 94806 94929 95015 95106 95174 95218 95271 95304 95325 95350 95366 95381 95390 95395 95403 95409 95417 95421 95423 95424 95426 95426 95426 95428 95428 95428 95429 95430 95430 95431 
0 0 0 0 0 0 0 0 0 1 2 
0 0 0 0 0 0 1 1 1 1 1 2 2 5 5 6 6 8 8 8 13 16 19 25 29 36 41 53 64 71 85 98 111 133 161 188 233 289 338 399 466 562 673 801 949 1149 1353 1623 1934 2277 2709 3227 3860 4616 5460 6499 7639 8958 10533 12300 14444 16874 19429 22348 25606 29315 33048 37160 41439 45756 50240 54648 58968 63253 67389 71122 74614 77653 80427 82873 85016 86806 88303 89569 90597 91450 92154 92757 93258 93621 93918 94157 94380 94539 94657 94760 94836 94912 94971 95027 95062 95083 95102 95121 95129 95138 95149 95157 95163 95168 95172 95174 95176 95177 95178 95178 95178 95179 95180 
0 0 0 0 0 0 0 0 0 1 
0 0 0 0 0 0 0 0 1 
0 0 0 0 0 1 1 1 1 1 2 2 2 2 4 4 5 9 10 15 21 27 32 35 42 53 69 87 100 125 157 184 227 265 315 382 473 571 686 833 990 1191 1416 1670 2000 2373 2857 3442 4120 4863 5797 6882 8183 9642 11371 13295 15613 18083 20897 24012 27400 31157 35131 39362 43655 48101 52617 57027 61362 65552 69590 73200 76537 79402 82028 84212 86116 87741 89126 90233 91200 91917 92543 93049 93483 93842 94119 94322 94490 94631 94749 94853 94917 94983 95029 95066 95099 95132 95147 95159 95170 95184 95189 95196 95200 95202 95205 95205 95205 95206 95207 95207 95207 95207 95207 95208 95208 95208 95208 95209 
0 0 0 0 0 0 0 0 0 1 1 1 1 1 2 2 3 4 5 8 9 13 13 15 18 20 20 28 31 35 41 47 63 75 87 103 119 142 167 207 239 278 328 377 444 530 630 740 878 1057 1250 1506 1794 2174 2586 3068 3620 4394 5220 6210 7379 8730 10230 11996 14122 16437 19090 22044 25380 28880 32690 36748 41050 45445 49905 54484 58939 63295 67367 71156 74601 77715 80494 82982 85044 86901 88390 89682 90716 91585 92276 92869 93330 93716 94028 94295 94508 94650 94775 94880 94956 95019 95061 95108 95132 95159 95179 95190 95197 95209 95218 95221 95228 95231 95237 95242 95247 95247 95250 95251 95251 95251 95252 95253 95253 95254 95254 95254 95254 95254 95254 95254 95254 95255 
0 0 0 0 0 0 0 0 0 0 0 0 1 1 1 1 1 1 2 2 2 2 4 5 6 8 9 10 12 13 16 24 29 34 39 49 62 82 102 121 149 180 222 269 334 406 489 581 715 850 1032 1257 1488 1775 2081 2517 3003 3560 4265 5065 5991 7060 8368 9897 11689 13642 15988 18529 21518 24681 28169 32024 36068 40208 44654 49187 53820 58302 62575 66711 70544 74164 77237 80039 82440 84631 86497 88033 89375 90476 91346 92081 92694 93156 93562 93880 94128 94317 94456 94586 94702 94775 94829 94873 94919 94948 94979 95001 95017 95035 95046 95053 95055 95059 95061 95065 95068 95069 95070 95071 95072 95075 95075 95075 95076 95077 95078 
0 0 0 0 0 0 0 0 0 1 1 1 1 1 1 1 2 2 2 2 2 2 2 2 2 2 2 4 4 4 4 5 6 6 7 8 11 12 14 16 20 24 28 33 40 50 57 68 88 118 141 173 204 245 290 345 423 499 594 724 884 1075 1286 1537 1864 2207 2646 3176 3824 4522 5383 6358 7487 8880 10462 12286 14411 16710 19369 22263 25627 29291 33124 37334 41645 46081 50561 55112 59453 63772 67866 71580 75035 78156 80820 83205 85289 87025 88519 89766 90796 91624 92320 92851 93309 93674 93974 94214 94406 94552 94686 94768 94854 94924 94962 95002 95031 95055 95078 95101 95111 95117 95125 95128 95133 95136 95138 95143 95144 95144 95145 95145 95147 95148 95148 95149 95149 95149 95149 95149 95150 
0 0 0 0 0 0 0 0 1 1 1 1 1 1 1 2 2 2 2 2 3 4 4 4 5 5 6 8 8 9 10 10 10 14 20 23 30 34 41 48 55 65 72 82 93 114 134 161 186 226 280 332 416 483 556 668 804 936 1130 1340 1606 1920 2306 2744 3245 3885 4610 5506 6543 7704 9115 10719 12579 14633 17075 19826 22775 25945 29536 33368 37431 41736 46151 50746 55192 59591 63803 67776 71540 75008 78155 80930 83380 85473 87184 88661 89895 90869 91697 92395 92970 93423 93800 94096 94328 94527 94693 94816 94905 94971 95014 95064 95104 95138 95158 95178 95192 95202 95210 95220 95225 95227 95230 95234 95237 95239 95239 95240 95240 95240 95240 95241 95241 95241 95242 
0 0 0 0 0 0 0 0 0 0 1 1 1 2 2 2 2 2 2 3 4 4 6 6 9 11 12 16 17 21 27 34 40 49 60 69 87 99 122 149 167 187 221 276 326 376 452 519 619 741 892 1055 1270 1494 1792 2144 2555 3070 3616 4305 5140 6121 7226 8566 10081 11919 13932 16173 18735 21606 24838 28371 32190 36353 40663 45100 49594 54131 58651 62931 66970 70698 74163 77386 80217 82657 84842 86647 88206 89560 90577 91444 92157 92783 93244 93637 93934 94176 94362 94533 94678 94776 94859 94919 94983 95021 95057 95082 95109 95120 95133 95145 95148 95156 95158 95159 95166 95169 95171 95173 95173 95174 95175 95176 
0 0 0 0 0 0 0 0 0 1 1 1 1 1 4 6 7 8 10 12 14 17 22 29 41 53 61 73 89 108 134 159 185 217 269 321 380 471 574 688 817 1004 1189 1452 1703 2064 2496 2996 3547 4209 5032 6030 7125 8408 9928 11653 13603 15892 18504 21351 24528 28016 31803 35835 40153 44570 49128 53596 58100 62482 66494 70296 73746 77028 79926 82414 84554 86393 88025 89385 90499 91378 92105 92709 93181 93588 93893 94145 94362 94523 94657 94750 94843 94912 94967 95005 95039 95073 95089 95096 95103 95110 95120 95126 95134 95136 95140 95142 95146 95147 95149 95151 95153 95153 95153 95154 95154 95154 95154 95155 
0 0 0 0 0 0 0 0 0 0 0 0 1 1 2 2 4 4 4 5 5 6 9 13 14 18 18 22 28 37 45 54 66 79 92 109 130 156 187 214 254 293 332 407 490 576 693 817 976 1175 1398 1687 2030 2417 2913 3470 4099 4860 5760 6791 8069 9535 11206 13170 15227 17764 20634 23739 27092 30774 34750 38942 43317 47759 52158 56552 60906 65074 69075 72750 76066 79029 81626 83888 85772 87454 88885 90041 91004 91805 92415 92974 93416 93761 94031 94237 94431 94587 94710 94789 94862 94915 94957 94991 95028 95057 95077 95084 95098 95106 95114 95117 95122 95129 95130 95131 95132 95132 95133 95134 95134 95134 95134 95135 95135 95136 
0 0 0 0 0 0 0 0 0 0 0 1 1 2 2 2 2 2 4 4 5 5 5 7 11 12 15 18 25 26 34 45 52 62 76 88 105 125 152 186 216 265 326 391 467 559 674 800 986 1172 1440 1729 2050 2475 2959 3498 4173 4945 5880 6998 8269 9742 11466 13471 15642 18160 21023 24255 27603 31379 35358 39536 43912 48351 52943 57398 61795 65965 69761 73282 76569 79512 82032 84224 86206 87811 89200 90301 91230 92007 92601 93115 93541 93879 94125 94328 94512 94618 94714 94799 94873 94925 94962 95006 95035 95058 95081 95098 95110 95115 95125 95130 95134 95137 95138 95144 95144 95144 95146 95147 95148 95150 95151 
0 0 0 0 0 0 0 0 0 0 0 0 1 1 1 1 1 1 1 1 1 4 8 9 10 10 13 14 19 21 24 29 36 45 55 66 86 104 127 155 192 242 303 366 450 537 634 754 879 1046 1274 1520 1809 2171 2603 3094 3677 4372 5172 6067 7251 8600 10097 11839 13937 16205 18767 21633 24870 28398 32187 36201 40401 44778 49144 53655 58093 62341 66430 70286 73832 77016 79921 82375 84570 86414 88038 89324 90403 91352 92098 92692 93177 93532 93824 94090 94285 94456 94574 94669 94760 94821 94866 94898 94925 94945 94973 94991 95008 95014 95019 95031 95037 95043 95049 95051 95054 95054 95055 
0 0 0 0 0 0 0 0 1 1 1 1 1 1 3 3 4 4 4 6 7 8 10 13 15 16 17 24 29 33 42 49 51 64 76 96 107 125 151 188 232 288 352 421 497 586 709 857 1005 1198 1426 1720 2042 2418 2862 3394 4024 4784 5715 6798 7999 9392 11133 13043 15234 17755 20561 23715 27075 30824 34801 39096 43465 47966 52496 57000 61281 65408 69329 72953 76202 79151 81767 83968 85852 87503 88922 90106 91100 91869 92527 93068 93518 93854 94148 94353 94536 94679 94775 94857 94945 94996 95039 95074 95102 95122 95136 95148 95161 95172 95176 95182 95187 95193 95195 95197 95199 95201 95203 95203 95204 95205 95205 95205 95207 95207 95207 95207 95208 95209 
0 0 0 0 0 0 0 1 1 1 1 1 1 1 1 1 3 3 5 5 6 9 10 15 16 20 26 29 35 45 53 66 82 97 122 148 177 222 257 307 368 436 527 625 747 883 1079 1301 1514 1807 2211 2669 3160 3773 4502 5369 6372 7481 8814 10354 12153 14221 16585 19114 22099 25381 29003 32842 36863 41181 45627 50266 54791 59198 63380 67517 71330 74785 77849 80655 83086 85163 86971 88447 89692 90731 91593 92258 92822 93300 93693 94017 94262 94434 94583 94703 94810 94877 94927 94985 95032 95058 95083 95104 95119 95132 95145 95154 95159 95166 95173 95175 95177 95180 95182 95183 95183 95183 95183 95183 95183 95183 95183 95183 95183 95183 95183 95183 95183 95183 95183 95183 95184 
0 0 0 0 0 0 0 0 0 0 0 0 0 0 0 1 2 2 2 2 6 8 9 10 13 19 23 25 29 33 39 48 62 80 98 111 137 163 183 216 262 307 365 437 533 638 769 910 1051 1256 1486 1795 2153 2584 3088 3686 4365 5239 6155 7311 8658 10158 11919 14065 16408 18998 21889 25144 28681 32426 36443 40657 45098 49671 54127 58575 62921 67046 70814 74353 77522 80260 82811 84887 86742 88241 89532 90588 91475 92195 92794 93231 93571 93891 94126 94330 94492 94621 94716 94799 94865 94922 94964 94994 95017 95032 95054 95061 95077 95083 95092 95097 95103 95109 95113 95114 95115 95118 95119 95123 95123 95125 95125 95127 95127 95127 95127 95128 
0 0 0 0 0 0 0 0 1 1 2 3 3 3 4 4 4 5 6 7 9 12 16 20 23 30 36 46 53 64 78 93 121 139 180 207 254 305 375 444 558 681 845 1014 1214 1482 1781 2149 2554 3058 3585 4364 5187 6115 7265 8529 10053 11938 13938 16168 18777 21726 24954 28516 32406 36552 40861 45332 49868 54388 58853 63094 67116 70940 74374 77510 80307 82669 84870 86759 88346 89661 90701 91551 92239 92837 93305 93684 94015 94247 94443 94602 94729 94840 94912 94970 95018 95071 95107 95133 95156 95169 95185 95197 95206 95214 95221 95231 95232 95234 95235 95236 95236 95239 
0 0 0 0 0 0 0 0 0 0 1 1 1 1 2 2 2 3 3 3 3 3 4 5 5 5 6 7 8 8 9 11 12 14 18 20 23 27 32 41 47 54 65 75 89 106 131 161 190 210 259 310 374 449 528 627 761 935 1116 1298 1543 1872 2231 2653 3140 3743 4526 5357 6400 7479 8862 10359 12151 14185 16499 19142 21984 25160 28722 32481 36699 40986 45176 49682 54226 58810 62956 67000 70763 74220 77427 80184 82631 84715 86489 88037 89340 90422 91306 92075 92637 93118 93494 93772 94024 94211 94386 94501 94612 94703 94782 94839 94880 94921 94951 94970 94998 95006 95016 95029 95037 95041 95043 95046 95050 95052 95055 95058 95060 95062 95064 95066 95066 95066 95066 95066 95066 95066 95066 95066 95067 
0 0 0 0 0 0 0 0 0 1 1 1 1 2 2 3 5 6 8 8 12 14 15 15 16 18 23 28 30 33 38 49 59 71 77 92 105 129 157 195 229 271 328 385 434 516 613 744 891 1078 1284 1543 1825 2155 2602 3140 3708 4403 5208 6160 7299 8533 10065 11882 13873 16212 18809 21639 24905 28438 32324 36452 40738 45094 49540 54044 58495 62843 66902 70628 74091 77240 80065 82571 84748 86547 88128 89413 90463 91326 92045 92650 93171 93564 93879 94117 94317 94471 94610 94708 94790 94867 94924 94965 94992 95014 95042 95062 95075 95090 95099 95109 95114 95120 95124 95126 95131 95132 95134 95135 95138 95138 95139 95140 95140 95141 95141 95141 95141 95142 
0 0 0 0 0 0 0 1 
0 0 0 0 0 0 0 0 0 1 1 1 1 2 2 2 3 5 7 7 9 9 12 12 16 17 20 21 30 35 41 50 62 74 85 98 126 144 172 201 243 291 343 419 506 597 707 853 1020 1220 1444 1715 2079 2505 2952 3509 4176 4966 5905 7031 8287 9783 11517 13553 15753 18231 21079 24340 27787 31588 35556 39705 44095 48609 53176 57597 61874 66025 69935 73529 76820 79722 82247 84458 86319 87981 89310 90411 91335 92070 92732 93229 93646 93990 94232 94467 94634 94774 94882 94960 95018 95067 95111 95154 95181 95204 95219 95228 95236 95246 95252 95259 95262 95263 95264 95266 95266 95266 95267 95268 95268 95268 95269 95269 95270 
0 0 0 0 0 0 0 0 0 0 1 1 1 1 1 1 2 2 3 3 3 3 4 4 6 7 9 10 14 17 17 21 27 35 39 50 62 78 85 108 127 152 182 234 278 343 391 472 559 692 845 1007 1208 1454 1715 2079 2468 2973 3505 4150 4956 5853 6941 8185 9597 11332 13227 15388 17785 20591 23708 27064 30683 34628 38845 43183 47518 51994 56495 60895 65037 68984 72598 75910 78860 81578 83833 85796 87465 88845 89952 90868 91660 92321 92837 93262 93610 93876 94094 94281 94405 94524 94610 94677 94738 94782 94826 94846 94870 94890 94898 94910 94920 94921 94928 94934 94935 94936 94939 94941 94941 94943 94944 94945 94947 94947 94947 94947 94947 94948 
0 0 0 0 0 0 0 0 0 0 0 0 0 1 1 1 2 2 2 2 3 3 4 9 10 10 12 12 14 17 24 27 36 45 56 69 81 101 127 149 173 201 237 283 344 406 509 614 735 887 1041 1237 1476 1768 2098 2507 2977 3535 4190 5000 5897 7022 8291 9746 11440 13401 15660 18141 20996 24110 27563 31323 35383 39560 43946 48494 52931 57489 61778 66049 69836 73526 76641 79492 81981 84195 86104 87752 89109 90184 91115 91917 92562 93069 93457 93787 94047 94258 94439 94594 94698 94795 94869 94934 94988 95024 95047 95071 95083 95100 95119 95128 95131 95138 95140 95143 95144 95148 95152 95152 95155 95157 95157 95157 95158 95160 
0 0 0 0 0 0 0 0 0 1 
0 0 0 0 1 1 1 1 1 1 1 2 2 2 2 2 2 3 4 5 6 7 10 15 18 21 28 36 47 54 66 81 96 118 140 161 188 224 275 329 385 456 547 655 783 918 1103 1290 1519 1823 2183 2586 3081 3698 4355 5145 6121 7272 8587 10163 11917 13930 16266 18943 21822 25018 28536 32348 36408 40685 45162 49603 54050 58642 62946 67060 70878 74254 77436 80276 82717 84892 86724 88282 89541 90595 91431 92153 92723 93240 93641 93942 94188 94387 94562 94672 94789 94867 94928 94980 95022 95061 95091 95105 95127 95137 95154 95162 95172 95175 95178 95182 95183 95186 95191 95193 95193 95195 95195 95196 95197 95197 95197 95198 95200 95200 95200 95200 95200 95201 
0 0 0 0 0 0 0 0 0 0 0 0 0 0 1 1 2 2 3 4 6 7 8 9 11 13 17 22 24 28 34 37 44 59 73 97 117 144 163 191 224 273 345 404 486 585 696 842 1015 1206 1447 1746 2093 2514 2994 3583 4256 5081 6037 7129 8426 9959 11726 13715 16021 18669 21524 24750 28279 32107 36138 40410 44864 49284 53826 58214 62491 66655 70525 73991 77155 80025 82476 84589 86470 88026 89376 90473 91370 92094 92700 93199 93580 93933 94184 94382 94550 94679 94785 94855 94942 95006 95064 95089 95111 95138 95157 95172 95180 95191 95198 95204 95208 95210 95214 95216 95217 95217 95218 95219 95219 95219 95222 95223 95223 95225 95225 95225 95225 95225 95225 95225 95226 
0 0 0 0 0 0 0 0 0 0 0 1 1 2 4 5 5 8 8 10 10 15 17 23 29 31 33 41 50 61 74 90 105 126 148 177 212 244 289 353 420 512 613 735 876 1033 1228 1492 1768 2124 2539 2996 3586 4272 5057 5975 7080 8373 9822 11601 13676 15935 18486 21398 24562 28029 31696 35729 39904 44271 48795 53368 57882 62190 66340 70162 73689 76845 79668 82259 84482 86396 87995 89309 90407 91344 92103 92726 93212 93634 93961 94228 94429 94584 94706 94819 94896 94959 95018 95060 95099 95128 95143 95161 95174 95186 95192 95199 95204 95210 95212 95212 95214 95214 95215 95216 95216 95218 95218 95218 95219 95219 95221 
0 0 0 0 0 0 0 0 0 0 1 1 1 1 1 1 1 2 2 3 4 5 5 9 11 13 18 21 26 29 33 40 52 64 76 87 104 129 154 180 219 256 309 359 440 505 586 711 852 1035 1213 1447 1743 2050 2431 2907 3495 4180 4974 5900 6967 8216 9696 11396 13381 15581 18230 21061 24100 27582 31338 35409 39755 44158 48706 53273 57740 62087 66210 70130 73787 77124 79974 82474 84728 86637 88197 89483 90555 91432 92205 92781 93254 93663 93967 94237 94443 94602 94743 94856 94933 95000 95059 95101 95137 95169 95190 95212 95231 95241 95246 95257 95264 95268 95273 95274 95276 95277 95278 95279 95279 95279 95280 95281 
