1 1 1 1 3 6 6 9 10 13 19 29 30 33 39 47 55 74 89 107 136 155 190 229 276 319 369 439 513 617 753 878 1046 1234 1455 1706 2025 2388 2869 3439 4116 4944 5784 6868 8179 9695 11460 13510 15836 18467 21527 24933 28609 32618 36880 41549 46345 51212 56210 61054 65612 69888 73878 77373 80433 83047 85347 87239 88773 89984 91042 91859 92540 93090 93528 93886 94142 94353 94534 94698 94806 94896 94975 95025 95069 95107 95135 95156 95173 95181 95188 95196 95207 95216 95224 95231 95231 95232 95232 95234 95235 95235 95236 95237 95238 95238 95238 95238 95238 95238 95238 95238 95238 95238 95238 95238 
1 1 1 1 
1 1 1 1 1 1 1 1 1 4 4 4 7 9 10 10 12 14 18 24 28 35 43 51 58 69 84 101 115 136 162 209 241 288 340 390 460 533 663 803 971 1159 1361 1640 1952 2329 2747 3283 3949 4745 5615 6650 7916 9305 10997 13064 15264 17885 20853 24124 27824 31767 36053 40461 45186 50127 55050 59812 64399 68751 72831 76229 79401 82112 84434 86373 88035 89463 90594 91493 92274 92864 93338 93681 93963 94219 94408 94571 94705 94796 94881 94948 95003 95040 95071 95097 95118 95131 95140 95155 95165 95174 95180 95182 95185 95187 95189 95192 95194 95194 95194 95195 95195 95195 95196 95196 95196 95196 95196 95196 95196 95196 95196 95196 95196 95196 95196 
1 3 3 3 3 3 3 3 4 6 6 6 6 7 9 10 12 15 19 22 24 27 37 43 59 67 82 95 116 129 160 199 235 280 342 418 492 597 726 859 1020 1209 1421 1675 1982 2359 2802 3285 3939 4678 5575 6635 7893 9371 11063 13048 15329 17973 20789 24156 27826 31829 36040 40664 45454 50335 55217 60014 64730 69108 73017 76620 79775 82383 84685 86628 88204 89516 90571 91415 92118 92711 93181 93565 93884 94135 94335 94483 94595 94711 94779 94831 94895 94937 94979 95005 95028 95044 95057 95070 95072 95078 95085 95091 95098 95101 95103 95106 95107 95111 95112 95112 95113 95114 95116 95116 95117 95118 95118 95118 95118 95118 95118 95118 95118 95118 95118 95118 95118 
1 1 1 1 1 1 1 1 1 1 1 3 4 4 5 6 8 9 9 13 15 16 21 22 27 31 41 47 54 63 70 85 107 134 160 198 222 266 313 362 441 542 641 765 938 1129 1354 1651 1952 2295 2832 3433 4129 4871 5787 6883 8109 9572 11370 13458 15824 18426 21395 24711 28347 32487 36967 41513 46272 51170 55965 60873 65353 69698 73545 76970 80001 82735 84975 86924 88481 89821 90850 91647 92319 92883 93346 93697 93965 94211 94385 94519 94628 94709 94794 94853 94902 94943 94975 94995 95005 95024 95033 95043 95047 95054 95062 95066 95070 95072 95073 95074 95074 95075 95076 95077 95077 95077 95077 95077 95077 95077 95077 95077 95077 
1 1 1 1 3 3 4 5 5 6 7 7 9 9 10 13 13 15 20 25 33 37 47 63 77 87 104 118 148 189 234 279 325 384 468 558 690 872 1038 1241 1490 1780 2102 2512 2973 3534 4223 5007 5997 7082 8401 9863 11602 13607 15988 18650 21632 25037 28858 33021 37333 41915 46713 51591 56608 61243 65744 70034 73915 77358 80318 83034 85299 87199 88806 90049 91076 91897 92563 93097 93530 93853 94125 94296 94463 94582 94674 94780 94844 94900 94944 94978 95006 95026 95039 95053 95068 95079 95087 95093 95102 95104 95108 95111 95111 95112 95114 95114 95114 95115 95115 95115 95115 95115 95116 95116 95116 95116 95116 95116 95116 95116 95116 95116 
1 1 1 1 1 2 3 4 4 6 7 8 9 11 14 21 26 28 34 46 56 70 87 107 120 144 164 206 258 304 358 435 521 639 767 913 1098 1308 1545 1897 2254 2677 3215 3818 4527 5442 6402 7585 9005 10611 12586 14754 17265 20176 23404 26884 30755 35028 39558 44373 49332 54283 59102 63867 68170 72266 75800 79023 81893 84330 86377 88055 89462 90634 91545 92271 92878 93345 93731 94026 94280 94488 94625 94737 94844 94924 94976 95022 95059 95094 95122 95140 95156 95167 95173 95179 95184 95188 95189 95191 95193 95193 95195 95197 95198 95199 95199 95200 95200 95200 95201 95201 95201 95201 95201 95201 95201 95201 95201 95201 95201 95201 
1 1 1 3 3 4 4 4 8 9 10 11 17 17 19 23 33 43 47 56 62 71 87 116 148 181 200 243 286 339 401 503 609 733 877 1061 1287 1542 1817 2124 2490 3018 3562 4287 5100 6070 7149 8404 10047 11820 13875 16205 18880 21897 25306 29169 33324 37733 42371 47234 52095 56990 61773 66440 70599 74500 77859 80859 83392 85565 87399 88865 90050 91047 91839 92496 93057 93474 93820 94115 94322 94494 94602 94721 94809 94885 94943 94988 95037 95062 95083 95096 95108 95118 95124 95130 95138 95141 95142 95144 95146 95147 95149 95149 95149 95150 95150 95150 95151 95151 95151 95151 95151 95151 95151 95151 95151 95151 95151 
1 1 1 1 1 1 1 1 1 2 2 2 2 2 2 3 5 6 7 7 8 12 15 20 23 27 32 44 52 60 74 87 106 121 147 175 221 261 289 346 409 483 586 736 875 1019 1211 1413 1693 2045 2445 2948 3528 4133 4932 5888 6991 8240 9695 11444 13500 15861 18495 21595 24977 28613 32607 37018 41685 46588 51393 56293 61037 65596 69818 73686 77182 80197 82878 85065 86945 88536 89806 90850 91720 92404 92916 93404 93737 94014 94224 94415 94552 94664 94744 94812 94887 94934 94968 94995 95013 95030 95046 95059 95070 95075 95077 95079 95085 95088 95090 95091 95094 95095 95095 95096 95096 95096 95097 95097 95097 95097 95097 95097 95097 95097 95097 95097 95097 
1 1 1 3 6 9 10 12 15 17 19 25 28 35 44 58 66 77 98 117 153 185 223 253 299 357 420 520 626 743 891 1082 1304 1554 1865 2209 2670 3196 3776 4483 5301 6330 7512 8958 10678 12539 14651 17155 20016 23181 26663 30550 34722 39272 44160 48984 53902 58646 63206 67620 71721 75425 78714 81558 83888 85960 87720 89075 90215 91156 91913 92544 93034 93438 93776 94039 94269 94407 94536 94641 94711 94798 94847 94886 94923 94950 94976 94999 95012 95022 95029 95036 95042 95049 95050 95055 95058 95058 95059 95059 95060 95060 95060 95060 95060 95060 95061 95061 95062 95062 95062 95063 95064 95064 95065 95065 95065 95065 95065 95065 95065 95065 95065 95065 95065 
1 1 1 1 1 1 3 3 4 5 5 8 8 9 12 15 21 22 25 32 39 48 58 74 94 117 139 171 203 243 290 361 429 493 566 675 807 954 1126 1337 1568 1845 2246 2652 3161 3777 4490 5343 6254 7357 8743 10243 12096 14217 16600 19301 22340 25759 29598 33732 38230 42794 47460 52394 57304 62099 66561 70737 74561 77950 81001 83584 85741 87518 88976 90208 91244 92045 92648 93133 93546 93857 94111 94327 94506 94634 94735 94819 94888 94926 94970 95004 95037 95060 95079 95095 95111 95123 95128 95133 95135 95139 95141 95144 95150 95152 95152 95153 95154 95154 95154 95154 95154 95154 95154 95154 95154 
1 1 1 1 3 4 4 5 5 7 8 10 14 14 17 19 21 30 35 44 53 67 85 104 128 150 176 219 263 324 386 445 538 646 803 955 1139 1364 1656 1995 2357 2791 3335 3952 4667 5537 6563 7764 9177 10906 12881 15130 17722 20450 23624 27101 31135 35498 40014 44626 49459 54284 59094 63786 68157 72056 75783 79086 81863 84269 86284 87963 89382 90473 91387 92124 92752 93241 93633 93939 94195 94395 94555 94685 94792 94860 94927 94981 95034 95069 95093 95116 95128 95141 95154 95163 95169 95172 95175 95179 95181 95183 95184 95185 95185 95185 95187 95188 95188 95188 95188 95188 95188 95188 95188 95188 95188 95188 95188 95188 95188 
1 1 1 1 1 1 1 2 2 2 2 2 2 2 3 3 3 4 7 10 14 16 20 24 32 41 46 54 65 82 96 110 135 162 197 228 267 300 355 417 503 612 719 886 1058 1266 1503 1786 2115 2515 3007 3567 4251 5072 6067 7229 8525 10025 11735 13866 16279 19007 22014 25434 29222 33400 37823 42535 47260 52123 56988 61753 66433 70607 74403 77833 80765 83313 85438 87238 88758 90045 91025 91849 92517 93072 93497 93856 94114 94335 94509 94671 94794 94900 94969 95032 95078 95106 95137 95156 95186 95205 95219 95226 95231 95237 95241 95246 95247 95247 95247 95250 95251 95251 95254 95254 95254 95255 95255 95258 95258 95258 95258 95258 95258 95258 95258 95258 95258 
1 1 1 1 1 1 1 1 1 1 3 4 5 7 9 9 11 13 17 20 26 30 36 44 56 65 73 88 107 125 150 177 218 270 327 403 494 597 704 827 991 1201 1462 1772 2118 2504 2949 3543 4261 5062 5949 7117 8420 9966 11788 13887 16237 18874 21968 25465 29378 33406 37896 42583 47451 52304 57223 61915 66451 70509 74350 77937 80922 83500 85702 87465 88871 90102 91109 91829 92541 93041 93437 93770 94028 94233 94388 94509 94619 94693 94763 94820 94870 94901 94926 94953 94969 94983 94986 94994 95002 95015 95021 95025 95026 95029 95031 95032 95037 95040 95040 95040 95040 95041 95041 95041 95041 95041 95041 95041 95042 95042 95042 95042 95042 95042 95042 95042 95042 95042 95042 95042 
1 1 1 2 3 5 5 6 6 6 7 8 8 13 15 17 18 22 25 31 36 48 57 69 84 99 113 137 168 210 251 291 334 402 488 584 714 843 1023 1216 1444 1749 2073 2453 2923 3512 4216 4999 5957 7088 8333 9885 11630 13639 16026 18730 21725 25047 28760 32779 37121 41723 46412 51352 56205 60900 65418 69765 73664 77089 80265 82972 85115 86937 88481 89749 90823 91692 92394 92924 93333 93656 93931 94176 94353 94481 94600 94708 94753 94812 94865 94906 94931 94955 94977 94990 94999 95006 95009 95016 95022 95025 95029 95029 95030 95030 95032 95033 95033 95036 95037 95037 95037 95037 95037 95037 95037 95038 95038 95038 95038 95038 95038 95038 95038 95038 95038 
1 1 1 1 2 3 3 5 5 5 6 8 10 12 16 21 29 34 42 49 58 66 81 99 118 144 173 200 233 271 327 394 472 567 678 803 990 1176 1407 1684 2022 2400 2919 3462 4097 4885 5810 6904 8208 9616 11340 13365 15630 18285 21222 24580 28195 32227 36516 40996 45776 50662 55595 60512 64988 69235 73090 76667 79796 82485 84783 86764 88438 89716 90790 91654 92382 92953 93387 93721 93987 94225 94428 94571 94694 94780 94868 94931 94993 95040 95073 95089 95109 95124 95141 95149 95154 95159 95164 95168 95173 95176 95177 95178 95178 95178 95178 95179 95180 95181 95182 95182 95183 95183 95183 95183 95183 95183 95183 95183 95183 95183 95183 95183 95183 95183 95183 95183 95183 
1 1 1 2 2 4 5 5 5 7 13 14 14 17 24 28 36 43 52 61 73 89 104 140 157 193 235 287 343 425 515 628 751 904 1076 1295 1560 1893 2245 2692 3247 3880 4621 5533 6626 7853 9312 10907 12747 14988 17570 20511 23667 27238 31292 35674 40297 45112 50017 54814 59665 64315 68709 72673 76301 79503 82239 84526 86514 88154 89513 90565 91503 92245 92832 93291 93680 93971 94219 94397 94555 94660 94756 94833 94883 94941 94981 95012 95032 95050 95069 95083 95094 95106 95110 95117 95121 95121 95123 95126 95128 95129 95130 95131 95131 95132 95133 95133 95133 95133 95134 95134 95134 95134 95134 95134 95134 95134 
1 1 1 1 1 1 1 1 1 1 2 3 3 6 8 8 12 13 14 17 18 20 26 33 39 44 49 63 74 89 106 114 138 167 203 239 277 326 400 472 550 631 749 924 1123 1346 1572 1889 2238 2662 3199 3883 4642 5486 6505 7702 9116 10757 12680 14874 17559 20600 23883 27601 31662 35807 40449 45249 50150 55096 60062 64657 68888 72821 76440 79552 82265 84522 86448 88046 89410 90484 91312 92022 92620 93121 93492 93808 94059 94276 94431 94572 94673 94768 94835 94889 94919 94965 94986 95013 95032 95046 95059 95066 95070 95074 95082 95088 95089 95090 95093 95093 95095 95097 95100 95100 95102 95104 95104 95105 95105 95105 95106 95107 95107 95107 95107 95107 95107 95107 95108 95109 95109 95109 95109 95109 95109 95109 95109 95109 95109 95109 
1 1 1 1 1 1 1 2 3 3 3 4 5 5 5 6 7 9 12 16 18 19 24 29 35 49 63 75 95 115 141 174 222 268 318 386 454 543 661 811 991 1200 1412 1682 1999 2347 2833 3412 4062 4823 5761 6863 8144 9676 11441 13490 15753 18380 21363 24736 28479 32481 36860 41411 46254 51001 55962 60670 65262 69618 73691 77187 80238 82823 85141 86935 88520 89841 90879 91724 92389 92934 93383 93750 93995 94211 94397 94538 94659 94766 94832 94900 94946 94980 95007 95023 95050 95071 95087 95108 95117 95118 95124 95128 95133 95140 95141 95142 95142 95144 95144 95144 95144 95146 95146 95146 95146 95147 95147 95147 95147 95147 95147 95147 95147 95147 95147 95147 
1 1 1 1 1 1 1 1 1 1 2 2 2 3 3 3 4 4 4 4 4 4 5 6 7 8 10 10 11 11 12 15 15 16 19 23 27 31 36 43 52 57 67 77 85 109 134 169 199 233 291 345 407 498 583 715 865 1024 1250 1498 1796 2154 2624 3147 3673 4388 5182 6166 7355 8758 10312 12137 14239 16592 19307 22442 25987 29834 34039 38441 43117 48004 52875 57857 62437 66857 70926 74730 78042 80912 83415 85501 87300 88809 90042 91005 91823 92442 92998 93432 93759 94019 94247 94421 94571 94691 94783 94857 94911 94957 94995 95030 95058 95079 95095 95114 95124 95133 95136 95139 95143 95145 95148 95153 95153 95153 95153 95154 95154 95155 95155 95155 95155 95155 95155 95155 95155 95155 95155 
1 1 1 1 1 1 2 2 2 2 2 2 2 2 3 3 3 3 3 3 4 6 6 6 7 7 7 8 9 11 13 16 20 23 27 31 38 41 49 60 76 91 109 138 157 187 223 286 344 404 481 583 691 820 987 1179 1414 1722 2072 2452 2909 3466 4145 4981 5916 6967 8244 9820 11579 13731 16003 18721 21714 25016 28759 32682 37005 41582 46402 51300 56119 60734 65308 69590 73552 76941 80004 82701 84976 86909 88534 89809 90853 91728 92393 92986 93410 93783 94072 94285 94440 94586 94693 94794 94862 94919 94967 94999 95025 95042 95061 95083 95096 95105 95114 95119 95123 95128 95130 95130 95131 95132 95134 95135 95135 95135 95135 95135 95135 95135 95135 95135 95136 95136 95136 95136 95136 95136 95136 95136 95136 95136 95136 
1 1 1 1 1 1 1 2 2 2 2 4 4 6 6 7 8 14 17 23 30 36 42 53 64 81 104 127 151 180 237 275 336 394 473 578 709 840 1033 1245 1494 1800 2121 2527 3013 3587 4280 5130 6032 7137 8442 10011 11836 13950 16311 19048 22049 25423 29134 33307 37546 42233 47086 52026 56894 61560 66004 70181 74055 77451 80539 83172 85263 87073 88629 89828 90846 91675 92383 92899 93358 93704 93993 94214 94382 94543 94641 94738 94822 94873 94928 94967 94993 95018 95033 95048 95056 95069 95081 95086 95092 95095 95096 95101 95102 95102 95102 95103 95103 95103 95104 95104 95104 95104 95104 95104 95104 
1 1 1 1 1 1 1 1 1 
1 1 1 1 1 1 1 3 5 5 6 7 7 8 10 12 14 17 22 23 32 42 47 57 69 92 109 136 161 192 238 288 345 425 499 597 695 863 1028 1280 1527 1810 2154 2626 3133 3740 4460 5289 6263 7401 8774 10390 12256 14424 16918 19695 22814 26335 30049 34059 38543 43163 47949 52714 57553 62275 66801 70849 74573 77969 80833 83388 85527 87364 88830 89995 90962 91774 92413 92936 93337 93662 93938 94148 94332 94491 94599 94685 94748 94799 94850 94888 94925 94949 94966 94986 95004 95013 95017 95022 95023 95027 95031 95031 95033 95036 95036 95038 95039 95040 95040 95040 95040 95040 95040 95040 95040 95040 95040 95041 95041 95041 95041 95041 95041 95041 95041 
1 3 3 3 3 3 3 3 3 4 5 7 9 13 18 23 29 32 38 48 53 59 77 92 106 125 153 173 216 258 304 365 435 540 650 775 949 1139 1375 1635 1919 2282 2685 3228 3839 4493 5348 6372 7586 8986 10587 12490 14760 17308 20174 23275 26912 30931 35118 39672 44399 49331 54120 58885 63659 68074 72123 75826 79009 81848 84164 86177 87897 89317 90422 91343 92136 92762 93219 93604 93954 94210 94384 94543 94678 94782 94861 94919 94969 95006 95044 95061 95077 95093 95108 95116 95123 95142 95149 95152 95157 95158 95159 95162 95162 95163 95164 95165 95165 95165 95166 95166 95166 95166 95166 95166 95166 95166 95166 95166 95166 95167 95167 95168 95168 95168 95168 95168 95168 95168 95168 95168 95168 95168 95168 95168 95168 95168 
1 1 1 1 1 1 1 1 1 1 1 4 4 4 6 7 8 9 10 11 11 13 14 14 18 25 27 32 40 43 52 64 80 95 111 135 157 186 215 257 311 375 450 547 648 780 923 1105 1309 1551 1861 2242 2651 3171 3840 4554 5419 6373 7597 8996 10668 12523 14705 17248 20153 23316 26886 30887 35087 39605 44483 49300 54156 58965 63757 68073 72144 75735 78967 81760 84213 86286 88009 89447 90553 91478 92192 92804 93313 93695 93991 94237 94429 94579 94697 94788 94872 94938 95001 95041 95079 95103 95115 95133 95148 95154 95161 95167 95174 95176 95177 95178 95179 95181 95181 95182 95182 95182 95182 95183 95183 95183 95183 95183 95184 95184 95184 95184 95184 95184 95184 95184 95184 95184 
1 1 1 1 2 2 2 2 2 2 2 2 4 5 6 6 6 7 10 10 11 11 12 15 18 22 23 25 30 36 43 52 59 66 77 94 115 132 159 182 221 254 297 359 417 499 614 722 855 1045 1225 1473 1762 2130 2563 3059 3607 4279 5112 6124 7237 8517 10078 11830 13897 16262 18909 21974 25409 29158 33194 37559 42236 46990 51940 56786 61498 65964 70194 74068 77489 80488 83055 85189 87035 88560 89848 90882 91731 92442 92979 93401 93753 94006 94229 94424 94563 94682 94771 94844 94919 94969 94999 95037 95057 95081 95105 95115 95126 95133 95142 95144 95151 95155 95158 95160 95160 95160 95161 95161 95162 95162 95162 95162 95162 95162 95162 95162 95162 95163 95163 95163 95163 95163 95163 95163 95163 
1 1 1 1 1 
1 1 1 1 2 3 3 4 4 7 8 9 9 10 16 22 28 34 41 45 52 68 80 95 115 140 167 200 226 276 330 400 478 562 654 788 928 1091 1299 1570 1895 2249 2706 3223 3810 4574 5460 6510 7725 9121 10780 12709 14897 17382 20212 23493 27115 31073 35339 39802 44560 49415 54317 59171 63835 68276 72300 75927 79135 81961 84362 86381 88083 89436 90559 91440 92209 92832 93261 93630 93948 94229 94430 94601 94713 94819 94913 94972 95015 95046 95077 95101 95120 95130 95151 95158 95166 95173 95179 95184 95190 95193 95195 95197 95198 95199 95199 95199 95199 95200 95200 95200 95200 95200 95200 95200 95200 95200 95201 95201 95202 95202 95202 95202 95202 95202 95202 95202 
1 1 1 1 1 1 2 3 3 4 4 4 7 10 11 11 11 11 15 17 20 24 29 34 43 46 60 66 74 95 114 137 150 172 214 261 320 366 450 548 632 749 881 1061 1307 1570 1876 2224 2650 3188 3786 4503 5360 6363 7514 8899 10485 12450 14612 17111 19962 23214 26778 30627 34903 39468 44215 49047 53857 58663 63288 67653 71736 75459 78706 81516 83997 85981 87666 89144 90337 91329 92084 92703 93183 93559 93839 94061 94278 94463 94603 94699 94798 94868 94913 94952 94982 95002 95017 95033 95043 95051 95055 95060 95063 95069 95069 95071 95071 95071 95074 95075 95075 95076 95077 95077 95077 95077 95077 95077 95078 95078 95078 95078 95078 95078 
1 2 2 2 2 2 2 2 2 3 3 3 4 4 4 4 4 4 4 5 5 5 5 6 7 8 9 9 10 11 14 17 22 25 32 40 49 52 63 70 78 99 122 141 181 227 268 318 379 468 570 671 779 920 1122 1330 1605 1918 2309 2731 3298 3966 4713 5602 6654 7892 9337 11102 13059 15276 17856 20817 24104 27810 31964 36352 41008 45729 50577 55607 60395 65075 69422 73328 76891 79977 82637 84975 86835 88471 89803 90868 91653 92390 92935 93419 93766 94057 94281 94464 94609 94721 94814 94889 94950 94989 95025 95069 95094 95121 95141 95156 95165 95174 95177 95183 95186 95190 95193 95194 95195 95195 95196 95196 95197 95197 95197 95197 95197 95197 95197 95197 95197 95198 95198 95198 95198 95198 95198 95199 95199 95199 95199 95199 95199 95199 95199 95199 95199 95199 95199 95199 95199 
1 1 1 1 1 1 3 3 4 4 4 9 13 16 18 21 25 31 41 54 63 77 92 112 138 168 208 247 303 358 448 529 639 762 916 1081 1285 1497 1780 2165 2576 3065 3659 4362 5191 6200 7340 8669 10193 12010 14155 16587 19370 22433 25889 29667 33800 38185 42883 47641 52526 57360 62132 66658 70829 74517 77882 80844 83373 85567 87385 88869 90109 91063 91880 92550 93082 93470 93819 94114 94333 94491 94617 94740 94820 94900 94942 94979 95022 95046 95067 95085 95094 95100 95110 95112 95113 95117 95119 95121 95123 95125 95127 95129 95129 95130 95130 95130 95130 95131 95131 95131 95132 95132 95132 95132 95132 95132 95133 95133 95133 95133 95133 95133 95133 95133 
1 1 1 1 1 1 4 5 5 6 6 7 10 11 13 14 14 17 21 21 25 29 31 40 43 51 65 85 101 119 133 154 203 251 311 362 428 508 615 751 907 1068 1275 1546 1851 2208 2612 3091 3683 4405 5297 6306 7391 8776 10370 12170 14346 16770 19629 22671 26216 30042 34203 38651 43354 48278 53174 58108 62814 67377 71584 75355 78545 81449 83984 86006 87732 89163 90335 91277 92038 92656 93162 93544 93858 94092 94309 94480 94614 94707 94776 94834 94875 94906 94943 94960 94985 94997 95014 95022 95034 95039 95042 95046 95047 95050 95054 95057 95061 95061 95061 95063 95064 95064 95064 95064 95065 95065 95065 95065 95065 95065 95065 95065 95065 95065 
1 1 1 1 1 1 1 1 1 
1 1 1 1 1 1 1 2 2 2 2 2 2 3 3 4 4 4 4 5 6 7 8 11 14 15 19 21 24 29 32 45 53 69 82 90 106 125 140 166 214 256 296 360 443 528 621 766 922 1088 1293 1579 1906 2232 2699 3241 3849 4586 5435 6520 7825 9291 11005 13025 15283 17897 20752 24098 27807 31808 36261 40994 45827 50610 55479 60341 64939 69223 73187 76587 79813 82514 84740 86725 88275 89577 90657 91541 92213 92751 93197 93562 93885 94115 94286 94435 94551 94639 94719 94777 94832 94865 94892 94910 94935 94954 94973 94981 94992 94996 95004 95007 95012 95013 95015 95016 95017 95020 95022 95022 95022 95023 95023 95023 95023 95023 95025 95025 95025 95025 95025 95025 95025 95025 95025 95025 95025 95025 
1 1 1 1 1 2 4 5 5 7 10 11 15 16 22 26 28 36 44 56 77 91 106 131 162 197 236 282 338 395 458 567 672 804 944 1100 1315 1562 1891 2221 2640 3152 3757 4506 5366 6405 7582 8966 10596 12464 14559 16986 19800 23009 26410 30312 34550 38982 43711 48478 53311 58173 62827 67375 71520 75188 78490 81318 83800 85944 87701 89113 90334 91325 92116 92738 93214 93597 93915 94177 94401 94584 94709 94803 94890 94956 95011 95047 95080 95108 95137 95155 95169 95183 95188 95195 95198 95204 95209 95215 95218 95219 95219 95219 95221 95222 95223 95223 95223 95223 95223 95223 95223 95223 95223 95223 95223 
1 1 1 1 1 1 1 1 1 1 1 1 1 2 2 3 3 5 7 7 9 10 12 17 17 20 25 31 36 41 51 58 69 84 100 123 145 169 200 249 300 351 408 470 570 655 780 919 1098 1294 1576 1859 2226 2608 3088 3669 4399 5251 6243 7368 8672 10228 11999 14224 16598 19364 22457 25865 29768 33934 38352 43118 48063 53035 57765 62553 66980 71162 74872 78124 81190 83567 85694 87432 88968 90153 91099 91889 92521 92997 93409 93744 93981 94194 94347 94466 94578 94672 94738 94798 94843 94873 94905 94921 94942 94962 94969 94976 94989 94998 95002 95005 95006 95012 95014 95014 95014 95014 95014 95014 95017 95017 95017 95017 95017 95018 95018 95019 95019 95019 95019 95019 95019 95019 95019 95019 95020 95020 95020 95020 95020 95021 95021 95021 95022 95022 95022 95022 95022 95022 
1 1 1 1 1 2 2 2 5 6 6 6 6 9 14 18 25 30 38 41 46 58 75 86 107 143 171 203 246 306 377 452 534 655 820 993 1176 1397 1706 2023 2430 2903 3470 4149 4932 5887 6946 8186 9624 11347 13378 15688 18350 21284 24604 28245 32256 36532 41016 45806 50689 55663 60533 65044 69209 73252 76780 79879 82576 84744 86724 88323 89664 90672 91531 92268 92849 93274 93627 93871 94127 94325 94470 94593 94679 94755 94827 94854 94887 94910 94931 94945 94960 94969 94979 94983 94988 94991 94994 94995 94999 95000 95003 95005 95006 95007 95008 95008 95008 95011 95011 95013 95014 95014 95017 95018 95018 95018 95018 95018 95018 95018 95018 95018 95018 95018 
1 1 1 1 1 1 1 3 3 3 4 4 4 5 7 7 10 13 17 18 20 24 31 36 42 48 52 66 84 102 119 139 166 204 243 314 375 432 512 608 743 908 1098 1320 1585 1903 2229 2660 3173 3802 4501 5344 6341 7513 8828 10426 12303 14410 16868 19650 22729 26147 29960 34078 38389 43181 47956 52797 57677 62417 66881 71110 74915 78252 81117 83607 85779 87514 89014 90237 91193 92000 92630 93125 93551 93878 94140 94316 94485 94598 94705 94781 94858 94913 94958 94990 95024 95044 95068 95083 95090 95100 95109 95114 95120 95121 95122 95125 95128 95131 95131 95131 95132 95132 95133 95133 95134 95134 95134 95134 95134 95134 95134 95134 95134 95134 95134 95134 95134 
1 1 1 
1 1 1 1 1 1 1 1 1 1 1 2 2 2 2 2 2 2 3 6 7 9 13 17 19 26 29 37 44 56 63 82 96 118 153 186 225 270 318 383 466 560 665 798 968 1148 1365 1616 1954 2357 2783 3328 3922 4645 5532 6647 7872 9267 10946 12892 15153 17712 20564 23865 27486 31426 35750 40371 45049 49876 54853 59757 64347 68777 72812 76444 79490 82261 84574 86486 88148 89475 90578 91475 92182 92745 93218 93607 93912 94137 94346 94501 94609 94719 94781 94846 94910 94948 94983 95014 95026 95049 95072 95080 95088 95100 95105 95108 95112 95124 95127 95128 95129 95130 95130 95131 95131 95132 95133 95134 95134 95134 95134 95135 95135 95135 95135 95135 95135 95135 95136 95136 95136 95136 95136 95136 95136 95137 95137 95137 95137 95137 95137 95137 95137 
1 1 1 1 1 1 1 1 2 3 4 4 4 4 4 4 7 9 9 11 12 16 18 24 28 32 39 47 58 73 91 107 134 156 183 221 269 319 396 472 570 698 824 994 1177 1387 1666 1989 2384 2889 3489 4140 4916 5870 7042 8328 9853 11647 13711 16094 18840 21921 25325 29093 33243 37773 42376 47282 52193 57121 61963 66417 70639 74485 77920 80926 83483 85643 87461 88906 90166 91123 91974 92612 93125 93536 93867 94154 94386 94548 94683 94782 94881 94956 95003 95042 95078 95106 95121 95138 95149 95156 95164 95173 95176 95180 95184 95184 95189 95193 95193 95193 95194 95194 95195 95196 95196 95196 95196 95197 95197 95197 95197 95197 95197 95197 95197 95197 95197 95197 
1 1 1 1 1 1 1 1 2 2 4 4 6 7 12 12 15 15 16 19 23 26 38 48 56 66 78 94 112 127 159 182 218 262 317 388 460 544 664 810 963 1148 1393 1649 1957 2306 2723 3237 3810 4576 5421 6469 7667 9083 10735 12611 14811 17303 20143 23358 26934 30848 35006 39468 44136 49020 53857 58631 63275 67637 71814 75494 78748 81619 84035 86102 87773 89188 90359 91327 92031 92676 93175 93564 93900 94149 94354 94524 94638 94749 94834 94883 94931 94977 95012 95043 95062 95071 95091 95100 95108 95121 95123 95126 95130 95131 95131 95132 95135 95135 95136 95136 95136 95136 95137 95137 95138 95138 95138 95138 95138 95138 95138 95138 95138 95138 95138 95138 95138 
1 1 1 1 1 1 
1 1 1 1 1 1 1 1 
1 1 1 1 1 2 2 2 2 3 5 5 5 5 6 9 10 14 17 20 24 29 35 47 52 66 81 100 117 145 189 224 253 308 366 446 544 658 779 925 1090 1329 1585 1934 2315 2728 3283 3909 4692 5584 6656 7942 9405 11095 13136 15394 17951 20801 24082 27756 31788 36057 40623 45335 50194 55189 59980 64641 68974 72918 76454 79628 82477 84751 86708 88333 89687 90828 91667 92301 92910 93396 93750 94044 94285 94479 94634 94749 94826 94921 94979 95043 95081 95105 95122 95147 95169 95186 95201 95212 95219 95225 95228 95234 95236 95239 95241 95244 95247 95247 95248 95249 95250 95250 95250 95250 95251 95251 95251 95251 95251 95251 95251 95251 95251 
1 1 1 1 1 2 4 6 6 7 8 13 15 16 21 25 29 35 48 57 71 87 114 136 166 196 237 275 327 397 469 557 657 780 930 1078 1300 1536 1810 2179 2601 3100 3731 4444 5298 6261 7399 8712 10205 12009 14269 16772 19566 22616 26055 29883 34026 38602 43423 48186 53064 57925 62559 67115 71334 75160 78556 81454 83969 86085 87809 89210 90422 91377 92187 92783 93292 93677 94001 94245 94436 94614 94736 94846 94915 94977 95033 95077 95121 95139 95158 95172 95187 95203 95217 95227 95232 95238 95243 95250 95251 95252 95256 95257 95257 95258 95258 95258 95258 95259 95259 95259 95259 95259 95259 95259 95259 95259 95259 95259 95259 95259 
1 1 2 3 4 4 4 4 7 8 11 11 11 12 13 19 27 29 34 38 44 51 62 72 92 109 126 144 181 209 254 309 379 452 543 638 774 928 1130 1338 1580 1895 2235 2652 3187 3784 4507 5380 6365 7572 8960 10643 12505 14616 17055 19968 23102 26528 30468 34675 39282 44081 48903 53789 58600 63175 67813 71874 75519 78756 81631 83996 86067 87775 89200 90370 91344 92102 92727 93176 93590 93903 94140 94345 94509 94601 94706 94785 94851 94892 94918 94951 94978 95001 95017 95029 95047 95055 95066 95074 95078 95080 95083 95083 95085 95087 95089 95089 95091 95092 95092 95092 95092 95092 95093 95093 95093 95093 95093 95093 95093 95093 95093 95093 
1 1 1 1 1 1 2 2 2 2 2 2 2 3 3 5 5 6 7 7 7 9 12 14 16 21 25 27 29 36 43 60 72 82 93 111 156 185 222 259 307 366 464 567 674 813 979 1183 1426 1739 2070 2495 2969 3570 4289 5096 6054 7245 8630 10170 12052 14182 16589 19352 22335 25872 29656 34005 38410 43149 47932 52925 57810 62521 66977 71156 74825 78140 81081 83621 85782 87485 88961 90144 91157 91913 92569 93080 93510 93841 94111 94300 94481 94615 94724 94821 94907 94948 94995 95028 95057 95078 95096 95108 95120 95124 95129 95133 95136 95143 95150 95151 95153 95157 95157 95157 95157 95157 95157 95158 95158 95158 95158 95158 95158 95158 95158 95158 95158 95158 95158 
1 1 1 1 1 1 3 3 4 7 8 10 12 12 14 17 19 21 27 33 39 44 48 55 61 72 87 99 116 136 156 188 217 255 298 362 424 515 630 764 877 1018 1206 1432 1737 2059 2433 2919 3525 4194 4983 5944 6988 8276 9774 11546 13565 15807 18472 21371 24664 28381 32484 36796 41463 46357 51372 56264 61014 65507 69936 73785 77229 80360 83020 85214 87052 88597 89858 90937 91767 92431 92983 93399 93758 94034 94244 94411 94551 94682 94763 94848 94902 94949 94982 95015 95046 95067 95077 95089 95096 95100 95112 95118 95122 95125 95127 95129 95131 95132 95132 95133 95134 95134 95135 95136 95136 95136 95136 95136 95136 95136 95136 95136 95136 95136 95136 95136 95136 95136 95136 95136 
1 1 1 1 1 1 1 3 4 5 5 7 9 10 15 20 27 33 38 53 62 76 91 106 130 157 196 250 289 355 412 495 582 700 832 1013 1240 1452 1731 2081 2487 2978 3541 4175 4973 5906 6963 8261 9719 11540 13582 15911 18558 21542 24840 28595 32649 37015 41559 46213 51150 56039 60797 65364 69680 73730 77171 80185 82762 85014 86927 88460 89778 90832 91695 92405 92975 93434 93804 94074 94292 94464 94633 94744 94848 94909 94959 94999 95037 95060 95097 95115 95134 95149 95159 95164 95168 95173 95175 95179 95182 95185 95185 95185 95186 95186 95186 95186 95186 95186 95186 95186 95186 95186 95186 95186 95186 
1 1 1 2 4 4 7 10 11 12 15 26 29 34 48 53 67 80 94 114 131 158 194 234 280 328 399 487 575 680 798 944 1116 1325 1588 1891 2310 2742 3274 3851 4536 5422 6417 7597 8956 10551 12476 14671 17235 20018 23230 26769 30720 34966 39434 44197 49010 53936 58816 63483 67867 71990 75796 79026 81882 84296 86357 87999 89330 90487 91379 92145 92723 93250 93608 93897 94166 94364 94532 94648 94740 94826 94896 94945 94979 95014 95041 95069 95087 95100 95106 95111 95117 95120 95121 95124 95127 95129 95133 95135 95136 95137 95140 95142 95142 95142 95142 95142 95142 95142 95142 95143 95143 95143 95143 95143 95143 95143 95143 95143 95143 95143 95143 
1 1 1 1 1 1 1 1 1 2 3 3 4 4 4 4 7 10 13 15 22 29 34 37 42 53 64 79 98 118 140 162 193 246 298 351 432 527 635 734 868 1035 1244 1507 1802 2142 2565 3038 3588 4291 5090 6036 7154 8465 10026 11693 13685 15903 18560 21611 24889 28624 32667 36981 41588 46482 51437 56267 61038 65450 69871 73808 77275 80289 82889 85122 86979 88544 89834 90949 91822 92558 93095 93542 93895 94182 94417 94591 94768 94875 94981 95043 95104 95161 95210 95242 95267 95292 95305 95322 95328 95338 95344 95351 95354 95358 95358 95359 95361 95363 95363 95363 95363 95363 95364 95366 95366 95367 95367 95367 95367 95367 95367 95367 95367 95367 95367 95367 95367 
1 1 1 2 3 3 3 3 4 4 5 5 9 11 12 15 15 21 26 35 37 44 45 53 68 80 103 125 147 164 206 254 316 380 436 529 642 763 912 1076 1263 1524 1828 2173 2580 3075 3584 4267 5046 6003 7085 8386 9893 11645 13756 16104 18697 21630 24983 28783 32881 37293 41901 46649 51654 56566 61276 65851 70156 73997 77465 80562 83131 85315 87142 88650 89938 90950 91756 92428 92941 93374 93706 94004 94205 94396 94531 94644 94733 94796 94854 94901 94940 94968 94990 95006 95019 95027 95036 95042 95048 95057 95060 95066 95066 95068 95072 95074 95074 95074 95076 95076 95077 95080 95080 95080 95080 95081 95081 95081 95081 95081 95081 95081 95081 95082 95082 95082 95082 95082 95082 95082 95082 95082 
1 1 1 1 1 1 1 1 1 3 3 4 6 7 8 8 9 13 14 18 22 24 27 38 46 56 69 78 89 108 120 142 170 209 246 309 349 411 500 579 681 809 975 1152 1379 1646 1961 2373 2862 3401 4034 4802 5725 6807 8024 9449 11161 13095 15401 18037 20917 24257 27856 31947 36269 40879 45617 50514 55388 60131 64750 69086 72980 76507 79535 82216 84544 86500 88138 89454 90501 91397 92104 92672 93152 93570 93872 94121 94333 94472 94606 94716 94815 94864 94928 94969 95006 95047 95061 95071 95079 95085 95096 95101 95109 95113 95117 95121 95125 95128 95130 95130 95130 95131 95131 95133 95134 95134 95134 95135 95135 95135 95135 95135 95136 95136 95136 95136 95136 
1 1 1 1 1 1 2 3 3 3 3 3 4 6 7 7 9 13 14 19 20 26 29 35 39 43 49 63 72 99 118 127 140 164 196 229 281 346 411 491 577 677 809 967 1146 1393 1643 1939 2303 2728 3251 3896 4651 5546 6605 7825 9252 10886 12764 15049 17606 20403 23758 27440 31383 35607 40163 44816 49675 54561 59414 63959 68305 72379 75995 79193 81939 84249 86190 87864 89185 90360 91297 91998 92596 93100 93520 93806 94082 94278 94490 94604 94700 94797 94864 94927 94972 94999 95025 95046 95063 95081 95088 95096 95105 95108 95116 95121 95123 95126 95128 95129 95129 95129 95129 95129 95129 95131 95132 95132 95132 95132 95132 95132 95132 95132 95132 95132 95132 95132 95132 95132 95132 95132 95132 
1 1 1 1 1 1 1 2 2 3 3 3 4 4 6 8 8 9 11 13 17 20 22 29 35 40 55 69 86 109 130 160 185 232 282 333 392 458 550 667 802 974 1172 1410 1674 2036 2425 2868 3420 4026 4839 5746 6828 8043 9459 11263 13275 15564 18233 21227 24522 28154 32186 36454 41105 45861 50728 55646 60428 65001 69307 73278 76773 79979 82594 84892 86768 88400 89704 90811 91693 92343 92935 93373 93700 94002 94217 94415 94572 94675 94762 94827 94878 94915 94940 94956 94985 95006 95015 95028 95036 95048 95054 95060 95066 95067 95068 95070 95073 95073 95075 95077 95079 95079 95079 95079 95079 95079 95079 95079 95079 95079 95079 
1 1 1 1 1 3 4 8 11 12 14 21 22 24 33 42 57 68 84 98 111 128 150 181 213 257 307 364 434 516 619 739 882 1037 1255 1532 1841 2193 2577 3124 3729 4480 5327 6309 7472 8829 10410 12272 14390 16888 19718 22794 26362 30222 34505 38976 43632 48462 53452 58178 62890 67409 71361 75103 78455 81342 83771 85788 87570 88974 90163 91127 91894 92509 92991 93416 93749 93991 94213 94374 94507 94614 94707 94780 94827 94876 94906 94939 94957 94971 94986 94999 95008 95015 95018 95022 95024 95027 95031 95032 95032 95032 95033 95033 95033 95036 95036 95037 95037 95037 95037 95037 95037 95037 95037 95037 95037 95037 95038 95038 95038 95038 95038 95038 95038 95038 95038 95038 95038 95038 95038 95038 
1 1 1 1 1 1 1 1 2 3 4 4 4 4 4 4 8 12 13 16 20 24 30 37 45 52 61 68 84 101 110 127 152 183 211 248 293 340 404 471 550 660 781 926 1086 1296 1514 1791 2160 2557 3045 3656 4308 5131 6117 7288 8597 10153 12002 14119 16492 19241 22331 25824 29644 33723 38116 42790 47736 52601 57446 62196 66754 70870 74653 78116 80967 83527 85666 87414 88873 90108 91053 91894 92542 93085 93521 93863 94127 94343 94507 94629 94734 94827 94878 94937 94989 95026 95051 95074 95088 95106 95121 95129 95139 95148 95156 95159 95161 95163 95163 95165 95168 95170 95171 95173 95173 95173 95173 95173 95173 95173 95173 95173 95173 95173 95173 95173 95173 
1 1 1 1 1 1 1 2 2 3 4 4 4 4 4 5 7 10 15 20 21 22 25 31 39 49 58 66 78 92 104 134 160 194 236 297 354 441 552 652 770 942 1132 1354 1631 1940 2330 2780 3356 3999 4690 5638 6671 7936 9342 11018 13010 15304 17885 20736 24016 27584 31630 35889 40322 45222 50044 54840 59649 64242 68658 72567 76248 79372 82085 84471 86505 88110 89475 90585 91477 92217 92799 93269 93640 93954 94158 94337 94504 94615 94703 94782 94855 94906 94947 94983 95005 95024 95040 95053 95059 95064 95069 95074 95078 95079 95084 95085 95085 95085 95085 95085 95086 95086 95086 95086 95086 95086 95086 95086 95086 95086 95086 95086 
1 1 1 1 1 1 1 1 1 1 
1 1 1 2 3 3 3 3 4 7 8 10 10 10 10 11 13 17 22 27 30 35 44 52 59 71 82 111 133 161 198 233 285 333 388 457 565 685 817 982 1156 1366 1607 1906 2265 2699 3204 3830 4544 5426 6457 7604 9027 10673 12488 14608 17067 19904 23119 26758 30695 34908 39422 44117 49110 53988 58962 63663 68064 72171 75902 79136 81911 84253 86243 87914 89333 90465 91391 92117 92735 93243 93633 93944 94205 94418 94556 94684 94790 94881 94946 94980 95023 95049 95075 95098 95111 95121 95131 95139 95143 95152 95159 95163 95166 95167 95167 95169 95170 95171 95171 95172 95172 95173 95174 95174 95174 95174 95174 95174 95174 95174 95174 95174 95174 
1 1 1 1 2 4 5 5 6 6 8 10 14 15 20 23 26 29 35 44 56 63 80 94 117 133 153 186 215 257 298 355 423 488 580 711 843 985 1171 1371 1664 1964 2318 2741 3259 3878 4566 5399 6358 7517 8940 10595 12469 14653 17005 19680 22768 26318 30161 34352 38802 43467 48404 53273 58136 62658 67176 71288 75014 78365 81290 83730 85809 87526 88992 90240 91168 91937 92595 93128 93525 93858 94123 94319 94470 94610 94729 94814 94885 94936 94960 94998 95024 95050 95070 95082 95090 95100 95109 95116 95122 95123 95124 95125 95127 95127 95130 95134 95137 95137 95138 95138 95139 95140 95141 95141 95141 95141 95141 95141 95141 95141 95141 95142 95142 95142 95142 95142 
1 1 1 1 1 1 1 2 3 4 4 4 5 8 9 10 12 13 16 19 26 30 37 46 54 63 75 90 115 135 169 209 262 310 382 459 546 652 777 934 1101 1292 1547 1845 2218 2660 3182 3739 4420 5259 6221 7344 8676 10320 12152 14260 16695 19527 22696 26196 30046 34066 38493 43240 48146 53153 57988 62593 67097 71216 74909 78205 81177 83691 85773 87582 89053 90144 91115 91904 92546 93065 93464 93784 94012 94225 94406 94532 94634 94722 94779 94832 94868 94912 94936 94963 94986 94998 95010 95021 95026 95031 95036 95040 95043 95046 95049 95049 95052 95052 95054 95056 95058 95058 95058 95058 95058 95058 95058 95058 95059 95059 95060 95060 95060 95060 95060 95060 95060 95060 95060 95060 95060 
1 1 1 1 2 2 2 2 2 2 3 4 7 8 9 10 15 18 26 32 37 42 49 61 73 90 111 136 162 204 254 316 368 452 527 638 773 962 1144 1368 1677 2002 2351 2819 3359 4014 4787 5693 6820 8078 9580 11301 13283 15620 18205 21178 24536 28203 32212 36456 41122 45892 50872 55759 60405 64873 69184 73058 76431 79545 82180 84543 86375 88023 89341 90420 91289 92018 92604 93079 93418 93753 93993 94178 94355 94487 94594 94690 94753 94798 94840 94870 94894 94911 94929 94941 94955 94960 94967 94969 94974 94982 94984 94986 94987 94988 94990 94991 94993 94993 94994 94995 94995 94995 94995 94995 94995 94995 94995 94995 
1 1 1 1 2 4 5 6 7 9 10 13 19 21 24 29 38 48 59 67 77 87 105 130 161 185 225 267 301 365 441 543 651 779 955 1143 1355 1616 1939 2326 2788 3304 3961 4710 5558 6584 7784 9287 10944 12899 15080 17650 20516 23786 27404 31392 35667 40214 44956 49812 54751 59637 64282 68598 72524 76123 79361 82114 84524 86435 88120 89439 90535 91409 92173 92770 93211 93546 93852 94110 94301 94472 94600 94697 94781 94840 94877 94916 94950 94970 94981 95004 95018 95032 95039 95041 95045 95051 95053 95058 95060 95061 95064 95064 95065 95065 95065 95065 95065 95065 95065 95066 95066 95066 95066 95066 95066 95066 95066 
1 1 1 1 1 1 1 1 1 2 2 2 5 5 5 7 8 10 13 16 19 21 25 32 42 53 63 79 100 115 137 165 206 244 307 369 439 531 640 765 912 1081 1272 1546 1867 2242 2711 3234 3898 4602 5503 6615 7844 9313 10983 12975 15250 17879 20928 24217 27819 31687 35978 40696 45492 50322 55232 59991 64633 69064 72996 76532 79660 82414 84684 86566 88246 89606 90652 91581 92267 92826 93289 93639 93957 94183 94369 94527 94664 94766 94842 94887 94936 94972 94999 95027 95043 95068 95079 95089 95099 95102 95108 95110 95113 95114 95117 95117 95120 95123 95125 95126 95127 95127 95128 95128 95129 95129 95129 95129 95130 95130 95130 95130 95130 95130 95130 
1 1 1 1 1 
1 1 1 1 1 3 3 3 3 4 5 10 10 10 15 18 23 27 32 41 47 59 72 83 95 114 133 155 182 209 249 301 356 425 489 569 671 813 980 1171 1367 1643 1938 2278 2733 3284 3893 4633 5480 6485 7658 9027 10597 12497 14765 17174 19881 23052 26566 30486 34744 39225 43934 48716 53628 58452 63069 67687 71750 75439 78717 81565 84003 86070 87901 89321 90477 91427 92171 92794 93287 93664 93965 94209 94429 94583 94707 94815 94905 94977 95029 95069 95105 95133 95158 95177 95193 95199 95203 95205 95209 95217 95221 95226 95228 95229 95229 95230 95230 95230 95231 95231 95232 95232 95232 95233 95233 95233 95233 95233 95233 95233 95233 
1 1 1 1 1 1 3 3 3 3 3 4 5 7 8 8 11 14 18 22 22 27 28 31 37 47 59 69 75 89 113 125 136 164 189 226 271 334 402 479 562 662 769 908 1080 1282 1546 1871 2252 2722 3192 3807 4542 5449 6478 7600 9019 10562 12526 14726 17213 20072 23303 26848 30735 34916 39466 44225 49117 53932 58860 63602 67945 72083 75666 78869 81681 84161 86265 87978 89368 90496 91420 92168 92790 93241 93635 93938 94174 94365 94531 94670 94765 94831 94902 94954 94992 95015 95033 95053 95067 95077 95084 95094 95097 95102 95104 95108 95110 95112 95114 95115 95115 95115 95116 95117 95117 95117 95117 95117 95118 95118 95118 95118 95118 95118 95118 95118 95118 95118 95118 95118 95118 95118 95118 95118 
1 1 2 3 4 4 4 5 5 8 11 12 17 18 22 29 36 46 56 67 72 93 112 128 160 186 218 267 320 376 441 514 638 770 920 1094 1298 1518 1833 2184 2604 3080 3746 4465 5345 6304 7545 8863 10430 12258 14430 16993 19772 22976 26474 30355 34540 38873 43624 48409 53262 58141 62912 67296 71451 75187 78480 81351 83875 85906 87656 89040 90251 91201 91976 92602 93133 93525 93836 94094 94310 94498 94607 94717 94788 94864 94933 94979 95010 95045 95061 95074 95089 95110 95120 95127 95133 95138 95143 95147 95148 95148 95148 95148 95149 95150 95151 95152 95153 95153 95153 95153 95154 95154 95154 95154 95154 95154 95154 95155 95155 95155 95155 95155 95155 
1 1 1 1 1 1 4 4 5 5 6 7 8 8 9 9 10 11 14 20 21 25 29 34 38 46 58 69 83 108 124 143 169 203 239 280 311 361 419 505 602 706 838 1004 1176 1410 1663 1964 2376 2862 3407 4049 4819 5729 6778 7994 9504 11117 13094 15304 17872 20852 24138 27785 31764 36035 40507 45248 50134 54919 59731 64427 68703 72678 76288 79453 82249 84542 86424 88060 89390 90499 91375 92131 92747 93217 93579 93866 94105 94327 94473 94603 94688 94777 94853 94903 94939 94975 95000 95021 95034 95042 95056 95068 95074 95078 95079 95083 95086 95088 95090 95090 95091 95092 95092 95092 95093 95093 95093 95093 95093 95093 95093 95093 95093 95093 95093 
1 1 1 1 3 3 4 6 6 6 9 10 12 20 24 25 27 33 42 50 58 68 82 106 129 146 167 197 247 301 355 423 517 627 750 906 1085 1285 1513 1820 2176 2572 3075 3646 4383 5181 6192 7346 8657 10141 11935 14024 16416 19093 22225 25724 29525 33667 38032 42750 47619 52567 57414 62082 66614 70742 74533 77925 80926 83521 85677 87409 88903 90092 91112 91947 92603 93155 93565 93901 94165 94381 94557 94697 94792 94889 94955 95011 95059 95092 95118 95132 95141 95158 95173 95185 95189 95198 95202 95204 95206 95208 95209 95211 95213 95214 95216 95216 95217 95217 95217 95217 95217 95217 95217 95217 95217 
1 1 1 1 3 3 4 5 5 6 6 8 10 14 16 18 23 27 35 38 43 52 67 85 105 132 157 189 222 267 320 395 481 588 707 847 1025 1241 1499 1809 2183 2600 3134 3728 4438 5276 6313 7486 8926 10558 12480 14653 17104 19900 22895 26418 30281 34485 39072 43670 48689 53580 58308 63044 67506 71613 75340 78614 81467 83920 85908 87671 89104 90280 91252 92027 92626 93116 93513 93828 94124 94335 94502 94631 94741 94844 94927 94984 95043 95076 95108 95123 95139 95154 95167 95171 95179 95184 95192 95195 95196 95198 95201 95204 95206 95206 95206 95206 95207 95207 95208 95210 95210 95210 95210 95210 95210 95210 95210 95210 95210 95210 95210 
1 1 1 1 3 4 4 4 5 5 5 8 12 15 19 21 22 24 31 33 35 41 47 56 69 80 92 107 128 156 187 219 262 318 391 456 535 653 774 923 1098 1320 1588 1898 2272 2707 3224 3868 4666 5578 6606 7937 9369 11144 13102 15337 17986 21021 24243 27942 31904 36180 40889 45785 50670 55478 60299 64790 69056 73121 76669 79883 82456 84747 86623 88303 89616 90730 91564 92287 92837 93301 93649 93951 94170 94355 94507 94618 94714 94788 94843 94893 94936 94968 94983 95004 95020 95044 95053 95060 95070 95077 95080 95081 95085 95087 95089 95089 95089 95090 95092 95093 95093 95094 95094 95094 95094 95094 95094 95094 95094 95094 95094 95094 95094 95094 95094 95094 
1 1 1 1 1 1 1 2 3 3 6 6 7 9 9 9 10 14 16 19 21 24 25 30 36 49 54 65 72 89 103 118 139 174 206 258 302 371 444 529 628 767 932 1101 1323 1592 1913 2284 2762 3284 3931 4687 5586 6585 7773 9194 10859 12833 15054 17583 20500 23726 27214 31096 35392 39892 44716 49600 54512 59254 64012 68315 72422 76094 79269 82061 84368 86373 88024 89355 90458 91345 92151 92758 93212 93606 93939 94185 94369 94522 94646 94751 94814 94891 94953 95003 95030 95055 95083 95102 95115 95131 95141 95147 95150 95156 95162 95163 95167 95169 95170 95170 95171 95174 95174 95174 95175 95176 95177 95177 95177 95177 95177 95178 95178 95178 95178 95178 95178 95178 95178 
1 1 1 1 1 1 
1 1 1 1 1 3 3 3 4 5 6 6 6 6 9 12 14 17 21 30 41 50 60 74 86 104 118 144 165 201 235 284 334 397 505 612 729 860 1026 1232 1490 1806 2131 2548 3075 3663 4376 5202 6225 7442 8764 10393 12182 14362 16665 19370 22509 25894 29742 33953 38416 42886 47733 52654 57478 62201 66647 70776 74624 77865 80944 83459 85674 87393 88898 90103 91157 91949 92610 93131 93566 93902 94186 94406 94583 94713 94814 94897 94973 95017 95056 95096 95126 95152 95160 95166 95178 95187 95194 95198 95205 95209 95209 95211 95213 95215 95216 95217 95217 95217 95218 95218 95218 95218 95218 95218 95218 95218 95218 95218 95218 95218 95218 
1 1 1 1 1 1 1 1 1 1 
1 1 1 1 1 1 1 2 2 2 2 2 4 4 7 7 7 8 10 12 13 16 22 32 37 44 47 61 69 89 111 127 156 187 237 273 336 399 468 546 664 817 984 1167 1411 1698 2014 2426 2941 3542 4236 5004 5952 7041 8346 9921 11707 13792 16125 18847 21780 25090 28796 32874 37086 41602 46392 51270 56095 60738 65342 69546 73488 76938 80103 82703 85057 86934 88492 89776 90790 91602 92291 92844 93279 93639 93935 94174 94317 94477 94589 94688 94752 94816 94857 94891 94924 94946 94969 94987 94998 95008 95019 95026 95033 95038 95040 95041 95044 95044 95046 95049 95049 95049 95050 95050 95050 95050 95050 95051 95051 95051 95051 95051 95051 95051 95051 
1 1 1 1 2 3 4 6 6 7 7 7 8 9 12 13 13 20 23 27 29 31 35 41 47 60 69 75 84 93 110 127 144 160 188 224 291 346 400 453 543 623 746 892 1083 1291 1562 1855 2223 2634 3110 3716 4467 5377 6375 7544 8903 10581 12470 14635 17026 19783 22990 26630 30496 34600 39034 43744 48539 53425 58319 63067 67530 71754 75394 78631 81488 83957 86045 87779 89184 90337 91286 92054 92709 93241 93652 93964 94211 94424 94593 94730 94834 94909 94978 95020 95080 95111 95140 95161 95180 95199 95204 95215 95218 95231 95238 95244 95247 95249 95251 95253 95254 95255 95256 95258 95261 95261 95261 95262 95263 95265 95265 95265 95265 95266 95266 95266 95266 95266 95266 95266 95267 95267 95267 95267 95267 95267 95267 95267 95267 95267 95267 
1 1 1 1 2 2 2 2 4 6 6 8 10 14 19 25 28 36 41 55 64 81 92 115 140 177 206 247 307 367 442 530 638 743 893 1087 1316 1599 1913 2296 2743 3281 3905 4642 5541 6556 7831 9287 10982 12907 15108 17723 20536 23809 27427 31450 35759 40322 45035 49832 54668 59628 64288 68567 72585 76220 79414 82214 84623 86620 88230 89613 90705 91577 92340 92938 93403 93753 94026 94278 94495 94669 94769 94878 94966 95013 95059 95088 95118 95145 95163 95175 95185 95191 95201 95204 95209 95209 95212 95215 95218 95218 95219 95219 95219 95220 95220 95220 95220 95220 95220 95220 95220 95220 95220 
1 1 1 1 
1 1 1 1 1 1 1 1 1 2 2 3 5 7 8 9 10 11 15 21 24 32 35 41 50 59 67 76 93 117 139 159 191 225 259 313 369 450 531 608 732 856 1017 1206 1431 1694 2009 2415 2893 3413 4070 4849 5784 6744 7968 9448 11159 13135 15441 17951 20854 24094 27705 31662 36022 40452 45247 50038 55011 59916 64450 68713 72724 76294 79413 82140 84491 86394 88023 89405 90522 91377 92105 92665 93155 93494 93831 94056 94254 94418 94535 94639 94708 94772 94820 94871 94910 94951 94966 94982 94995 95010 95014 95021 95025 95028 95030 95033 95040 95041 95042 95043 95044 95044 95044 95044 95045 95045 95045 95045 95045 95045 95045 95045 95045 95045 95045 
1 1 1 1 1 1 2 4 4 6 9 10 11 13 17 22 27 32 35 40 49 59 66 78 92 115 142 174 210 245 296 351 432 516 618 731 890 1060 1254 1507 1801 2172 2584 3059 3635 4346 5170 6110 7241 8481 10081 11954 14108 16586 19299 22408 25840 29680 33695 38143 42914 47812 52659 57442 62203 66593 70787 74633 77991 80969 83471 85628 87498 88998 90245 91228 91980 92602 93128 93558 93898 94174 94397 94556 94682 94795 94886 94951 94998 95044 95082 95118 95140 95161 95181 95196 95201 95207 95213 95217 95220 95224 95225 95226 95228 95231 95231 95231 95231 95232 95232 95232 95232 95232 95232 95232 
1 1 1 1 1 1 1 1 2 2 2 2 2 2 2 4 5 6 6 8 9 11 16 18 20 27 34 40 49 59 74 87 108 134 163 198 233 290 352 421 524 632 750 882 1078 1299 1579 1892 2277 2691 3215 3836 4623 5490 6507 7724 9102 10818 12744 14933 17479 20322 23542 27069 31066 35283 39807 44616 49560 54348 59160 63852 68210 72231 75944 79154 81923 84329 86365 87977 89353 90477 91397 92183 92797 93240 93622 93918 94185 94388 94540 94681 94781 94859 94931 94977 95014 95043 95057 95078 95096 95112 95120 95132 95141 95146 95149 95151 95151 95152 95155 95155 95157 95157 95157 95158 95159 95159 95159 95160 95160 95160 95160 95160 95160 95160 95160 95160 
1 1 1 1 1 1 2 2 2 4 5 8 9 10 14 15 24 27 34 42 47 70 77 95 116 138 162 207 247 295 355 425 496 592 692 824 991 1183 1413 1701 2003 2369 2834 3409 4082 4884 5846 6913 8200 9683 11445 13445 15674 18262 21169 24451 28142 32097 36472 40932 45758 50691 55635 60392 64963 69324 73232 76815 79903 82594 84895 86741 88313 89705 90702 91529 92241 92827 93269 93666 93949 94174 94334 94486 94606 94697 94779 94840 94880 94911 94940 94971 94985 94997 95007 95014 95024 95028 95036 95040 95043 95044 95046 95047 95049 95050 95050 95051 95051 95051 95051 95051 95051 95051 95051 95051 95051 95051 95051 95051 95051 95051 
1 1 1 1 1 1 1 1 1 1 2 3 3 4 6 7 9 11 14 18 22 24 29 36 47 61 75 92 103 122 142 179 222 256 317 384 467 555 662 785 935 1087 1300 1550 1851 2178 2603 3085 3662 4307 5101 6105 7184 8507 10060 11861 14012 16348 19108 22179 25534 29355 33457 37896 42459 47365 52315 57129 61709 66248 70433 74242 77677 80677 83233 85364 87237 88730 89947 90960 91789 92453 92982 93451 93796 94069 94283 94471 94611 94729 94834 94902 94953 95004 95045 95067 95091 95103 95114 95123 95127 95134 95139 95144 95149 95152 95155 95158 95159 95159 95161 95163 95164 95164 95165 95165 95165 95166 95166 95166 95166 95166 95166 95166 95166 95166 95166 
1 1 1 1 1 1 2 2 2 4 6 6 6 7 7 13 14 15 18 24 28 35 48 62 70 77 86 97 119 144 180 222 257 290 341 414 490 608 732 876 1040 1245 1459 1702 2032 2430 2901 3438 4112 4882 5799 6885 8197 9619 11235 13199 15420 17983 20866 24058 27660 31698 35851 40307 44814 49632 54393 59156 63743 68122 72171 75795 78912 81741 84092 86065 87720 89146 90360 91310 92027 92666 93167 93558 93880 94136 94329 94508 94643 94753 94830 94887 94940 94976 95015 95040 95061 95082 95095 95104 95113 95119 95126 95128 95131 95135 95135 95135 95135 95135 95135 95135 95135 95136 95136 95136 95136 95136 95136 95136 95136 95136 95136 95136 
1 1 1 3 3 5 6 6 7 10 17 22 29 34 40 51 64 74 95 114 143 166 197 247 290 349 410 467 544 644 788 956 1164 1368 1630 1933 2300 2728 3274 3936 4717 5609 6671 7907 9450 11213 13102 15335 17939 21028 24374 28038 31940 36239 40637 45421 50253 55197 60051 64631 68866 72773 76351 79521 82313 84615 86596 88211 89566 90622 91500 92187 92810 93272 93625 93908 94161 94358 94507 94646 94749 94823 94891 94941 94975 95009 95035 95063 95074 95096 95104 95113 95120 95126 95131 95135 95140 95143 95146 95149 95149 95151 95151 95152 95154 95154 95154 95154 95154 95154 95154 95154 95154 95154 95154 
1 1 1 1 1 2 3 3 3 5 8 8 8 9 16 19 26 34 41 50 59 69 79 99 124 152 185 216 267 314 386 449 535 654 785 981 1164 1396 1643 1963 2332 2759 3281 3989 4787 5745 6818 8058 9557 11323 13325 15676 18364 21297 24590 28235 32412 36788 41299 46091 50969 55842 60696 65356 69731 73720 77230 80361 83010 85273 87142 88692 89932 90996 91895 92576 93121 93577 93949 94263 94482 94666 94802 94930 95059 95140 95193 95253 95288 95318 95341 95357 95367 95376 95382 95394 95402 95408 95415 95416 95423 95425 95426 95426 95426 95427 95428 95429 95429 95429 95429 95429 95430 95430 95430 95430 95430 95431 95431 95431 95431 95431 
1 1 1 1 1 1 2 2 2 2 2 
1 1 1 2 2 3 4 4 5 6 12 14 16 20 22 23 27 36 42 49 56 68 80 93 119 141 171 217 255 291 341 407 482 578 698 836 1023 1195 1419 1682 2005 2405 2844 3366 4043 4817 5722 6823 8013 9502 11268 13239 15475 18032 20876 24103 27742 31661 35924 40499 45240 50094 55144 59851 64469 68822 72764 76294 79446 82069 84472 86473 88102 89534 90607 91505 92191 92759 93235 93595 93918 94152 94365 94533 94651 94757 94846 94916 94984 95022 95062 95082 95100 95113 95124 95131 95146 95155 95158 95162 95164 95171 95176 95177 95177 95179 95179 95179 95179 95179 95180 95180 95180 95180 95180 95180 95180 95180 95180 
1 1 1 1 1 1 1 1 1 1 
1 1 1 1 1 1 1 1 1 
1 1 1 2 3 4 4 6 7 11 14 16 17 21 27 36 48 58 69 86 103 129 151 186 223 283 343 396 483 587 699 843 1007 1201 1473 1787 2149 2543 3008 3574 4315 5129 6111 7326 8678 10284 12128 14176 16612 19347 22448 26008 29863 34019 38343 43022 47845 52648 57561 62186 66695 70947 74741 78182 81079 83623 85810 87565 89047 90238 91232 92029 92653 93159 93546 93844 94120 94323 94495 94638 94760 94844 94919 94974 95025 95068 95100 95118 95144 95163 95177 95187 95194 95197 95199 95202 95206 95206 95206 95206 95207 95208 95208 95208 95208 95208 95208 95208 95208 95209 95209 95209 95209 95209 95209 95209 95209 95209 95209 95209 
1 1 1 1 1 1 1 2 5 6 6 6 8 13 14 18 21 24 27 29 34 41 48 60 71 80 88 106 124 146 173 202 239 281 330 402 468 567 690 824 965 1141 1331 1590 1892 2263 2726 3282 3931 4670 5544 6588 7776 9257 10928 12900 15187 17816 20663 23890 27452 31242 35560 40074 44823 49754 54698 59523 64204 68622 72680 76304 79397 82142 84526 86541 88135 89543 90684 91554 92323 92896 93361 93770 94054 94299 94487 94641 94782 94885 94971 95023 95077 95111 95136 95158 95176 95189 95201 95210 95220 95226 95231 95233 95237 95241 95243 95244 95246 95249 95250 95251 95252 95253 95253 95253 95253 95253 95254 95254 95254 95255 95255 95255 95255 95255 95255 95255 95255 95255 95255 95255 95255 95255 
1 1 1 1 1 1 1 1 2 2 3 3 3 3 3 3 7 9 11 12 15 16 19 23 29 34 42 54 69 85 108 130 162 191 239 287 352 421 517 616 745 889 1087 1278 1532 1803 2201 2617 3165 3795 4496 5343 6326 7532 8897 10526 12398 14559 16955 19768 23031 26600 30632 34921 39522 44311 49162 53951 58810 63496 67952 72085 75704 78957 81773 84136 86217 87886 89319 90464 91363 92103 92686 93140 93555 93871 94120 94331 94481 94608 94717 94793 94860 94900 94932 94957 94984 94999 95020 95032 95041 95048 95053 95057 95059 95065 95066 95067 95070 95071 95073 95074 95075 95076 95076 95077 95077 95077 95077 95078 95078 95078 95078 95078 95078 95078 95078 
1 1 1 1 1 1 1 1 1 2 2 2 2 2 2 4 4 4 4 4 4 4 4 4 6 7 10 10 10 10 13 17 18 21 28 35 44 51 64 85 93 110 140 171 208 256 311 380 455 541 645 787 914 1102 1323 1587 1910 2300 2731 3300 4006 4799 5710 6749 8016 9524 11176 13133 15392 17914 20882 24140 27750 31868 36270 40740 45515 50514 55410 60238 64893 69225 73210 76745 79836 82499 84831 86782 88351 89641 90714 91611 92324 92877 93352 93725 94000 94223 94411 94566 94673 94782 94862 94920 94965 95013 95044 95066 95082 95096 95105 95116 95123 95132 95137 95140 95140 95141 95145 95147 95147 95147 95148 95148 95148 95148 95148 95148 95149 95149 95150 95150 95150 95150 95150 95150 95150 95150 95150 95150 95150 
1 1 1 1 1 1 1 2 3 3 3 3 3 4 4 5 5 5 5 5 6 9 10 15 18 21 24 25 29 37 41 50 55 61 81 90 105 120 137 164 201 230 287 338 404 496 603 714 829 985 1168 1415 1688 1997 2392 2900 3452 4077 4859 5767 6833 8082 9542 11257 13294 15687 18241 21142 24540 28223 32151 36496 41029 45870 50787 55610 60308 64861 69159 73105 76687 79905 82689 85013 86941 88447 89758 90854 91726 92444 93015 93475 93795 94099 94318 94528 94675 94797 94887 94966 95022 95070 95112 95139 95165 95179 95194 95203 95211 95217 95223 95225 95229 95232 95234 95237 95240 95241 95241 95242 95242 95242 95242 95242 95242 95242 95242 95242 95242 95242 95242 95242 95242 95242 95242 
1 1 1 1 1 1 1 1 1 2 4 5 7 8 8 8 9 10 12 14 16 21 27 33 41 45 54 69 83 106 123 142 175 200 238 280 337 399 474 562 660 772 928 1105 1339 1597 1870 2210 2655 3176 3776 4496 5395 6428 7604 8961 10616 12563 14772 17240 20035 23317 26952 30949 35246 39890 44558 49350 54290 59122 63829 68275 72302 75989 79181 81945 84400 86380 88072 89474 90562 91432 92191 92809 93285 93647 93944 94176 94384 94548 94666 94781 94863 94947 94989 95028 95061 95094 95108 95121 95134 95144 95152 95162 95166 95169 95169 95171 95172 95174 95174 95175 95176 95176 95176 95176 95176 95176 95176 95176 95176 95176 95176 95176 
1 1 1 1 1 5 5 5 8 9 11 14 18 19 25 33 35 46 70 82 99 113 135 156 180 240 284 339 404 488 585 702 872 1036 1273 1521 1816 2168 2614 3107 3755 4488 5314 6349 7455 8894 10484 12414 14562 17101 19899 23115 26608 30421 34668 39215 43882 48787 53668 58649 63327 67733 71796 75484 78736 81600 84108 86202 87822 89221 90399 91362 92091 92717 93214 93602 93906 94165 94380 94531 94673 94772 94855 94913 94971 95023 95040 95060 95079 95095 95101 95110 95119 95130 95133 95136 95142 95144 95147 95148 95149 95151 95152 95152 95153 95153 95154 95154 95154 95155 95155 95155 95155 95155 95155 95155 95155 95155 95155 95155 
1 1 1 1 1 2 3 3 5 5 5 9 9 10 10 12 16 17 22 27 32 37 48 56 66 84 92 108 128 150 187 214 252 287 342 417 487 603 721 862 1011 1217 1461 1757 2112 2525 3013 3534 4254 5074 6039 7212 8531 10099 11952 13960 16313 19080 22142 25680 29460 33560 37911 42568 47392 52312 57148 61933 66332 70487 74430 77826 80822 83333 85421 87150 88720 89961 90984 91777 92433 93001 93436 93756 94039 94270 94461 94590 94700 94780 94856 94927 94960 94996 95030 95054 95079 95093 95098 95110 95118 95121 95126 95128 95132 95133 95133 95133 95133 95133 95134 95134 95134 95135 95135 95136 95136 95136 95136 95136 95136 95136 95136 95136 95136 95136 
1 1 1 1 1 1 1 2 3 3 3 4 4 5 7 9 10 12 17 24 26 33 37 43 52 64 76 88 104 126 152 188 222 274 340 410 478 573 695 842 1031 1237 1489 1793 2136 2550 3037 3637 4371 5252 6244 7410 8761 10346 12218 14379 16814 19643 22802 26280 30166 34364 38789 43418 48190 52987 57791 62617 67103 71162 74860 78220 81169 83636 85788 87545 89003 90220 91237 92004 92617 93121 93521 93858 94140 94358 94538 94654 94743 94831 94889 94949 94989 95024 95052 95068 95081 95094 95109 95121 95125 95131 95135 95137 95140 95142 95143 95145 95146 95147 95147 95148 95150 95151 95151 95151 95151 95151 95151 95151 95151 95151 95151 
1 1 1 1 1 1 1 1 1 1 1 2 4 4 6 8 8 10 12 14 15 20 27 29 39 47 60 74 90 110 138 167 194 242 298 363 448 535 630 748 936 1128 1349 1615 1917 2274 2695 3180 3814 4582 5502 6535 7746 9125 10731 12654 14913 17460 20185 23302 26911 30861 35048 39494 44202 48980 53945 58691 63326 67731 71828 75536 78730 81524 84032 86096 87777 89172 90320 91279 92058 92694 93192 93557 93866 94095 94298 94454 94579 94683 94747 94826 94876 94913 94940 94969 94984 94994 95010 95020 95027 95035 95041 95044 95048 95050 95053 95054 95054 95055 95055 95055 95055 95055 95055 95055 95055 95055 95055 
1 1 1 1 1 2 2 3 3 5 6 7 9 9 9 9 10 10 14 24 29 34 39 49 58 67 86 105 120 138 164 201 229 287 338 400 476 597 722 906 1063 1258 1495 1798 2148 2560 3056 3653 4306 5126 6035 7183 8476 10067 11807 13855 16267 19028 22084 25540 29348 33527 37950 42694 47558 52524 57418 62173 66616 70726 74552 77944 80865 83328 85537 87332 88870 90099 91131 91899 92540 93094 93516 93879 94162 94402 94558 94692 94799 94883 94946 94995 95036 95081 95112 95131 95141 95153 95161 95173 95178 95185 95190 95194 95198 95200 95201 95203 95203 95205 95205 95206 95206 95206 95207 95207 95208 95208 95208 95208 95208 95209 95209 95209 95209 95209 95209 95209 95209 95209 
1 1 1 1 1 1 1 3 3 3 3 4 7 8 11 16 18 20 22 31 39 48 55 68 80 98 113 139 181 224 260 309 374 462 545 646 786 942 1113 1322 1603 1905 2295 2766 3308 3940 4688 5628 6637 7931 9431 11061 12958 15247 17836 20713 24003 27547 31424 35898 40576 45407 50146 55010 59765 64444 68787 72783 76438 79676 82390 84707 86614 88217 89583 90656 91550 92254 92870 93350 93714 94028 94245 94435 94586 94693 94810 94876 94946 94991 95037 95071 95099 95114 95130 95142 95152 95156 95164 95168 95170 95174 95178 95179 95181 95183 95183 95183 95183 95183 95183 95183 95183 95183 95183 95184 95184 95184 95184 95184 95184 95184 95184 95184 95184 95184 95184 95184 95184 95184 95184 95184 95184 
1 1 1 1 1 1 1 1 1 2 2 4 6 11 11 12 12 15 18 23 31 42 49 63 65 79 95 119 139 159 191 235 283 337 390 467 544 656 772 920 1097 1324 1575 1889 2294 2761 3288 3857 4630 5482 6519 7767 9217 10878 12775 15062 17543 20424 23746 27303 31180 35369 39861 44739 49600 54547 59368 63905 68190 72241 75850 79191 82010 84348 86404 88070 89452 90579 91483 92205 92805 93227 93610 93901 94150 94353 94501 94635 94741 94810 94873 94915 94953 94991 95017 95038 95053 95068 95078 95091 95097 95101 95106 95107 95108 95110 95111 95116 95119 95122 95123 95125 95127 95127 95127 95127 95127 95128 95128 95128 95128 95128 95128 95128 95128 95128 95128 95128 
1 1 1 1 1 2 3 3 8 9 9 9 12 12 16 21 24 28 34 41 55 70 84 102 120 152 178 215 263 322 381 485 585 709 863 1051 1293 1549 1861 2234 2673 3194 3813 4589 5456 6485 7713 9122 10776 12707 14864 17364 20217 23558 27110 31074 35470 40066 44799 49574 54473 59427 64098 68491 72329 75945 79241 81969 84424 86379 88088 89467 90670 91588 92288 92895 93352 93722 94048 94276 94470 94639 94761 94852 94921 94971 95037 95068 95099 95126 95147 95168 95181 95195 95203 95215 95222 95230 95232 95233 95234 95235 95237 95238 95238 95239 95239 95239 95239 95239 95239 95239 95239 95239 
1 1 1 1 1 1 1 1 2 3 3 3 3 3 3 3 4 4 7 9 9 9 11 12 14 15 16 22 24 27 32 39 41 48 61 75 89 102 127 162 196 228 274 336 402 480 562 677 798 964 1148 1385 1649 1980 2380 2806 3341 3951 4676 5566 6677 7864 9307 11024 12961 15147 17788 20578 23880 27461 31301 35498 40035 44752 49509 54300 59106 63803 68175 72343 75896 79122 81895 84264 86308 87958 89282 90354 91276 92056 92686 93133 93495 93831 94061 94249 94417 94542 94639 94714 94776 94842 94882 94909 94938 94967 94985 95006 95020 95027 95037 95041 95046 95049 95051 95056 95060 95061 95062 95065 95065 95066 95066 95067 95067 95067 95067 95067 95067 95067 95067 95067 95067 95067 95067 95067 95067 95067 95067 95067 95067 
1 1 1 1 1 1 2 3 5 5 5 9 13 14 15 18 21 22 27 29 32 43 46 58 65 77 88 101 119 144 168 199 241 288 327 384 460 573 678 786 942 1125 1320 1585 1888 2263 2719 3245 3845 4579 5435 6545 7724 9176 10821 12703 14914 17398 20273 23451 27064 31006 35234 39769 44407 49296 54244 59129 63764 68011 72146 75798 78997 81690 84160 86231 87936 89265 90400 91307 92056 92651 93156 93553 93873 94109 94328 94492 94620 94741 94822 94876 94933 94974 94999 95019 95038 95064 95080 95091 95103 95111 95120 95124 95126 95129 95133 95134 95134 95137 95137 95140 95140 95141 95142 95142 95142 95142 95142 95142 95142 95142 95142 95142 95142 95142 95142 95142 95142 95142 
1 1 1 1 1 1 1 1 
1 1 1 1 1 1 2 4 4 6 6 7 10 11 12 13 18 20 24 28 29 37 44 53 64 76 88 103 126 149 179 217 260 307 365 452 534 627 745 898 1075 1272 1533 1818 2152 2578 3055 3679 4354 5182 6191 7376 8771 10307 12268 14457 16831 19642 22874 26361 30164 34313 38766 43491 48325 53212 57976 62833 67225 71356 75197 78600 81507 83913 85982 87801 89248 90435 91412 92172 92798 93301 93687 94017 94248 94465 94640 94769 94867 94963 95026 95073 95127 95165 95193 95208 95221 95235 95243 95249 95252 95256 95260 95263 95263 95265 95265 95268 95268 95268 95270 95270 95270 95270 95270 95270 95270 95270 95270 95270 95270 95270 95270 95270 95270 
1 1 1 1 1 1 1 1 1 2 2 2 2 3 3 5 9 11 13 14 17 17 20 25 27 31 40 50 61 75 95 121 145 166 197 250 289 340 418 507 617 733 877 1060 1257 1515 1797 2135 2568 3095 3678 4417 5254 6173 7296 8642 10182 11966 14011 16483 19176 22188 25593 29379 33501 37874 42354 47230 52215 57001 61647 66163 70311 74215 77607 80634 83163 85328 87182 88682 89879 90938 91718 92355 92901 93297 93622 93928 94141 94286 94422 94549 94635 94706 94758 94799 94828 94852 94868 94884 94898 94905 94914 94927 94932 94933 94934 94937 94940 94940 94942 94944 94945 94946 94946 94946 94947 94947 94947 94948 94948 94948 94948 94948 94948 94948 94948 94948 94948 94948 
1 1 1 1 1 1 1 1 1 3 4 4 4 5 6 6 8 9 12 15 20 23 29 33 37 44 51 67 82 99 124 149 174 203 264 324 374 441 529 646 760 900 1082 1291 1554 1842 2193 2616 3132 3737 4442 5239 6247 7393 8786 10321 12171 14390 16770 19534 22585 26183 29995 34189 38572 43432 48156 53165 57955 62607 67165 71289 74911 78313 81197 83664 85790 87544 89010 90175 91131 91904 92531 93035 93442 93794 94060 94294 94460 94598 94716 94805 94872 94927 94984 95025 95055 95071 95086 95106 95118 95128 95135 95140 95146 95147 95148 95150 95153 95156 95158 95158 95158 95159 95159 95159 95159 95160 95160 95160 95160 95160 95160 95160 95160 95160 
1 1 1 1 1 1 1 1 1 1 
1 2 2 2 3 3 3 3 3 4 6 7 9 9 15 17 21 22 29 32 38 51 63 82 101 122 148 174 199 237 281 339 409 481 568 681 791 952 1168 1392 1657 1977 2359 2743 3250 3855 4645 5517 6530 7788 9164 10798 12661 14890 17444 20283 23497 27122 31011 35284 39905 44637 49424 54254 59106 63683 68171 72366 76000 79316 82037 84362 86400 88042 89421 90540 91435 92167 92778 93250 93630 93940 94200 94404 94556 94675 94793 94882 94921 94981 95014 95047 95086 95112 95131 95144 95159 95173 95176 95180 95184 95185 95187 95189 95191 95191 95192 95193 95195 95196 95197 95198 95198 95198 95198 95198 95199 95199 95199 95199 95200 95201 95201 95201 95201 95201 95201 95201 95201 95201 
1 1 1 1 1 1 1 1 1 1 2 4 4 5 8 8 10 15 16 19 20 21 30 34 50 59 79 101 120 137 156 199 256 305 350 430 505 605 722 871 1039 1268 1523 1827 2180 2638 3149 3746 4449 5342 6372 7545 8895 10584 12474 14694 17226 20021 23268 26788 30715 35050 39560 44257 49088 54080 58875 63625 67995 72042 75697 78890 81706 84051 86123 87805 89168 90292 91357 92128 92747 93227 93646 93947 94190 94391 94554 94679 94792 94880 94956 95004 95047 95081 95115 95138 95160 95173 95180 95186 95200 95206 95209 95211 95213 95216 95218 95218 95219 95221 95222 95223 95223 95223 95223 95224 95225 95225 95225 95226 95226 95226 95226 95226 95226 95226 95226 95226 95226 95226 95226 95226 95226 
1 1 1 1 1 1 4 6 7 7 9 10 13 17 21 25 29 38 42 44 52 60 79 93 111 126 151 191 236 276 314 377 445 536 656 777 906 1081 1289 1559 1852 2224 2659 3170 3753 4485 5323 6340 7587 8947 10559 12473 14595 17096 19807 22909 26471 30397 34601 39061 43847 48607 53477 58376 63017 67536 71545 75265 78479 81457 83925 86022 87742 89183 90364 91322 92073 92722 93244 93628 93973 94252 94440 94587 94717 94828 94907 94978 95032 95073 95108 95135 95151 95167 95179 95185 95196 95206 95212 95213 95214 95214 95214 95216 95218 95219 95219 95219 95219 95219 95219 95219 95220 95220 95220 95220 95221 95221 95221 95221 95221 95221 95221 
1 1 1 1 1 1 1 2 3 3 4 4 4 4 4 8 10 13 16 19 19 25 32 41 53 61 70 86 100 127 156 185 230 272 319 379 450 546 644 779 912 1091 1272 1501 1785 2138 2568 3076 3705 4410 5216 6219 7399 8793 10264 12140 14340 16790 19638 22780 26317 30203 34349 38872 43546 48271 53183 58112 62886 67526 71773 75541 78836 81681 84066 86155 87859 89300 90442 91408 92206 92859 93328 93710 94022 94291 94475 94619 94746 94844 94948 95011 95062 95105 95140 95172 95191 95216 95230 95241 95249 95258 95261 95264 95268 95270 95276 95279 95279 95279 95279 95279 95280 95281 95281 95281 95281 95281 95281 95281 95281 95281 95281 95281 
