1 0 0 0 0 0 
1 0 0 0 0 0 1 0 1 0 0 0 3 0 0 0 2 2 5 5 5 6 9 6 11 11 22 22 35 37 50 68 74 81 120 117 158 162 226 254 328 396 456 548 710 818 1061 1215 1467 1683 2063 2495 2829 3323 3674 4126 4465 4850 5439 5562 5631 5670 5405 5001 4540 4053 3446 2910 2395 1905 1614 1229 920 722 564 415 328 238 191 179 121 81 72 67 40 32 17 19 11 6 13 3 7 2 4 3 0 4 1 0 0 1 0 1 0 0 0 0 0 0 0 0 0 0 0 
1 0 0 0 0 1 1 0 0 2 2 3 0 6 1 7 3 6 5 5 12 14 14 15 22 27 38 31 40 58 62 87 80 114 119 180 219 257 301 393 458 536 709 892 989 1164 1458 1766 2049 2439 2750 3246 3732 4167 4679 5005 5315 5574 5609 5565 5307 5046 4458 4137 3351 2932 2330 1978 1565 1213 909 750 537 445 333 280 193 157 113 95 61 67 43 40 31 24 18 11 10 6 9 2 3 5 4 1 0 1 0 0 0 0 0 0 0 2 0 0 0 0 1 0 0 0 0 0 0 0 0 0 0 0 
1 0 0 0 0 0 0 0 0 1 0 0 0 2 2 0 0 1 1 3 2 3 5 10 2 8 12 7 16 17 29 33 34 44 41 60 81 94 119 120 150 208 244 311 337 466 515 669 822 965 1148 1336 1642 2039 2291 2671 3133 3688 4131 4517 4881 5347 5558 5715 5711 5401 5121 4597 4078 3577 3018 2451 2022 1574 1291 990 780 579 449 382 264 209 140 125 103 65 61 47 34 24 12 9 14 13 11 8 3 4 0 2 1 1 0 0 0 1 0 0 0 0 0 0 0 0 0 
1 0 1 1 1 0 1 3 1 1 7 6 7 4 15 12 11 8 17 24 20 43 41 49 66 99 135 127 144 186 211 278 317 419 466 624 748 886 980 1283 1525 1791 2141 2562 2976 3305 3825 4092 4685 5114 5262 5484 5574 5658 5379 4989 4411 3906 3322 2812 2273 1839 1449 1145 904 715 561 429 347 258 207 151 104 82 70 49 39 31 24 19 16 7 8 10 3 4 1 1 1 0 0 0 0 1 0 0 0 0 0 0 
1 0 1 1 3 0 1 1 0 1 3 1 3 5 5 4 1 5 11 7 16 12 13 18 28 34 36 57 51 69 95 119 129 158 191 227 283 352 441 539 660 795 899 1143 1321 1533 1903 2209 2591 3010 3532 3913 4454 4857 5028 5388 5724 5522 5550 5157 4719 4341 3810 3164 2685 2234 1660 1380 1074 827 651 542 393 333 225 169 126 99 78 59 54 37 27 20 25 18 8 9 8 5 4 3 4 1 2 1 2 0 0 0 1 0 0 0 0 0 0 0 0 0 0 0 0 0 
1 0 0 0 0 2 1 0 3 1 2 2 5 2 3 5 15 9 12 15 16 17 41 34 39 56 69 83 99 118 174 191 238 304 355 407 544 711 765 874 1122 1352 1613 1894 2198 2520 3041 3420 4058 4469 4821 5200 5456 5522 5594 5481 5178 4681 4377 3829 3224 2606 2117 1734 1377 1096 818 666 515 413 284 223 200 138 117 82 58 43 45 33 23 16 10 12 4 11 10 2 5 3 0 1 0 2 0 0 0 0 0 0 0 0 0 0 0 0 
1 0 0 0 1 1 0 0 1 1 4 1 2 0 3 4 2 5 4 3 7 4 8 12 12 16 20 30 28 31 42 54 82 89 103 111 147 172 231 310 357 423 512 626 768 954 1145 1381 1617 1914 2330 2585 3035 3522 3999 4359 4957 5289 5518 5636 5663 5596 5122 4704 4219 3628 3091 2637 1987 1718 1314 1033 787 665 535 398 322 215 159 125 108 97 60 45 43 24 24 16 13 9 5 11 6 0 2 5 2 2 1 1 0 1 0 0 0 1 0 0 0 0 0 0 0 0 
1 0 0 2 1 0 1 0 2 3 2 3 4 6 9 4 10 10 13 11 16 34 32 53 46 64 73 105 90 124 167 204 255 304 378 463 537 634 798 1005 1124 1329 1646 1983 2279 2669 3020 3535 4089 4557 4843 5389 5466 5726 5653 5380 5003 4727 4295 3595 3039 2510 2064 1654 1321 973 808 604 454 370 268 212 154 127 92 69 67 27 37 28 28 15 15 11 1 6 5 3 3 2 2 0 0 0 0 0 0 0 1 0 0 0 0 0 0 0 0 0 0 
1 0 0 0 1 6 1 3 6 4 10 7 10 18 22 27 22 35 49 37 56 59 98 103 122 146 159 220 272 311 403 523 579 689 832 1062 1260 1535 1774 2150 2413 2884 3324 3801 4204 4721 5159 5553 5758 5716 5576 5327 4835 4527 3814 3209 2843 2312 1782 1410 1131 903 705 521 459 326 228 190 151 112 91 63 59 30 33 21 12 18 9 5 8 3 2 4 3 1 1 0 2 1 0 0 0 0 0 0 0 0 0 0 0 0 0 
1 0 0 0 0 0 0 0 2 1 0 0 2 1 3 1 1 4 4 4 6 3 6 7 14 15 11 18 19 35 32 48 39 53 80 97 117 128 170 207 256 294 349 469 506 609 784 937 1222 1332 1730 2011 2340 2596 3101 3560 4087 4586 4874 5335 5581 5619 5528 5595 5015 4621 4255 3513 3036 2477 2008 1705 1281 1014 800 598 492 370 279 216 163 115 112 81 56 54 39 23 23 16 6 18 7 8 3 5 3 0 1 2 1 0 0 0 0 0 0 0 0 0 0 
1 0 0 0 1 0 0 0 1 0 0 1 0 0 0 2 1 0 0 0 0 1 3 6 4 3 10 8 7 16 20 18 21 28 34 44 51 63 73 101 107 136 187 242 265 346 357 481 588 686 875 1010 1227 1515 1752 2095 2372 2895 3314 3662 4235 4695 5126 5455 5547 5652 5581 5409 4906 4362 3925 3447 2850 2349 1864 1475 1196 866 722 553 456 338 267 220 142 119 99 65 50 37 30 30 17 10 13 5 11 4 2 1 0 2 2 0 0 0 0 0 0 0 0 0 0 
1 0 0 0 0 0 0 2 0 2 0 1 1 1 2 3 1 2 2 3 8 5 13 10 10 19 17 20 29 37 50 57 70 77 74 125 148 175 213 260 303 372 497 623 695 873 1050 1173 1424 1671 2029 2440 2751 3212 3618 4176 4628 5155 5396 5529 5667 5611 5347 5045 4554 4028 3329 2929 2339 1897 1521 1192 990 748 556 442 343 283 209 142 113 99 81 62 42 36 33 16 14 12 10 8 3 3 5 3 2 1 1 2 0 1 0 0 1 0 0 0 1 0 0 0 0 0 0 0 
1 0 0 0 0 0 1 0 1 1 0 0 0 0 0 1 1 0 2 0 0 1 0 0 2 0 3 4 0 3 0 0 6 5 5 10 6 10 14 14 18 36 36 42 36 66 69 81 103 133 148 225 211 267 303 454 536 606 746 889 1031 1228 1452 1853 2099 2503 2871 3348 3750 4229 4783 5184 5292 5640 5606 5514 5289 4934 4514 3850 3291 2817 2259 1841 1399 1144 902 700 503 400 310 264 193 131 124 82 61 45 34 16 22 19 13 15 16 11 4 6 2 2 3 1 0 0 1 1 0 0 0 0 0 0 0 0 0 
1 0 0 0 0 0 1 0 0 3 3 1 0 1 5 7 7 15 7 9 19 13 25 31 29 49 61 69 72 99 131 123 183 214 290 358 375 536 624 731 862 1029 1291 1455 1811 2119 2494 2878 3341 3854 4365 4797 4986 5466 5497 5673 5592 5314 4903 4428 3875 3290 2774 2271 1868 1462 1115 888 748 516 412 312 226 208 158 110 75 75 40 33 36 19 21 15 6 7 7 7 3 4 4 1 0 4 1 2 0 1 0 0 0 0 0 0 0 0 0 0 0 
1 0 0 0 1 0 2 0 0 0 0 1 0 1 1 0 0 1 1 2 4 3 3 4 9 2 5 9 12 17 14 10 22 16 27 36 44 64 58 84 117 109 155 179 193 261 338 396 481 629 647 850 1034 1220 1415 1730 2103 2526 2917 3200 3621 4154 4614 5044 5371 5511 5620 5634 5295 4937 4469 4015 3544 2824 2405 1837 1592 1202 945 689 541 454 336 261 218 153 121 89 79 56 38 25 26 15 15 13 9 10 2 7 2 2 0 0 0 1 0 0 0 0 0 0 0 0 0 0 0 
1 0 0 1 0 0 0 0 0 0 3 1 1 2 0 1 3 3 6 5 9 8 12 18 13 36 21 48 49 41 61 77 103 117 120 188 222 266 289 368 467 555 634 739 945 1230 1364 1597 1904 2284 2706 2980 3412 4019 4495 4779 5252 5385 5621 5545 5489 5128 4705 4250 3733 3191 2569 2070 1662 1346 1034 831 654 493 333 283 255 161 123 120 80 68 51 35 29 26 16 7 14 6 6 6 3 3 0 1 1 0 0 0 0 1 0 0 0 0 0 0 0 0 0 0 0 
1 0 0 0 0 0 0 2 0 0 3 2 0 0 3 2 2 2 3 10 8 5 6 10 16 20 21 19 21 41 35 70 63 79 108 112 148 159 241 257 313 415 450 565 687 840 990 1249 1476 1706 2095 2392 2839 3234 3676 4136 4751 4969 5395 5544 5749 5682 5455 4976 4662 3923 3492 2786 2282 1957 1505 1143 881 732 540 448 360 257 203 126 117 96 57 44 42 20 27 15 23 11 8 7 5 4 3 2 0 2 0 0 2 0 0 0 0 0 0 0 0 
1 0 0 0 0 2 2 0 1 3 3 9 5 10 10 10 5 18 18 24 34 45 49 48 49 76 104 114 138 171 211 257 310 353 472 630 656 851 982 1132 1425 1658 1966 2386 2833 3147 3749 4160 4448 4940 5319 5476 5645 5675 5529 5021 4564 4074 3529 3011 2413 2001 1591 1253 973 728 547 434 349 266 220 156 113 101 69 64 34 32 20 13 17 5 7 10 5 4 5 3 4 2 2 1 0 2 1 0 0 0 0 0 0 0 1 0 0 0 0 0 0 0 0 0 0 
1 0 0 0 0 1 0 2 0 0 2 1 4 2 6 9 5 4 11 10 13 15 19 20 34 38 46 66 63 80 97 106 136 170 215 267 294 380 457 589 695 796 1020 1164 1383 1760 2002 2329 2686 3233 3707 4006 4508 4977 5236 5610 5586 5680 5395 5005 4567 4191 3506 2941 2366 2011 1534 1273 988 823 610 457 385 273 217 179 121 90 88 66 38 36 29 26 16 19 6 7 1 4 4 4 1 0 0 3 0 0 0 0 0 0 0 0 0 0 0 0 0 0 
1 0 0 0 0 0 0 1 0 0 0 2 1 0 0 0 0 1 0 1 0 2 0 2 1 0 3 3 4 4 4 9 10 14 17 20 13 28 26 42 40 58 68 84 114 122 135 188 228 288 315 381 468 623 704 861 1060 1271 1436 1779 2136 2564 2847 3331 3760 4222 4709 5087 5478 5629 5625 5496 5327 4886 4395 3952 3321 2831 2262 1779 1519 1149 913 675 541 442 319 278 191 158 109 98 59 61 49 38 23 13 19 21 4 6 7 4 3 2 1 2 0 1 1 0 0 0 0 0 0 0 0 0 0 0 
1 0 0 0 0 0 0 0 0 1 1 0 0 1 0 0 1 0 0 0 0 0 0 3 1 1 7 3 6 0 6 12 9 18 20 22 20 27 46 45 69 91 87 114 131 146 220 268 301 394 498 545 696 749 949 1189 1455 1634 2017 2381 2737 3195 3704 4118 4704 4883 5257 5620 5700 5571 5388 5099 4668 4002 3468 2877 2456 2044 1610 1280 975 783 584 454 361 276 215 156 95 102 73 59 44 33 25 24 18 8 9 8 5 4 6 2 1 3 2 1 1 0 0 0 0 0 0 0 0 0 0 0 0 0 
1 0 0 0 0 0 0 0 2 0 0 1 0 0 2 2 3 0 0 2 3 1 4 10 10 7 7 11 14 25 17 27 45 50 57 65 77 104 104 125 186 195 258 327 345 469 530 694 797 1030 1225 1467 1795 2029 2399 2774 3184 3668 4306 4603 5108 5450 5555 5597 5612 5349 4929 4543 3989 3424 2918 2464 1932 1550 1175 964 749 591 445 374 258 212 173 118 89 68 61 41 37 27 19 19 10 4 7 8 5 4 3 2 0 1 0 0 0 0 1 0 0 0 0 0 0 0 0 0 
1 0 0 0 0 0 1 1 0 0 0 0 0 1 3 2 2 1 2 4 3 5 6 4 9 12 16 16 23 32 25 35 52 54 61 97 131 134 154 213 242 316 374 446 560 683 841 984 1198 1409 1710 2089 2385 2761 3142 3569 4193 4646 5053 5218 5462 5725 5547 5433 5011 4608 4106 3468 2869 2495 1995 1603 1265 931 780 579 478 386 269 204 166 120 111 69 55 48 49 26 22 9 8 11 5 8 4 2 3 2 3 4 1 1 1 0 0 1 0 0 0 0 0 0 0 
1 0 0 0 1 0 1 0 0 1 0 2 2 1 2 0 3 3 7 9 8 6 11 7 11 13 26 28 33 43 46 49 62 93 111 120 166 196 232 287 357 444 509 682 798 988 1093 1378 1593 2021 2393 2614 3052 3543 3985 4517 4762 5329 5413 5599 5661 5505 5216 4863 4187 3616 3054 2598 2115 1605 1285 969 813 646 499 385 266 228 168 126 95 98 63 43 31 24 20 12 15 14 8 2 3 3 3 2 2 0 1 0 1 1 2 0 1 1 0 0 0 0 0 1 0 0 0 0 0 0 0 0 0 0 0 0 0 
1 0 0 1 0 1 1 1 1 0 0 3 1 1 0 0 2 6 6 6 3 5 10 11 11 11 25 10 31 46 61 53 61 75 96 111 169 191 242 263 348 432 554 612 787 906 1049 1303 1582 1890 2263 2615 3048 3285 4047 4334 4713 5142 5445 5670 5628 5570 5249 4800 4306 3735 3132 2658 2178 1743 1363 1118 824 677 522 405 311 242 186 134 115 81 66 53 43 27 20 18 9 10 10 7 4 4 2 0 4 2 2 1 2 2 2 0 0 1 1 0 0 1 0 0 0 0 0 0 0 0 
1 0 0 0 0 0 0 0 2 0 0 2 2 2 1 2 5 3 4 6 3 5 7 15 16 18 18 22 24 33 39 69 79 56 117 135 132 183 213 263 406 394 510 552 703 908 1106 1290 1509 1764 2190 2524 3002 3389 3748 4294 4779 5143 5426 5724 5647 5648 5252 4791 4520 3857 3297 2671 2293 1761 1394 1137 834 628 542 396 304 227 204 147 120 90 77 53 46 26 27 16 11 13 8 10 3 2 6 0 2 1 1 1 0 1 1 0 0 0 0 0 0 0 0 0 
1 0 0 0 0 0 0 2 2 0 0 0 1 3 3 1 2 1 6 4 1 6 11 4 15 10 15 14 21 20 31 34 32 49 48 84 101 132 124 151 168 252 284 292 393 521 610 739 882 1062 1284 1576 1798 2197 2551 2849 3422 3786 4382 4629 5130 5313 5661 5600 5522 5387 4866 4372 3801 3247 2718 2284 1871 1433 1171 854 661 552 440 330 229 197 155 88 91 54 55 42 36 23 14 14 16 7 4 5 5 2 3 1 1 0 1 0 0 0 0 0 0 0 0 0 0 1 0 0 0 0 
1 0 0 0 0 0 1 0 0 0 0 0 0 0 0 0 4 1 1 4 4 2 2 2 2 8 6 7 8 15 11 16 22 34 40 37 40 72 63 92 115 117 172 190 234 287 361 379 523 603 796 986 1113 1317 1602 1867 2331 2607 3086 3492 3998 4385 4883 5216 5440 5639 5528 5548 5073 4687 4349 3874 3157 2529 2114 1783 1274 1010 759 673 492 390 287 236 158 144 123 89 66 46 49 23 22 23 10 18 7 9 3 2 4 6 3 0 0 0 0 0 0 0 0 0 1 0 0 0 0 0 0 0 0 0 0 0 
1 0 0 0 0 1 0 1 1 2 0 0 1 1 2 9 3 3 1 10 7 9 10 16 15 14 19 35 49 46 51 46 77 98 113 132 146 165 242 314 369 416 544 661 783 902 1090 1413 1664 1934 2259 2674 2965 3623 4051 4394 4826 5195 5556 5750 5507 5486 5174 4645 4204 3654 3122 2625 2058 1578 1312 1044 820 661 511 394 308 227 167 138 105 80 76 68 36 31 21 20 12 15 6 4 3 3 4 1 0 1 1 1 1 0 0 0 1 0 0 0 0 0 0 0 0 0 0 0 0 0 
1 0 0 0 0 0 0 0 0 1 2 0 2 0 0 2 1 3 3 2 2 1 3 8 6 9 9 7 16 16 22 28 37 42 53 61 81 104 116 148 175 242 261 340 379 457 558 667 894 1072 1244 1533 1753 2080 2374 2787 3328 3700 4138 4679 5059 5348 5632 5665 5663 5392 5074 4540 3987 3366 2805 2356 1854 1485 1159 935 725 489 460 337 252 193 154 111 93 57 56 51 26 20 16 22 17 6 3 6 0 2 4 1 3 1 0 2 0 0 0 1 0 0 1 0 0 0 0 0 0 0 0 
1 0 0 0 0 1 1 1 1 0 0 0 6 4 1 6 8 8 5 10 5 18 17 18 18 28 30 43 49 71 85 100 117 123 202 211 247 286 396 449 572 661 855 1021 1238 1413 1757 2006 2446 2759 3167 3679 4251 4628 5086 5283 5685 5594 5509 5337 5081 4560 4048 3431 2987 2374 1909 1532 1158 988 748 576 445 361 271 208 155 139 94 75 38 50 28 25 17 5 10 12 6 3 1 4 2 4 2 0 1 1 0 0 0 0 0 0 0 0 0 0 
1 0 0 0 1 1 0 1 0 2 6 6 0 4 4 1 5 11 12 14 16 17 18 28 44 46 40 63 67 91 112 156 176 196 258 293 402 515 581 687 825 1079 1214 1500 1696 2005 2456 2849 3265 3726 4218 4581 4887 5382 5634 5798 5598 5385 5031 4502 3923 3444 2809 2321 1901 1494 1225 931 752 610 464 362 239 232 156 113 77 63 46 41 26 26 20 11 9 13 4 7 5 2 0 2 1 2 2 0 0 2 0 0 1 0 0 0 0 0 0 0 0 0 0 0 
1 0 0 0 1 0 0 0 0 0 0 0 0 0 0 0 0 0 1 0 0 0 1 2 0 2 2 4 3 4 1 9 6 3 7 11 9 16 20 21 27 31 44 38 61 74 87 108 141 168 181 207 257 366 428 503 617 816 930 1103 1303 1699 1926 2172 2722 2999 3634 3862 4411 4843 5250 5397 5698 5734 5426 5241 4771 4229 3596 3180 2614 2077 1700 1260 1116 835 606 507 405 290 244 182 120 129 70 61 60 40 30 17 23 16 11 5 3 4 4 4 1 0 0 0 0 0 0 0 1 0 0 0 0 0 0 0 
1 0 0 
1 0 0 0 0 0 0 2 1 0 0 0 2 1 1 1 1 0 0 5 3 6 6 4 6 4 12 6 16 12 13 23 20 35 32 46 52 73 88 89 106 159 174 226 266 301 362 447 542 686 846 1032 1250 1446 1637 1926 2435 2826 3187 3487 4011 4639 4946 5138 5520 5630 5652 5350 4980 4685 4121 3531 2988 2500 1987 1628 1294 963 746 616 451 356 286 197 159 142 88 74 50 46 33 23 19 12 10 13 4 4 3 2 4 1 1 3 1 1 0 0 0 1 0 0 0 0 0 0 0 0 
1 0 0 0 1 1 2 1 0 2 3 3 4 5 4 8 9 12 12 20 24 22 22 36 46 71 64 95 95 102 155 197 207 247 332 387 469 597 716 906 989 1298 1525 1732 2117 2455 2975 3391 3706 4138 4815 4968 5309 5515 5755 5636 5277 5010 4529 3875 3375 2776 2246 1833 1528 1183 893 729 508 460 301 253 183 181 118 94 56 55 49 33 17 20 13 6 8 6 4 4 2 1 2 0 2 1 0 0 0 1 0 0 0 0 0 0 0 
1 0 0 0 0 0 0 0 0 2 1 0 2 1 2 0 4 5 4 2 6 6 5 11 21 9 26 29 30 30 51 44 71 92 106 121 132 195 252 281 340 449 493 589 784 927 1052 1243 1542 1790 2171 2560 2988 3368 3763 4328 4753 5276 5513 5521 5631 5447 5492 4859 4298 3819 3166 2572 2273 1813 1357 1149 843 647 528 391 322 233 179 161 99 95 63 39 41 31 19 22 17 8 11 4 6 7 4 2 5 0 2 2 2 0 1 0 0 0 0 0 0 0 0 
1 0 0 0 0 3 1 0 0 0 1 1 1 1 3 3 2 3 5 5 5 11 15 8 14 19 27 38 43 58 72 71 98 100 118 151 217 249 326 344 411 534 608 744 944 1059 1322 1511 1895 2261 2575 3012 3469 3888 4240 4842 5138 5505 5584 5564 5442 5099 4794 4424 3821 3163 2744 2180 1675 1418 1081 829 652 524 384 328 222 167 158 116 86 69 44 31 33 24 19 13 12 3 9 7 4 0 0 0 0 0 3 1 1 1 0 0 0 1 1 0 0 0 0 0 0 0 0 0 0 0 0 0 
1 0 0 0 2 0 2 2 3 2 1 3 4 6 5 3 11 10 20 18 28 27 41 33 49 58 67 76 125 122 174 215 256 282 365 415 482 635 785 920 1174 1345 1682 1967 2225 2592 3007 3480 3852 4461 4842 5222 5444 5727 5756 5581 5066 4795 4200 3705 3094 2578 2044 1699 1372 1019 778 662 522 380 307 241 182 136 119 71 47 49 35 28 24 18 5 8 7 5 3 1 2 1 1 2 0 0 0 0 0 0 0 0 0 0 0 0 0 0 
1 0 0 0 1 0 0 0 0 0 0 0 0 2 0 2 1 0 1 1 4 5 1 4 7 6 4 7 14 11 17 20 20 23 32 41 51 66 72 80 102 159 172 207 275 286 337 471 540 675 797 1034 1255 1413 1646 1978 2333 2775 3297 3645 4171 4497 4994 5297 5607 5630 5604 5457 5104 4448 4221 3517 3031 2367 1902 1582 1232 949 743 601 476 364 271 201 160 118 95 61 62 34 39 26 20 14 18 11 7 6 4 2 2 1 0 0 0 0 1 0 0 0 0 0 0 0 0 1 0 0 0 0 0 0 
1 0 0 0 1 0 1 0 1 1 0 3 2 3 4 2 2 8 14 16 10 14 16 21 25 38 50 57 70 57 104 126 158 200 217 252 360 394 513 625 689 857 1070 1280 1508 1800 2146 2497 3103 3350 3837 4312 4862 5379 5340 5537 5703 5543 5389 4857 4493 3782 3173 2664 2251 1819 1405 1088 809 670 539 435 313 252 192 129 119 92 65 52 48 21 25 15 15 7 8 2 4 3 5 4 3 2 1 1 0 0 2 0 0 0 0 1 0 0 0 0 0 0 0 0 0 0 0 0 0 
1 0 0 2 0 1 1 1 2 2 7 4 4 2 6 9 11 10 13 11 11 21 22 29 41 39 39 69 58 85 103 135 163 203 261 307 336 416 474 641 781 894 1065 1252 1547 1936 2288 2504 2925 3409 3904 4408 4953 5245 5461 5557 5610 5488 5220 4934 4387 3779 3212 2579 2090 1698 1359 1035 860 676 497 370 320 245 172 152 85 79 68 41 42 26 24 12 12 9 17 6 6 2 2 1 0 1 0 1 0 0 0 1 1 0 0 0 0 0 0 0 
1 0 0 0 1 1 2 3 3 2 1 2 11 10 5 10 13 17 17 21 36 37 40 45 61 59 89 137 128 168 185 244 291 379 475 588 689 798 1019 1100 1398 1666 2047 2375 2739 3173 3617 4071 4579 5003 5257 5620 5636 5575 5406 5124 4559 4174 3493 2952 2461 1972 1668 1215 1001 725 595 446 345 274 213 147 127 106 76 70 35 39 29 22 19 11 9 8 5 4 4 1 1 1 0 0 2 2 0 0 0 0 0 0 1 0 0 0 0 0 0 0 0 0 
1 0 1 1 1 2 0 1 1 0 3 3 3 2 1 0 2 1 4 4 10 7 5 8 16 18 25 25 34 47 49 58 75 94 99 146 162 209 242 325 371 398 571 654 772 969 1195 1356 1649 1926 2255 2659 3172 3471 3913 4448 4860 5214 5417 5570 5625 5545 5208 4767 4076 3621 3085 2626 2120 1606 1333 1057 831 684 477 386 291 237 166 132 112 76 66 39 33 32 24 15 6 13 9 8 4 4 0 5 2 2 1 1 1 1 0 0 0 0 0 0 0 0 0 0 0 0 
1 0 0 0 0 0 0 0 0 1 0 2 0 2 0 1 0 3 2 1 1 5 3 3 14 8 7 15 10 23 33 40 37 71 70 87 89 124 161 188 195 265 333 395 486 596 746 914 1042 1299 1506 1838 2152 2550 3002 3381 3884 4482 4727 5195 5423 5606 5767 5554 5179 4791 4396 3766 3221 2692 2343 1756 1367 1119 892 704 488 380 302 230 185 143 126 87 58 48 43 36 16 24 17 11 9 9 6 4 1 0 3 0 2 0 0 0 0 0 0 0 0 0 0 1 0 0 0 0 0 0 0 0 0 0 0 0 
1 0 0 0 0 0 0 0 0 2 1 0 0 1 1 0 1 5 4 3 8 5 6 10 14 12 21 25 28 38 52 46 66 78 101 101 112 152 207 237 294 373 402 552 638 789 899 1126 1393 1558 1911 2289 2629 3120 3517 4040 4426 4922 5312 5491 5596 5622 5485 5250 4820 4174 3740 3030 2562 2082 1653 1305 1023 815 604 489 349 296 226 175 121 95 70 60 41 29 41 20 15 11 12 7 6 6 9 0 1 1 1 1 1 1 0 1 0 0 0 0 0 0 0 0 0 
1 0 0 0 0 0 1 1 0 0 0 0 0 2 1 2 0 1 0 1 5 2 7 3 6 8 7 8 7 20 19 25 24 31 36 44 63 59 94 107 133 159 201 229 252 377 388 495 610 756 938 1098 1264 1558 1861 2190 2501 2989 3519 3982 4501 4680 5239 5525 5562 5720 5585 5246 4822 4318 3716 3165 2645 2193 1728 1398 1068 815 656 492 370 326 227 182 151 86 70 60 41 33 36 19 15 11 9 8 4 4 4 0 2 1 1 1 2 1 0 0 0 0 0 0 0 0 0 0 0 0 
1 0 0 0 0 0 0 2 2 0 1 0 3 1 1 5 5 4 6 8 4 7 5 20 15 15 19 29 36 44 36 42 79 89 114 111 141 203 207 268 323 420 486 626 764 834 1085 1220 1433 1808 2152 2416 2986 3350 3723 4326 4846 4968 5563 5572 5586 5540 5260 4873 4398 3837 3356 2808 2201 1854 1497 1147 958 705 553 426 329 267 187 147 106 99 64 57 31 28 20 21 14 12 13 6 2 4 2 4 0 0 0 0 0 0 0 0 0 0 0 0 0 0 0 
1 0 0 0 0 1 1 0 0 0 2 1 1 2 2 4 1 0 1 6 8 2 9 10 15 17 14 12 33 39 34 45 67 78 93 109 128 163 204 271 311 378 451 536 623 790 924 1177 1373 1672 2020 2250 2551 3066 3720 4163 4448 4888 5351 5559 5639 5647 5426 5139 4694 4218 3582 3019 2498 2022 1616 1258 1002 752 567 470 370 270 251 161 131 115 90 68 33 42 24 19 13 12 9 7 7 6 2 2 5 0 0 0 0 1 0 1 0 1 0 0 0 1 0 0 0 0 0 0 0 
1 0 0 0 0 0 0 0 0 0 0 1 1 0 0 0 0 0 0 1 2 2 1 1 2 1 1 4 3 10 8 5 7 10 15 22 25 19 19 45 62 46 79 85 125 129 162 198 218 277 376 417 492 629 783 882 1144 1327 1607 1893 2230 2616 3040 3448 3969 4348 4871 5005 5482 5597 5649 5530 5226 4887 4296 3683 3154 2665 2159 1767 1342 1104 777 608 495 383 313 233 152 138 104 82 60 52 34 32 24 21 9 8 8 10 9 2 3 2 2 3 2 0 0 1 0 0 1 0 0 0 0 0 0 0 0 
1 0 0 0 0 2 0 1 0 0 0 0 0 1 8 7 1 3 7 8 6 15 14 9 20 27 27 40 40 59 59 93 102 119 169 190 243 285 371 411 535 645 798 972 1084 1363 1546 1881 2226 2698 3013 3570 3994 4494 4850 5219 5472 5668 5587 5606 5221 4744 4115 3609 3156 2599 2113 1704 1334 1068 805 639 495 377 280 224 199 157 121 85 69 57 35 24 23 9 12 13 6 9 2 4 4 0 0 0 0 0 0 1 1 1 0 0 1 0 0 0 0 0 0 0 0 0 0 0 0 
1 0 0 0 0 0 0 1 1 0 1 0 1 2 1 4 3 4 5 2 3 6 8 10 15 9 20 17 31 28 37 44 56 66 79 98 123 155 188 194 264 325 419 439 531 722 825 979 1169 1493 1692 2015 2300 2784 3301 3682 4108 4522 5010 5437 5717 5666 5512 5438 4990 4537 4010 3643 2892 2506 1899 1494 1135 946 749 602 443 373 260 193 157 115 73 56 53 46 24 22 16 12 10 11 4 4 5 4 1 3 2 0 0 1 1 0 0 1 1 0 0 0 0 0 0 0 
1 0 0 0 0 1 0 0 0 0 0 0 0 1 0 0 2 1 0 0 0 1 1 2 2 4 0 3 1 2 4 3 4 4 7 6 6 12 9 10 15 20 20 44 43 65 52 56 87 108 153 158 183 221 274 385 424 509 599 748 904 1065 1312 1547 1793 2236 2628 2866 3419 3874 4294 4789 5159 5483 5621 5619 5611 5191 4878 4293 3792 3244 2706 2156 1695 1412 1095 884 645 518 426 321 243 184 147 103 94 68 51 33 34 26 24 13 5 6 11 4 3 1 2 1 1 2 3 0 0 0 0 1 0 0 1 0 1 0 0 0 0 0 0 0 0 0 0 0 0 0 0 0 0 
1 0 0 0 0 1 1 1 0 0 2 2 1 1 0 2 10 6 11 11 11 7 12 21 25 32 32 29 58 69 74 87 125 133 178 220 250 313 383 450 554 637 796 925 1215 1457 1652 2022 2458 2655 3207 3551 4126 4598 4965 5188 5580 5567 5714 5473 5053 4608 4185 3628 2921 2463 1995 1624 1236 958 770 591 455 350 264 211 138 124 84 72 46 44 22 23 15 22 12 9 7 6 3 3 4 1 1 0 2 0 1 0 1 1 0 0 0 0 0 0 0 0 
1 0 0 0 3 1 0 1 3 4 2 6 3 8 6 10 4 14 13 21 23 29 37 48 49 52 64 89 112 116 187 194 229 292 360 442 521 618 789 969 1126 1368 1580 1948 2318 2594 3096 3618 4033 4622 4897 5259 5488 5492 5804 5437 5245 4682 4160 3648 2999 2658 2020 1641 1399 966 819 609 451 331 279 215 165 137 89 81 41 44 33 26 17 10 13 6 10 3 3 3 4 1 2 1 0 0 0 0 0 0 0 0 0 0 0 0 0 
1 0 0 0 0 
1 0 0 0 0 0 0 0 2 2 1 0 1 4 2 1 6 3 2 11 10 14 14 20 16 16 21 32 41 62 64 86 81 118 128 186 207 263 326 347 434 515 658 787 935 1191 1452 1575 1923 2339 2748 3112 3559 3834 4449 4793 5221 5607 5622 5626 5514 5104 4708 4154 3668 3047 2495 2065 1747 1338 1016 752 605 451 374 298 234 167 116 103 80 70 47 36 17 26 19 20 6 9 6 5 4 1 4 4 1 1 0 1 1 0 2 0 0 0 0 0 0 0 0 0 0 0 0 0 0 
1 0 1 1 1 4 5 3 4 1 8 7 11 8 11 10 15 31 28 32 31 50 62 75 95 122 143 160 204 250 282 368 425 525 642 779 942 1088 1439 1621 1903 2268 2731 3053 3439 3955 4440 4805 5255 5520 5663 5729 5486 5136 4700 4161 3747 3103 2600 2120 1644 1309 1071 791 647 484 348 258 224 160 141 106 75 63 52 40 25 23 16 13 8 9 8 6 2 4 2 4 2 1 0 1 0 0 0 1 0 1 0 0 0 0 0 0 0 0 1 0 1 0 0 0 0 0 0 0 0 0 
1 0 0 0 0 4 0 2 3 1 1 1 3 3 4 5 5 7 10 12 12 13 28 29 29 29 52 63 82 111 88 114 169 214 225 277 321 435 536 638 752 963 1075 1344 1653 1891 2249 2501 3040 3401 3964 4279 4715 5081 5484 5607 5669 5424 5176 4827 4373 3720 3173 2670 2253 1781 1397 1033 819 660 539 390 321 255 167 139 103 76 52 44 36 34 25 22 10 13 11 4 3 4 3 3 3 1 2 1 1 0 1 0 0 0 0 0 0 0 0 0 
1 0 0 0 0 1 0 1 0 0 0 3 3 0 6 2 1 5 9 11 8 19 13 23 24 34 39 45 47 55 92 108 132 158 175 235 247 360 384 531 567 744 853 1093 1228 1457 1800 2143 2336 2944 3353 3846 4180 4601 5216 5253 5463 5729 5631 5271 4909 4481 3968 3367 2801 2236 1864 1537 1205 926 704 528 423 307 241 218 155 115 74 83 68 35 32 25 11 25 7 9 11 9 3 1 2 4 4 2 0 0 1 0 1 0 0 0 0 0 0 0 0 0 0 0 0 0 
1 0 0 0 2 1 1 0 0 0 3 3 2 2 5 7 6 4 13 14 7 11 13 18 31 38 34 50 70 65 92 100 139 179 213 269 273 364 481 556 673 816 999 1171 1446 1683 2006 2379 2706 3072 3750 4143 4599 4966 5425 5530 5534 5618 5441 5070 4566 4005 3584 2914 2441 1970 1501 1232 977 796 580 486 384 276 212 173 135 112 63 70 45 27 25 23 18 13 9 2 5 8 2 3 1 1 3 0 1 0 0 0 0 0 0 0 0 0 0 0 0 
1 0 0 0 2 1 0 0 0 1 0 2 2 2 3 3 2 7 6 3 8 5 12 12 10 17 21 31 34 46 55 57 94 87 102 132 191 221 242 319 390 444 641 708 797 1029 1214 1442 1776 2147 2360 2852 3178 3690 4203 4628 5007 5238 5612 5685 5589 5436 4945 4500 3914 3480 2942 2290 1975 1580 1221 960 711 618 442 341 250 221 155 115 87 74 53 38 36 25 17 13 10 10 12 2 4 0 1 0 0 0 1 1 0 0 0 0 0 0 0 
1 0 0 0 0 0 0 0 0 1 0 0 0 0 0 3 1 1 1 2 4 4 3 5 6 9 4 15 17 10 18 27 26 36 36 68 78 81 99 133 133 187 181 281 312 424 467 568 744 850 1015 1273 1529 1850 2101 2543 2825 3258 3782 4166 4715 5183 5290 5593 5734 5475 5330 4891 4502 3897 3342 2708 2242 1870 1501 1217 917 713 519 437 331 257 184 175 124 77 65 57 56 42 24 13 16 6 13 11 1 4 8 2 0 0 1 0 1 1 0 0 0 0 0 0 1 0 0 0 0 0 0 0 0 
1 0 0 0 0 2 1 0 0 3 0 1 2 5 4 2 4 2 3 4 6 14 8 18 18 19 29 29 46 46 53 62 68 94 111 149 179 248 258 338 376 485 606 743 851 1052 1221 1376 1832 2082 2401 2844 3239 3662 4160 4528 5076 5495 5417 5552 5561 5433 5017 4607 3945 3471 2911 2308 1902 1497 1147 986 769 559 421 333 249 165 158 123 85 81 49 45 31 19 20 12 21 14 6 5 7 0 3 2 0 1 3 1 3 0 0 0 0 0 0 0 0 0 1 0 0 0 0 0 0 0 0 0 0 0 
1 0 0 2 0 1 2 0 4 2 3 6 3 4 5 10 10 16 24 25 21 31 50 49 66 79 95 120 132 183 203 245 296 413 468 515 647 771 1034 1139 1434 1673 2090 2325 2764 3175 3693 4065 4675 4987 5248 5580 5718 5717 5501 5012 4624 3998 3554 2914 2423 1906 1597 1218 949 698 601 447 340 272 185 190 126 96 79 61 51 24 21 18 12 12 9 5 6 5 3 3 2 1 0 2 2 1 0 0 0 0 1 0 1 0 0 0 0 0 0 0 0 0 
1 0 0 0 0 1 2 0 1 2 3 1 2 6 4 8 5 7 7 10 11 16 23 27 33 25 39 53 59 83 115 112 149 188 223 242 324 377 512 586 715 847 1037 1242 1471 1662 2132 2498 2737 3237 3717 4318 4666 5090 5389 5544 5619 5545 5298 4944 4512 3932 3447 2879 2434 1958 1479 1220 925 683 585 436 325 264 199 178 120 90 81 54 39 26 25 21 22 15 8 9 4 5 2 3 5 2 1 0 2 0 0 0 0 0 0 0 1 0 0 0 0 0 0 0 0 
1 0 0 1 1 0 3 1 0 3 3 2 0 1 6 1 5 7 12 18 4 14 18 17 30 35 41 47 50 74 85 124 131 152 218 229 303 404 462 552 689 793 982 1157 1399 1667 2004 2390 2684 3147 3660 3930 4430 5012 5457 5578 5524 5688 5357 5162 4690 4138 3495 2988 2430 2048 1557 1259 1000 793 596 451 363 284 207 159 137 110 64 67 70 29 23 22 22 11 12 7 7 6 3 2 2 1 0 2 2 2 2 0 0 0 0 0 0 0 0 1 0 0 0 0 0 0 0 0 0 
1 0 0 0 0 3 1 2 3 0 3 0 1 4 8 3 8 9 14 16 24 23 31 51 38 46 64 72 102 122 147 194 186 306 365 385 475 586 728 846 1017 1276 1446 1841 2071 2404 2851 3357 3797 4296 4740 5140 5529 5514 5643 5530 5341 4900 4481 3848 3257 2877 2289 1830 1497 1169 871 725 561 463 293 253 194 160 117 110 80 44 34 34 20 25 17 10 10 6 2 4 4 4 1 0 0 0 0 0 0 0 0 0 0 0 0 0 
1 0 0 0 1 0 0 4 1 1 2 3 1 4 4 2 4 9 9 8 13 14 16 28 19 26 26 46 50 71 78 83 106 157 168 226 241 314 383 483 574 701 858 977 1227 1482 1759 2101 2420 2859 3302 3673 4231 4794 5071 5351 5567 5637 5625 5289 4924 4633 3939 3382 2811 2298 1908 1506 1192 927 698 561 442 378 237 233 168 110 93 93 43 39 21 23 18 14 8 6 6 5 1 2 2 1 1 0 2 2 1 0 0 0 0 0 0 0 0 0 0 0 0 0 0 
1 0 0 0 0 3 0 2 3 1 1 9 5 6 15 11 17 18 17 24 47 55 40 69 79 110 121 147 155 196 259 331 405 437 583 757 764 1010 1231 1488 1754 2068 2481 2966 3254 3742 4260 4626 4982 5277 5764 5775 5744 5204 4931 4672 4058 3384 2809 2312 1814 1526 1149 889 654 556 415 332 253 170 146 106 93 63 54 41 39 33 20 13 16 17 3 5 4 4 2 3 3 0 1 0 0 1 0 0 0 0 0 0 0 0 0 0 0 0 0 
1 0 0 2 0 0 1 1 1 1 4 1 0 3 5 5 5 12 9 11 11 22 25 27 30 51 58 61 67 90 112 148 184 223 256 292 348 435 537 728 869 1078 1184 1448 1677 2074 2493 2858 3355 3748 4157 4555 5055 5120 5587 5790 5645 5315 5012 4606 3992 3416 2944 2313 1914 1543 1214 945 766 530 448 322 220 208 151 120 100 68 57 45 29 25 15 17 15 7 7 3 5 2 3 4 0 0 1 1 2 1 2 1 2 1 0 1 2 0 0 0 0 0 0 0 0 0 
1 0 0 0 0 1 0 1 0 1 1 1 1 0 0 2 0 3 1 1 2 4 2 5 8 4 6 9 18 14 18 34 35 35 48 62 82 91 112 162 178 191 292 343 399 487 578 722 863 1006 1267 1465 1733 2061 2479 2905 3335 3833 4168 4733 5062 5378 5540 5653 5541 5322 4915 4483 3940 3378 2802 2364 1813 1563 1226 872 705 502 412 373 283 187 138 122 86 71 49 45 26 26 25 17 14 11 8 3 4 2 3 1 1 0 1 0 0 0 0 0 0 0 0 0 0 0 0 0 
1 0 0 0 0 0 0 0 0 2 0 3 0 3 1 1 2 4 8 4 11 13 9 4 17 25 21 21 27 46 55 63 89 92 107 112 170 203 246 311 408 486 545 695 800 987 1233 1419 1699 2159 2416 2765 3297 3654 4148 4575 4989 5483 5516 5734 5470 5359 4853 4558 4119 3520 2918 2279 1983 1554 1198 949 782 584 454 309 300 180 170 148 108 69 54 30 29 25 19 21 10 7 3 0 3 4 1 0 1 1 0 0 0 0 0 0 0 0 0 0 
1 1 0 2 0 1 0 5 1 0 2 3 0 2 4 3 3 7 5 10 13 9 16 16 21 21 39 39 59 62 79 81 127 145 175 186 266 285 364 467 604 690 788 958 1071 1458 1690 2024 2294 2747 3173 3789 4030 4592 4982 5350 5512 5641 5732 5584 4968 4607 4113 3508 2955 2479 2002 1572 1200 906 750 594 453 363 262 195 157 111 103 56 61 36 40 24 24 16 15 14 6 6 5 5 1 1 2 3 1 1 2 0 0 1 0 0 0 0 0 0 0 0 0 0 0 0 0 
1 0 0 0 0 0 0 0 0 3 0 1 0 2 1 3 3 2 2 2 5 8 14 10 16 16 25 27 25 44 35 51 74 93 100 124 150 161 241 293 357 391 470 599 758 853 1131 1321 1544 1780 2051 2459 2949 3223 3769 4273 4597 5213 5221 5590 5633 5543 5233 4920 4474 3957 3311 2797 2273 1912 1489 1186 921 703 572 442 334 238 183 146 123 95 72 46 40 32 23 16 9 10 7 15 9 5 3 3 0 2 0 0 0 0 0 0 0 0 0 0 0 0 0 0 1 0 0 0 0 0 0 0 
1 0 1 1 0 0 1 3 3 2 0 1 2 5 2 7 2 3 3 8 7 8 10 10 19 18 23 34 31 38 42 65 73 118 137 156 183 207 248 294 382 466 581 653 844 944 1225 1431 1608 1961 2327 2782 3222 3625 4012 4440 4914 5295 5576 5664 5522 5414 5026 4563 4174 3545 3105 2509 1961 1573 1219 993 755 614 464 386 287 220 164 131 110 75 57 55 36 27 11 14 15 6 9 3 3 3 3 4 1 0 1 0 1 1 0 1 0 0 1 0 1 0 0 0 0 0 0 0 0 0 0 0 
1 0 0 0 0 1 1 2 2 0 3 4 1 4 5 12 8 8 19 19 21 22 29 38 48 39 84 92 104 132 145 204 237 277 372 429 498 664 765 1007 1135 1365 1527 1828 2191 2798 3070 3522 4072 4401 4881 5342 5567 5705 5630 5356 5050 4723 4239 3564 3085 2536 2143 1729 1315 1086 817 621 499 395 309 233 181 109 104 85 61 40 39 21 22 24 16 10 5 7 2 9 2 3 0 1 1 0 0 0 0 0 1 0 0 0 0 0 0 0 0 
1 0 0 0 0 0 0 
1 0 0 0 0 0 0 0 2 0 0 0 0 1 1 0 0 2 3 2 10 6 7 5 11 11 15 18 23 34 29 43 45 68 60 88 94 113 163 194 229 263 346 395 506 652 760 888 1071 1218 1524 1877 2128 2536 2921 3414 3824 4281 4784 5034 5558 5540 5742 5678 5250 4803 4282 3734 3361 2797 2184 1774 1462 1134 894 676 538 428 292 208 193 138 110 92 68 55 32 31 21 18 10 14 10 5 7 3 3 3 1 0 1 0 0 0 0 0 0 0 0 0 0 0 0 0 
1 0 0 0 0 0 0 1 0 1 1 2 2 1 0 2 0 1 1 3 5 6 2 5 6 11 9 18 17 23 23 31 31 41 55 64 74 109 130 146 171 262 291 338 434 487 644 694 922 1068 1334 1612 1815 2126 2570 2884 3354 3831 4406 4652 5203 5342 5719 5715 5520 5284 4868 4361 3843 3247 2769 2268 1756 1404 1060 922 696 497 380 286 206 153 152 108 79 69 41 37 28 13 24 18 8 5 6 4 3 0 4 3 2 0 0 0 1 1 0 1 0 0 0 0 0 0 0 0 
1 1 0 2 1 1 4 0 2 0 6 6 5 5 6 10 14 20 26 24 26 36 39 62 63 101 99 118 141 180 231 301 367 418 491 586 699 885 1032 1307 1509 1842 2149 2507 2918 3467 3841 4284 4719 5100 5399 5624 5636 5548 5275 4837 4359 3907 3276 2708 2270 1802 1465 1125 888 650 570 393 358 250 180 165 122 96 66 59 51 27 28 22 20 13 7 7 11 1 6 3 2 3 1 0 3 0 0 2 0 0 1 0 0 0 0 0 0 0 0 0 0 1 0 0 0 0 0 0 0 0 0 0 
1 0 3 1 2 4 4 2 4 3 7 5 8 9 13 15 20 20 27 19 41 48 49 64 95 97 162 160 204 247 266 377 429 510 611 790 945 1058 1303 1581 1822 2207 2612 3032 3458 3860 4291 4920 5280 5496 5524 5596 5426 5278 4965 4186 3788 3088 2644 2156 1757 1337 1046 848 634 550 393 305 238 168 145 116 95 69 56 42 32 24 13 12 8 12 4 3 3 0 3 0 1 2 0 1 1 0 0 0 0 0 0 0 0 0 0 0 0 
1 0 1 0 1 0 0 0 0 3 0 0 3 1 1 0 1 8 2 2 4 7 11 16 14 20 20 24 31 47 47 49 66 92 107 119 150 200 240 282 350 416 512 621 766 932 1181 1356 1608 1941 2153 2704 3058 3551 4036 4503 4834 5041 5452 5684 5533 5492 5173 4815 4383 3654 3161 2540 2085 1669 1317 1078 817 658 491 356 284 256 165 133 113 58 49 46 36 32 12 12 17 10 13 6 4 2 3 0 3 0 0 1 2 0 0 0 0 0 0 0 0 0 1 0 0 0 0 0 0 0 0 0 0 0 0 0 
1 0 0 0 0 0 2 0 0 0 0 0 0 0 4 2 0 5 6 6 2 9 9 9 12 11 25 30 21 29 48 49 63 80 108 107 163 164 206 329 319 384 474 593 719 847 1019 1236 1495 1808 2122 2535 2923 3345 3852 4264 4770 5055 5458 5546 5615 5589 5383 4965 4434 3856 3287 2805 2307 1834 1429 1139 888 665 555 398 316 254 192 148 118 99 75 56 34 29 28 19 21 11 8 6 1 1 4 2 2 1 0 1 0 0 0 0 1 0 0 0 1 0 0 0 0 0 0 0 0 0 
1 0 0 0 0 0 0 0 2 1 1 6 0 1 3 3 7 7 9 11 11 19 22 14 30 36 45 51 62 78 71 117 112 147 206 210 247 358 411 492 604 768 896 1056 1219 1526 1892 2170 2567 2991 3411 3781 4227 4796 5000 5288 5474 5611 5659 5113 4988 4430 3904 3217 2711 2280 1813 1450 1185 913 686 559 427 326 253 198 155 114 82 73 62 40 35 18 21 14 12 8 8 1 2 2 2 3 2 1 0 2 0 0 3 1 0 1 0 0 0 0 0 0 0 0 0 0 
1 0 0 0 0 1 1 1 1 1 1 2 2 0 8 3 5 10 5 8 10 20 13 27 34 44 28 36 56 79 97 113 140 151 196 280 338 378 441 580 653 778 962 1164 1412 1567 1952 2406 2661 3059 3512 4091 4515 4804 5274 5533 5799 5604 5432 5162 4559 4186 3551 3120 2483 2062 1602 1284 1049 846 594 473 361 264 230 165 119 87 69 42 44 41 26 24 16 14 9 8 5 4 2 1 4 3 2 1 2 1 0 0 0 1 0 0 0 0 0 0 0 0 0 0 0 0 0 0 0 
1 0 0 0 0 1 0 0 0 1 2 3 0 1 2 3 5 5 12 4 14 12 22 26 26 33 23 46 60 61 93 93 115 152 181 202 264 343 390 439 558 724 840 1013 1210 1508 1749 2007 2476 2876 3206 3785 4261 4604 4995 5428 5676 5581 5607 5297 4995 4504 4013 3429 2834 2382 1860 1529 1155 887 718 574 435 352 258 201 164 110 86 76 60 46 20 25 24 25 11 6 1 5 1 4 1 3 0 0 0 0 0 0 0 0 0 0 0 0 0 0 
1 1 2 0 0 0 1 2 1 2 7 1 2 5 7 2 4 8 11 8 16 20 24 23 31 45 53 54 77 97 121 137 201 237 277 287 370 487 571 731 832 1010 1179 1507 1764 1993 2471 2812 3176 3681 4172 4589 5076 5233 5625 5730 5423 5320 4933 4568 4123 3468 2940 2433 1953 1512 1189 918 728 623 467 322 241 196 143 119 97 76 64 50 30 22 16 14 8 15 10 7 2 3 1 1 1 2 1 2 0 0 0 0 0 0 0 0 0 0 0 0 0 
1 0 0 0 0 0 0 0 0 0 
1 0 2 0 0 0 1 0 1 4 3 4 5 3 4 4 11 6 10 11 14 22 25 23 30 43 42 48 71 94 113 148 163 183 227 289 393 447 538 695 801 917 1084 1362 1621 1917 2264 2604 3127 3398 3972 4410 4786 5294 5571 5700 5605 5554 5118 4823 4126 3719 3132 2495 2099 1724 1349 999 802 602 478 366 270 254 181 122 114 92 62 45 44 29 24 9 15 13 10 9 3 3 3 2 2 2 0 0 2 0 1 0 0 1 0 1 0 0 0 0 0 0 0 0 0 0 0 
1 0 0 0 0 0 1 2 1 1 5 2 5 6 6 6 9 8 9 17 18 20 31 36 40 53 57 81 96 122 152 171 239 264 298 397 480 564 700 881 1012 1289 1468 1739 1971 2545 2897 3263 3668 4236 4553 4983 5514 5543 5654 5619 5323 4984 4562 3887 3425 2888 2330 1945 1458 1180 1007 697 564 406 335 271 214 152 120 79 55 52 40 33 26 18 20 8 9 7 2 2 1 7 3 1 0 0 2 0 0 0 0 0 1 0 0 0 0 0 0 0 0 0 0 0 0 
1 0 0 0 0 0 0 3 0 1 1 3 3 4 5 0 3 4 5 12 13 16 19 17 31 25 40 48 71 79 75 105 148 202 204 269 278 364 455 519 704 776 903 1206 1373 1611 1998 2353 2771 3147 3422 3921 4388 4860 5260 5527 5609 5759 5547 5201 4668 4199 3508 3020 2506 2091 1615 1305 1021 761 639 491 357 277 235 179 126 99 73 69 43 39 29 20 21 12 14 9 6 5 3 5 2 0 4 1 2 0 4 0 0 0 0 0 0 0 0 0 0 0 0 0 
1 0 0 0 0 0 2 1 1 2 3 1 1 5 2 5 8 8 15 11 13 23 23 36 37 48 57 76 89 115 133 174 188 249 259 363 445 543 625 733 871 1109 1315 1658 1985 2203 2683 3059 3553 3860 4362 4739 5132 5399 5602 5568 5431 5322 4859 4257 3791 3264 2617 2030 1758 1365 1072 825 665 493 410 318 233 164 119 112 105 62 55 40 30 20 18 17 15 6 5 3 7 3 2 1 0 1 0 1 0 0 0 0 0 0 0 0 0 0 0 0 0 0 
1 0 0 0 0 1 2 0 1 0 0 0 1 1 2 3 3 6 6 11 14 13 20 24 33 43 53 51 64 92 76 114 145 180 204 269 319 393 471 540 703 909 1047 1224 1493 1726 2108 2448 2960 3288 3689 4133 4694 4979 5362 5658 5582 5513 5378 5011 4479 3913 3402 2961 2280 1920 1481 1143 921 740 561 443 340 290 190 149 110 87 69 59 46 39 26 21 14 17 8 11 9 5 1 4 1 2 0 1 1 0 1 1 1 1 0 0 0 1 0 0 0 0 0 0 0 0 0 0 0 
1 0 0 0 0 0 0 0 2 0 1 0 2 0 2 3 3 1 4 1 2 5 6 10 7 13 20 17 19 33 24 34 47 55 76 77 112 145 159 174 240 300 303 422 520 604 803 905 1049 1319 1586 1864 2177 2531 2876 3346 3816 4267 4808 5110 5410 5405 5863 5499 5229 4949 4400 3872 3253 2679 2233 1823 1371 1068 818 711 532 404 324 266 196 169 114 88 70 56 37 38 22 10 9 11 8 7 2 1 1 0 2 2 0 1 0 0 0 0 0 0 0 0 0 0 0 0 0 
1 0 0 0 1 0 0 1 0 0 2 1 5 1 0 5 2 3 4 8 11 11 15 17 11 29 30 32 43 62 65 79 75 110 136 176 221 255 325 383 438 573 677 862 1017 1148 1449 1692 1938 2397 2735 3211 3678 4108 4490 5000 5199 5503 5566 5609 5305 5189 4611 4064 3444 2977 2484 1967 1601 1230 1026 776 619 463 366 271 219 165 117 86 75 56 49 40 25 19 24 12 7 7 7 4 3 0 6 0 0 1 0 1 0 0 0 1 0 0 0 0 0 0 0 0 
1 0 0 0 0 0 0 1 0 0 0 0 0 0 0 1 1 1 1 1 1 1 0 1 3 7 1 4 5 9 5 7 13 10 17 23 29 22 23 43 56 56 83 89 118 152 170 231 250 354 370 507 618 733 908 1082 1185 1516 1744 2160 2480 2945 3292 3821 4220 4583 5285 5477 5656 5600 5663 5259 4981 4360 3969 3205 2861 2275 1802 1490 1158 884 685 539 431 309 245 175 143 111 92 56 46 40 29 26 17 18 12 5 1 5 5 3 1 3 2 0 0 0 0 0 0 0 0 2 0 0 0 0 0 0 0 0 0 0 0 0 0 
1 0 0 0 0 2 0 0 0 1 1 2 4 0 2 1 8 3 8 5 9 10 16 21 20 22 30 33 42 56 70 87 111 140 162 198 245 263 359 463 513 624 803 974 1112 1387 1623 1879 2332 2719 3085 3567 4142 4473 4911 5369 5293 5709 5603 5575 5155 4810 4151 3635 3115 2538 2065 1597 1234 1034 732 643 446 347 289 197 166 138 91 80 52 34 39 28 25 9 11 18 6 5 3 5 2 1 0 1 0 1 1 0 0 0 0 0 0 0 0 0 0 0 
1 0 0 0 0 2 0 0 1 1 1 0 3 0 0 1 3 2 7 4 4 4 10 13 14 19 13 38 37 39 42 56 62 80 118 125 157 190 220 268 328 390 478 564 764 874 997 1239 1506 1786 2216 2435 2833 3335 3850 4189 4628 5000 5465 5639 5668 5481 5514 5020 4424 3959 3292 2783 2311 1834 1453 1163 933 690 519 403 322 254 183 147 124 90 72 52 40 20 22 17 17 8 9 2 1 0 4 5 1 1 0 1 0 1 0 0 0 0 0 0 0 0 0 
1 0 0 0 0 0 1 2 1 1 3 0 2 2 6 5 4 3 6 7 16 13 18 28 18 25 34 53 63 78 100 125 115 144 180 221 303 358 425 509 615 754 891 1111 1277 1575 1846 2179 2655 2896 3437 3867 4275 4781 4868 5497 5611 5682 5604 5122 4852 4315 3789 3345 2720 2210 1769 1477 1101 897 659 526 453 298 227 223 118 127 108 53 57 39 35 19 19 13 11 9 8 4 3 2 3 2 2 1 0 1 1 0 1 1 0 0 0 0 0 0 0 0 0 0 0 
1 0 0 0 0 3 0 2 2 1 3 0 3 5 2 4 12 9 6 18 14 22 20 31 54 56 50 79 80 124 140 172 205 261 309 358 432 584 695 806 1093 1207 1425 1726 2083 2528 2819 3216 3714 4238 4611 5074 5407 5519 5611 5555 5278 5083 4464 4055 3410 2940 2327 1917 1540 1218 957 753 579 449 338 271 210 142 122 92 73 55 33 28 29 26 17 13 13 7 9 6 4 3 2 1 0 1 1 0 0 0 1 0 0 0 0 0 0 
1 0 0 0 0 0 0 0 0 0 0 0 0 1 2 2 0 1 1 1 1 3 1 1 1 9 1 6 3 7 9 12 11 28 21 26 23 31 55 58 75 81 116 125 146 176 266 281 358 427 513 602 707 881 1123 1270 1599 1789 2226 2562 3041 3417 3878 4449 4853 5012 5471 5639 5631 5608 5164 4915 4296 3783 3167 2590 2217 1772 1402 1137 888 644 519 370 313 229 189 158 107 75 56 58 44 37 18 26 11 7 8 7 4 4 4 1 2 1 2 1 0 0 0 0 0 0 0 0 0 0 0 0 0 0 1 0 0 0 0 0 0 0 0 0 0 0 0 
1 0 0 0 0 0 1 1 0 1 0 0 3 1 2 3 1 3 3 3 3 2 4 7 10 15 16 28 35 25 30 39 58 82 84 104 123 141 199 267 287 354 388 475 597 763 954 1124 1312 1499 1828 2192 2491 3113 3391 3917 4270 4801 5282 5538 5627 5743 5561 5159 4732 4371 3761 3232 2722 2120 1783 1424 1026 834 645 531 421 275 256 176 156 86 90 70 50 42 36 20 20 16 12 10 6 7 3 1 0 1 1 0 3 1 0 1 0 0 0 0 0 0 0 0 
1 0 0 0 0 0 0 1 1 0 2 4 1 3 3 5 3 5 8 10 10 22 12 14 22 38 32 34 57 66 89 98 119 137 195 218 225 331 388 425 572 710 862 988 1236 1461 1726 1968 2424 2832 3191 3771 4232 4698 5096 5416 5470 5586 5495 5372 5040 4556 4034 3528 2866 2409 1890 1542 1184 924 735 526 452 342 299 196 158 144 96 73 49 40 28 16 28 13 6 6 3 7 3 2 3 0 0 2 2 0 2 0 0 0 0 0 0 0 0 0 0 0 0 0 
1 0 0 0 1 1 1 0 0 0 0 0 0 0 3 4 1 1 0 7 8 3 4 6 11 4 16 29 26 24 43 43 40 69 87 91 131 151 198 215 276 312 413 484 583 734 830 974 1195 1483 1684 2005 2545 2854 3312 3733 4155 4724 5124 5441 5595 5560 5557 5380 4939 4479 4066 3394 2869 2346 1949 1492 1125 908 707 579 402 321 243 198 131 109 99 75 64 42 44 25 15 15 12 14 6 7 6 3 3 1 4 1 0 2 0 0 1 0 0 0 0 0 0 
1 0 0 0 0 0 0 1 0 1 1 0 1 0 2 0 2 3 1 6 10 9 4 7 10 9 18 21 15 25 30 61 53 56 57 106 111 141 157 235 265 302 392 471 565 656 825 1005 1272 1473 1702 1944 2336 2837 3195 3615 4311 4640 4981 5363 5636 5761 5609 5346 5074 4604 3993 3513 2851 2357 1926 1547 1189 911 733 565 451 319 240 224 148 117 107 80 47 49 34 23 27 18 14 8 7 7 3 4 1 3 0 3 0 1 0 0 0 0 0 0 0 0 0 
1 0 0 0 0 0 0 0 
1 0 0 0 0 0 0 0 3 0 1 0 0 1 2 2 1 4 6 3 6 7 3 7 15 18 21 30 22 31 54 74 57 75 104 139 183 193 229 283 346 431 501 581 786 879 1089 1274 1495 1782 2144 2494 2911 3453 3838 4282 4643 5065 5424 5663 5653 5454 5305 4835 4348 3865 3367 2826 2264 1847 1416 1099 890 700 519 449 307 224 205 162 126 88 68 42 43 32 20 17 18 18 11 5 6 5 1 1 1 5 0 2 0 1 0 1 0 0 0 0 0 0 0 0 0 0 
1 0 0 0 0 1 0 3 2 0 0 1 4 0 3 1 2 10 3 6 10 8 11 8 15 20 26 32 36 42 59 64 94 94 126 148 187 225 296 319 415 489 618 696 862 1071 1247 1457 1816 2194 2529 2841 3306 3794 4302 4581 5149 5477 5541 5696 5553 5391 4909 4454 3864 3315 2769 2228 1867 1463 1138 888 655 593 420 317 258 170 141 126 91 71 63 51 29 16 22 12 14 11 10 10 3 1 1 0 0 2 1 0 1 1 0 1 0 0 0 0 0 0 0 
1 0 1 2 1 2 3 2 5 3 4 5 3 2 14 13 10 15 19 29 28 30 40 52 78 80 86 116 155 182 217 234 293 401 464 521 653 791 1044 1177 1446 1734 2019 2395 2881 3183 3572 4195 4509 5047 5422 5458 5726 5560 5306 5056 4523 3988 3481 2952 2393 2001 1544 1268 960 784 567 450 366 281 215 157 136 77 67 68 41 30 32 35 20 14 8 3 3 3 5 3 2 1 1 0 0 0 0 0 0 0 0 0 0 0 0 0 
1 0 0 0 0 0 1 2 1 2 0 1 3 3 5 7 6 2 4 4 13 13 13 22 20 20 26 34 41 74 71 94 111 137 146 181 243 292 358 416 464 660 733 938 1046 1377 1651 1799 2261 2602 2905 3562 3905 4397 4863 5215 5565 5622 5693 5413 5221 4825 4176 3661 3162 2675 2145 1753 1315 1067 835 643 502 389 318 244 189 150 132 87 61 35 46 28 28 21 13 14 8 7 5 5 4 1 4 0 0 1 0 0 0 0 1 1 0 0 0 0 0 0 0 0 0 0 0 0 0 0 0 0 0 
1 0 0 0 0 1 1 1 0 1 1 2 2 3 6 1 2 5 9 19 17 11 17 24 21 32 40 44 68 80 85 134 122 209 222 241 317 381 470 553 654 839 974 1249 1469 1773 2042 2453 2766 3279 3745 4132 4606 4994 5442 5624 5540 5461 5464 5066 4663 3985 3423 2887 2417 1857 1519 1178 952 708 606 449 344 247 185 165 111 94 84 65 46 28 25 16 9 9 12 4 6 6 3 3 2 2 1 0 1 0 0 0 0 0 0 0 0 0 0 
1 0 0 0 0 0 0 1 1 1 0 1 4 3 2 1 1 6 7 6 8 13 10 20 15 20 27 40 52 48 65 71 85 123 133 178 210 234 321 365 470 588 675 851 977 1222 1424 1671 2063 2523 2796 3193 3772 4197 4679 5052 5397 5529 5611 5581 5315 5083 4620 3916 3440 2867 2456 1973 1462 1214 895 775 572 445 327 245 198 151 120 111 73 52 40 38 29 22 19 9 5 8 7 3 5 7 2 0 0 1 3 2 0 1 1 0 0 0 0 0 0 0 0 1 0 0 0 0 0 0 0 0 
1 0 0 0 0 0 1 1 1 2 0 2 3 7 5 4 7 7 6 9 14 25 18 21 26 46 48 56 47 69 91 138 157 149 178 229 341 376 396 567 666 819 990 1189 1438 1650 2011 2247 2714 3163 3598 4140 4614 5068 5235 5390 5702 5632 5512 5031 4666 4170 3622 3041 2464 1855 1531 1259 999 775 574 493 365 280 206 156 128 89 67 59 55 30 21 25 17 14 8 3 3 5 1 2 1 4 0 0 0 0 0 0 0 0 1 0 0 0 0 0 0 0 0 0 
1 0 0 0 0 0 0 0 0 0 0 2 0 0 0 1 1 0 2 1 5 3 0 1 4 9 8 7 11 7 17 23 30 29 27 30 55 59 76 86 98 132 155 210 265 315 370 436 562 631 828 1017 1144 1416 1708 2120 2310 2808 3232 3767 4111 4619 4901 5343 5479 5752 5621 5383 5077 4701 4020 3482 2902 2369 1983 1555 1266 965 753 575 448 328 295 213 174 113 80 80 70 46 42 14 20 9 12 15 8 3 5 3 5 2 1 1 1 1 0 0 1 1 0 1 0 0 0 0 0 0 0 0 0 0 0 0 0 
1 0 0 0 1 0 1 1 1 0 0 0 2 0 0 0 2 3 4 1 4 5 5 6 8 8 19 16 15 20 25 35 51 52 65 82 100 118 141 165 218 290 355 400 476 566 710 832 1058 1204 1446 1753 2069 2412 2759 3225 3663 4135 4635 4998 5317 5571 5534 5458 5238 5082 4628 4055 3504 2914 2409 1965 1527 1230 976 728 577 429 347 243 210 154 124 92 66 58 42 30 27 26 18 12 9 8 7 8 1 3 1 3 0 1 0 1 1 0 0 0 0 0 0 0 0 
1 0 0 0 1 1 0 0 1 0 1 4 2 2 3 5 3 3 15 4 8 10 9 10 19 23 23 30 35 66 61 78 90 126 141 173 209 261 311 336 438 521 632 803 989 1201 1374 1604 2034 2293 2713 3142 3760 4111 4440 4884 5338 5674 5668 5502 5397 5110 4587 4186 3570 3049 2476 1981 1633 1291 973 779 579 481 396 255 222 162 115 110 82 58 45 34 25 22 16 19 6 9 8 4 3 2 2 3 1 3 2 0 0 0 1 1 0 1 0 0 0 0 0 0 0 
1 0 0 0 0 0 0 1 2 0 0 0 0 0 2 1 1 1 2 1 2 3 3 3 7 7 7 14 9 12 21 12 29 26 33 43 57 69 73 87 123 133 194 222 267 298 409 493 568 706 824 985 1163 1458 1713 2076 2345 2759 3220 3566 4109 4565 5073 5391 5475 5645 5537 5361 5071 4590 3996 3434 2949 2424 1993 1524 1249 959 754 620 445 349 253 215 187 130 114 64 67 41 29 22 21 18 9 7 5 7 4 1 2 1 3 0 0 2 0 0 0 0 0 0 0 0 0 0 0 0 0 
1 0 0 0 0 1 0 0 0 0 1 0 0 0 0 0 0 0 1 1 1 1 0 1 1 1 3 2 5 7 8 12 6 12 11 13 24 29 24 47 56 63 77 97 123 130 191 178 253 331 386 422 555 723 857 1002 1147 1436 1755 1978 2345 2780 3110 3731 4040 4407 4907 5330 5547 5738 5471 5322 5164 4580 4182 3458 3020 2505 1991 1499 1221 964 763 643 464 381 247 230 161 129 93 80 52 35 35 23 24 13 13 10 10 4 9 1 4 2 2 0 0 1 1 0 0 0 0 0 0 0 1 0 0 0 0 0 0 0 0 0 
