1 1 1 1 1 0 
1 1 1 1 1 1 2 2 3 2 2 2 5 5 5 5 7 9 12 15 20 25 34 39 46 55 73 94 125 157 198 254 310 378 474 568 688 813 992 1192 1458 1789 2151 2584 3155 3781 4640 5610 6762 8067 9679 11610 13789 16330 18991 21909 25022 28225 31763 35149 38255 41030 43150 44343 44806 44496 43307 41209 38607 35425 32002 28316 24637 21160 17905 14916 12308 9886 7909 6275 4980 3944 3079 2364 1829 1425 1098 841 643 486 373 303 233 183 140 112 89 73 54 41 31 28 19 16 7 3 2 2 2 1 1 1 1 1 0 
1 1 1 1 1 2 3 3 3 5 7 10 10 14 14 19 22 27 31 36 48 58 68 79 98 121 151 176 205 253 297 369 424 515 605 743 924 1125 1372 1706 2081 2494 3056 3769 4576 5518 6685 8070 9672 11534 13632 16093 18854 21871 25176 28540 31938 35233 38370 41048 42961 44358 44763 44374 43044 41076 38363 35155 31771 28190 24522 21058 17798 14845 12228 9962 7994 6455 5111 4004 3113 2437 1893 1503 1162 910 711 541 417 335 265 205 163 123 92 70 55 47 32 26 20 18 17 12 10 9 8 5 3 3 4 4 4 4 3 3 2 2 2 1 1 0 
1 1 1 1 1 1 1 1 1 1 1 1 1 3 5 5 5 6 6 9 11 13 17 27 28 34 45 49 63 78 102 130 157 191 221 277 339 412 511 596 709 873 1070 1329 1601 1980 2383 2931 3591 4364 5285 6336 7624 9261 11030 13025 15375 18202 21238 24458 27784 31256 34696 37885 40769 42960 44468 44890 44765 43684 41537 39021 35854 32392 28836 25289 21757 18385 15501 12813 10377 8341 6682 5299 4203 3249 2559 2008 1580 1185 902 691 528 407 330 259 194 153 121 88 70 52 33 24 18 12 10 7 5 4 2 2 1 1 0 
1 1 2 3 4 4 5 7 8 9 14 20 24 28 41 51 59 66 77 97 114 150 181 217 272 362 476 580 687 836 1001 1219 1464 1792 2147 2660 3260 3972 4736 5781 6981 8386 10038 12025 14296 16794 19626 22533 25838 29275 32602 35776 38797 41423 43351 44607 44832 44228 42763 40659 37881 34638 31049 27399 23848 20381 17125 14285 11755 9633 7813 6231 4858 3797 2956 2313 1778 1391 1075 831 676 509 385 301 227 170 120 95 70 58 46 29 21 16 10 8 5 5 2 0 
1 1 2 3 6 6 7 7 7 8 10 10 12 17 21 24 24 28 36 41 57 64 73 88 111 139 163 213 256 311 384 482 583 718 872 1047 1276 1559 1910 2364 2898 3539 4243 5150 6204 7413 8888 10607 12583 14894 17567 20432 23586 26913 30147 33518 36893 39616 42071 43589 44407 44576 43778 42167 39895 37098 33682 30002 26303 22726 19406 16422 13629 11219 9121 7278 5782 4551 3599 2809 2194 1746 1338 989 749 582 453 356 277 215 170 134 111 90 74 58 45 34 22 18 15 13 10 10 9 7 5 4 4 2 1 1 1 0 
1 1 1 1 1 3 4 4 6 7 9 10 15 17 18 22 37 45 55 70 82 96 130 159 193 238 295 359 441 540 685 830 1024 1277 1561 1889 2332 2917 3518 4194 5088 6158 7428 8912 10607 12510 14853 17368 20350 23512 26858 30299 33706 36923 39724 42084 43703 44480 44686 44005 42353 39989 37085 33772 30083 26459 22775 19460 16381 13610 11095 8974 7183 5726 4564 3558 2779 2182 1726 1342 1049 810 610 461 360 273 218 167 132 104 77 59 42 32 26 23 17 14 9 8 7 7 4 3 1 0 
1 1 1 1 2 3 3 2 3 4 8 9 11 10 11 14 15 19 20 23 28 31 38 48 58 73 90 115 134 157 195 233 300 377 457 545 668 803 993 1246 1537 1887 2282 2786 3417 4190 5098 6193 7479 8964 10792 12786 15046 17699 20635 23753 27200 30739 34174 37358 40177 42671 44160 45006 44924 43877 42049 39621 36581 33155 29533 25967 22350 19012 15985 13301 10931 8807 7048 5557 4392 3445 2701 2135 1649 1269 997 730 569 453 347 263 198 151 116 94 73 60 47 44 30 26 14 12 9 7 6 3 3 1 1 1 1 0 
1 1 1 3 4 4 5 4 6 9 10 12 15 21 30 32 40 49 57 62 75 104 131 179 207 259 320 413 481 581 721 878 1091 1342 1657 2007 2438 2936 3583 4362 5277 6313 7589 9130 10878 12921 15253 17871 20833 24097 27461 31032 34416 37673 40482 42682 44090 44764 44731 43785 41998 39425 36518 32968 29367 25563 22061 18695 15572 12970 10559 8466 6720 5337 4194 3299 2573 1973 1528 1181 934 732 564 426 328 252 199 144 116 87 69 49 34 25 20 17 12 9 6 5 3 3 2 1 1 1 1 1 0 
1 1 1 1 2 8 9 11 17 21 29 35 44 60 81 102 120 149 187 215 260 303 383 462 561 680 802 965 1180 1427 1758 2181 2637 3196 3847 4684 5710 6930 8335 9999 11856 14039 16544 19329 22392 25691 29211 32819 36347 39400 41949 43887 44885 45251 44521 42972 40747 37917 34545 30911 27219 23607 20226 17011 14164 11634 9402 7612 6141 4838 3829 3011 2355 1822 1395 1081 813 634 477 367 279 219 163 118 91 65 53 37 29 23 20 12 8 7 5 4 2 2 2 1 1 1 0 
1 1 1 1 1 1 1 1 3 4 4 4 6 6 8 9 10 14 16 20 24 26 31 36 48 61 72 86 102 130 152 193 222 267 336 415 502 602 737 900 1121 1340 1612 2009 2413 2884 3496 4247 5237 6300 7680 9275 11072 13037 15399 18044 21048 24287 27601 31109 34504 37685 40343 42706 44170 44762 44802 43629 41746 39244 36112 32834 29162 25615 22050 18662 15541 12865 10536 8496 6775 5378 4234 3333 2609 2015 1580 1234 960 746 571 455 359 267 200 164 123 96 76 57 49 35 23 17 13 10 6 5 3 1 0 
1 1 1 1 2 2 2 2 3 2 2 2 2 2 2 3 4 4 4 4 4 5 8 14 17 18 27 33 39 53 71 86 103 125 152 187 230 282 340 421 502 615 775 975 1185 1473 1753 2146 2623 3185 3889 4670 5614 6806 8176 9827 11650 13825 16312 19004 22084 25430 28971 32534 35854 38848 41433 43415 44604 44789 44248 42977 40913 38270 34991 31450 27733 24159 20656 17515 14544 11962 9758 7843 6225 4943 3867 3065 2358 1830 1418 1079 822 628 487 383 302 230 168 124 87 61 45 34 25 15 9 6 5 2 2 2 0 
1 1 1 1 1 1 1 3 3 5 5 5 5 6 8 11 12 14 12 15 22 25 34 44 51 69 82 98 123 154 196 239 294 358 417 522 632 770 951 1154 1402 1712 2106 2617 3179 3860 4686 5609 6718 8028 9608 11480 13582 16033 18753 21748 25066 28576 32045 35292 38425 41016 43111 44456 44972 44567 43167 41220 38573 35203 31659 28034 24335 20846 17543 14664 12188 9952 8029 6428 5107 4058 3204 2520 1960 1514 1171 916 719 557 437 341 267 209 153 125 95 73 56 40 30 22 14 10 10 8 6 5 6 4 2 2 2 2 1 0 
1 1 1 1 1 1 2 2 3 3 3 3 3 3 2 3 4 2 4 4 3 4 4 4 5 4 7 11 10 13 13 11 16 20 25 32 34 44 56 67 83 115 145 179 204 260 309 373 455 563 681 865 1031 1245 1501 1859 2303 2775 3359 4037 4865 5827 6952 8411 10006 11936 14141 16635 19413 22524 25881 29299 32676 36015 39009 41540 43383 44501 44885 44231 42865 40818 37900 34641 31074 27300 23628 20172 17031 14158 11597 9343 7483 5932 4727 3734 2912 2233 1746 1347 1042 800 599 464 381 294 226 183 142 112 82 67 54 36 27 18 15 14 11 6 5 5 4 1 0 
1 1 1 1 1 1 2 2 2 5 8 8 8 9 13 20 26 41 46 51 67 77 98 123 148 190 238 300 356 437 545 636 793 965 1208 1502 1790 2227 2728 3332 4019 4827 5870 6984 8403 10035 11948 14171 16684 19538 22709 26073 29327 32885 36145 39110 41669 43566 44659 44884 44219 42683 40544 37695 34612 31077 27405 23809 20392 17194 14218 11555 9374 7566 6030 4786 3724 2900 2261 1775 1409 1101 845 662 488 373 275 208 175 139 98 82 63 50 38 33 30 24 21 16 12 11 9 6 4 2 2 1 0 
1 1 1 1 2 2 3 3 2 2 2 3 2 3 4 3 3 4 5 6 10 12 15 19 26 26 30 37 48 62 73 78 93 108 127 153 190 252 295 360 465 542 666 800 954 1166 1444 1763 2156 2675 3172 3841 4663 5641 6731 8066 9728 11688 13951 16324 18994 21992 25231 28689 32137 35463 38491 41132 43157 44336 44622 44287 43074 40915 38313 35070 31643 28047 24394 20946 17628 14722 12119 9823 7930 6287 4985 3911 3061 2375 1841 1447 1119 872 668 514 390 294 232 188 134 104 77 65 45 36 27 16 12 8 7 3 2 2 2 1 0 
1 1 1 2 2 2 1 1 1 1 4 5 6 6 6 7 10 13 19 23 29 37 47 64 74 106 121 159 199 230 280 343 431 522 619 767 959 1170 1392 1693 2065 2490 3000 3566 4308 5293 6345 7568 9036 10837 12898 15136 17678 20651 23859 27132 30580 33952 37083 39791 42054 43672 44388 44418 43585 41964 39496 36547 33212 29710 26052 22494 19114 16071 13128 10860 8863 7061 5596 4442 3429 2670 2091 1630 1259 971 755 590 467 369 298 229 170 129 92 74 57 37 26 16 11 9 5 3 2 1 1 1 1 1 1 1 0 
1 1 1 1 1 1 1 3 3 3 6 8 8 7 9 10 12 14 16 23 30 33 38 45 57 73 89 105 122 157 185 244 297 358 450 534 651 776 969 1179 1423 1760 2118 2569 3103 3784 4547 5553 6719 8077 9719 11530 13716 16162 18863 21857 25247 28566 32054 35440 38584 41326 43367 44737 45297 44797 43458 41182 38479 35324 31776 27973 24308 20788 17549 14568 12046 9757 7804 6269 4958 3880 3043 2382 1851 1421 1106 836 640 498 380 289 221 176 128 104 83 68 46 33 25 15 10 9 6 5 3 3 0 
1 1 1 1 1 3 5 5 6 9 12 20 23 32 40 50 54 66 78 100 129 169 207 241 280 342 425 510 624 756 929 1145 1391 1665 2053 2568 3084 3768 4553 5424 6567 7846 9364 11236 13459 15874 18640 21639 24725 28050 31525 34838 38000 40852 43072 44376 44966 44727 43575 41638 38859 35762 32324 28654 24973 21438 18151 15099 12423 10114 8105 6422 5059 3965 3151 2441 1896 1473 1141 898 689 498 369 286 220 179 134 106 85 67 59 44 36 32 29 22 20 13 10 7 6 4 5 3 3 1 1 1 1 1 1 1 0 
1 1 1 1 1 2 2 4 4 4 6 7 11 12 18 25 28 31 42 50 60 71 87 101 126 157 197 254 301 361 441 522 627 762 931 1145 1380 1685 2052 2530 3104 3738 4554 5450 6525 7931 9495 11315 13360 15808 18546 21460 24635 28031 31340 34759 37918 40732 42827 44161 44716 44590 43407 41416 38665 35593 32152 28710 25069 21568 18364 15337 12589 10269 8295 6653 5292 4212 3275 2535 1986 1538 1175 912 733 578 448 340 252 189 155 110 79 62 53 41 33 29 17 11 5 4 4 1 1 1 1 1 1 0 
1 1 1 1 1 1 1 2 2 1 1 3 3 3 3 3 3 4 4 5 4 6 5 6 7 7 9 12 15 18 21 29 38 51 65 82 92 115 133 163 197 244 297 363 455 553 658 814 995 1233 1482 1789 2156 2660 3220 3918 4750 5778 6896 8230 9920 11928 14116 16644 19365 22468 25776 29183 32675 36035 39046 41503 43394 44460 44700 44146 42646 40594 37855 34565 31035 27417 23744 20321 17155 14336 11786 9599 7715 6169 4908 3864 3000 2371 1877 1460 1104 856 651 515 401 309 239 177 141 116 94 75 59 50 39 25 19 12 9 8 6 4 3 2 1 0 
1 1 1 1 1 1 1 1 1 2 3 3 2 2 2 2 3 3 3 2 2 2 2 5 6 7 13 15 21 20 24 35 43 59 75 94 111 130 166 205 265 341 407 499 605 723 905 1128 1371 1695 2108 2533 3084 3661 4424 5363 6506 7786 9343 11214 13305 15761 18539 21610 24925 28236 31612 35025 38147 40814 42979 44472 45105 44556 43264 41314 38761 35691 32396 28752 25151 21633 18222 15191 12542 10180 8232 6548 5192 4054 3231 2532 1972 1547 1192 909 694 537 404 297 227 188 147 115 87 68 58 43 37 23 18 16 13 11 8 5 4 3 1 1 1 0 
1 1 1 1 1 1 1 1 3 3 3 3 3 3 5 7 9 9 9 10 12 13 17 26 33 36 42 51 62 80 92 117 160 193 239 293 353 436 516 616 769 926 1127 1387 1670 2054 2477 3038 3657 4483 5465 6645 8081 9663 11547 13598 15973 18706 21893 25101 28612 32182 35487 38608 41256 43168 44392 44846 44489 43150 41146 38497 35339 31847 28200 24487 21088 17918 15034 12372 10085 8159 6482 5189 4091 3225 2519 1970 1510 1133 884 695 526 400 311 231 174 138 110 81 64 54 40 30 14 12 8 6 6 4 3 1 1 1 1 0 
1 1 1 1 1 1 2 3 3 3 3 2 2 3 6 8 9 10 12 16 17 22 27 29 38 48 61 73 90 119 141 171 211 257 308 392 505 612 733 909 1105 1349 1651 1996 2456 3010 3700 4478 5417 6560 7894 9508 11371 13510 15880 18480 21546 24890 28267 31633 34955 38139 40871 42935 44283 44831 44545 43335 41310 38702 35601 32255 28552 24863 21460 18081 15139 12553 10256 8329 6656 5323 4266 3313 2578 2014 1567 1223 941 708 542 431 342 254 192 146 110 93 76 61 46 38 29 26 17 13 11 7 5 5 4 3 0 
1 1 1 1 2 2 3 3 3 3 3 5 7 7 9 9 11 14 19 28 36 40 50 54 60 70 93 118 143 175 215 251 293 371 466 562 688 840 1028 1272 1568 1924 2349 2911 3551 4348 5209 6301 7549 9142 10983 12972 15298 17922 20848 24045 27265 30838 34081 37181 40086 42464 44112 44955 44760 43814 42064 39631 36784 33292 29582 25839 22314 18890 15719 12982 10601 8555 6860 5457 4326 3439 2683 2111 1589 1235 960 751 604 463 349 258 199 157 118 86 69 54 48 35 29 21 20 13 14 12 8 6 6 5 5 4 3 3 2 1 1 1 1 1 1 1 1 1 0 
1 1 1 2 2 3 4 4 5 4 4 6 7 8 8 7 9 15 21 27 26 31 39 45 51 61 84 92 120 161 215 254 303 356 429 513 649 806 1012 1218 1504 1858 2314 2792 3422 4122 4957 5985 7252 8784 10534 12523 14848 17287 20288 23387 26600 29983 33396 36705 39659 42160 43905 44727 44785 43990 42285 39924 37092 33666 30076 26536 22871 19542 16381 13691 11314 9187 7338 5825 4679 3644 2825 2206 1740 1334 1043 804 623 467 356 259 199 155 122 91 70 59 50 37 29 27 27 19 15 13 13 10 8 8 7 7 4 3 2 2 1 0 
1 1 1 1 1 1 1 1 2 2 2 3 5 7 8 10 15 18 20 25 25 27 33 47 60 74 90 108 130 158 186 238 307 343 445 560 651 807 984 1202 1539 1849 2254 2680 3232 3969 4878 5895 7092 8462 10176 12138 14448 16973 19752 22839 26172 29634 33054 36407 39397 42118 43777 44839 45148 44519 42993 40569 37758 34296 30755 27007 23352 19789 16623 13788 11224 9192 7385 5855 4695 3682 2893 2239 1766 1352 1052 830 652 499 375 295 221 167 132 97 71 51 39 29 25 23 18 9 7 7 6 5 2 1 1 0 
1 1 1 1 1 1 1 3 5 4 4 4 5 8 11 12 13 13 16 20 21 26 36 39 51 59 66 79 96 109 134 156 178 216 248 318 404 520 614 735 864 1064 1281 1506 1819 2238 2734 3315 4016 4868 5903 7167 8571 10292 12224 14373 16973 19684 22855 26046 29471 32820 36229 39155 41669 43713 44765 44855 44234 42653 40422 37561 34343 30602 26997 23438 20017 16850 13963 11483 9365 7549 5986 4737 3708 2883 2274 1752 1389 1058 811 635 494 371 282 217 174 130 105 86 69 49 33 28 22 15 11 6 4 4 1 1 1 2 2 1 1 0 
1 1 1 1 1 1 1 1 1 1 1 1 1 1 1 1 5 6 7 10 14 15 17 18 20 25 28 33 41 52 60 75 96 125 156 186 216 270 318 397 488 585 727 874 1054 1297 1578 1892 2315 2796 3422 4223 5107 6121 7383 8851 10690 12696 15017 17615 20568 23650 27104 30552 33928 37253 39963 42326 43857 44580 44544 43849 42190 39665 36844 33620 29870 26186 22429 19167 16027 13294 10831 8752 7048 5591 4351 3437 2715 2114 1677 1326 1013 797 599 473 373 289 225 175 134 109 87 71 54 41 32 23 17 13 10 7 3 3 2 2 2 1 1 1 1 1 1 0 
1 1 1 1 1 2 2 2 3 5 5 4 5 6 8 15 18 21 20 29 35 41 50 62 71 83 98 127 166 204 239 273 336 410 500 597 721 850 1053 1297 1588 1923 2350 2876 3500 4222 5074 6217 7568 9104 10866 12940 15145 17833 20765 23911 27202 30629 34091 37398 40225 42456 43983 44654 44603 43672 41895 39443 36412 32938 29446 25771 22421 19004 16008 13274 10842 8754 7043 5544 4412 3514 2795 2206 1679 1306 1024 784 605 470 387 294 226 172 129 100 72 57 45 33 21 17 13 9 6 4 3 3 3 3 3 1 1 1 1 1 1 0 
1 1 1 1 1 1 1 1 1 2 4 4 5 4 4 6 6 8 11 11 13 14 17 25 30 35 41 47 59 74 95 117 147 183 223 274 343 428 525 653 794 991 1195 1476 1782 2132 2576 3119 3853 4705 5687 6917 8298 9901 11738 13873 16340 19077 22026 25340 28742 32094 35569 38669 41397 43398 44718 45184 44738 43446 41199 38395 35094 31414 27697 24155 20675 17431 14551 11924 9707 7776 6194 4897 3798 2990 2346 1821 1424 1117 877 680 509 381 285 225 165 132 102 82 64 50 41 35 25 22 17 16 10 8 5 5 4 3 2 2 1 1 0 
1 1 1 1 1 2 3 4 5 4 4 4 10 14 14 19 27 33 35 43 46 61 73 86 99 124 147 181 217 275 344 426 524 608 773 939 1137 1367 1694 2043 2514 3051 3752 4580 5549 6674 8073 9621 11507 13591 15985 18702 21852 25088 28585 31970 35492 38506 41076 43053 44407 44835 44475 43147 41277 38676 35399 31924 28249 24631 21035 17918 14941 12268 9950 8006 6434 5147 4078 3218 2527 1984 1531 1197 907 672 502 371 281 213 167 126 97 72 55 38 33 31 23 17 15 11 8 3 2 1 1 0 
1 1 1 1 2 3 3 3 3 5 10 15 14 18 21 22 27 37 46 58 70 85 100 124 157 196 224 276 331 402 497 627 768 921 1129 1360 1693 2109 2586 3143 3790 4672 5635 6831 8152 9672 11558 13742 16205 18954 22046 25330 28546 31995 35380 38595 41256 43345 44626 44984 44448 43145 41015 38341 35205 31605 27924 24327 20890 17729 14822 12213 9961 8057 6450 5137 4016 3144 2459 1919 1489 1153 882 660 501 374 275 207 158 118 88 73 55 41 31 25 16 17 13 10 9 8 7 5 4 3 3 1 1 1 1 0 
1 1 1 1 2 2 1 1 1 1 1 1 1 1 1 1 1 1 2 1 1 1 2 4 4 6 8 11 14 17 17 24 30 31 35 43 48 63 76 95 117 145 181 212 265 325 398 477 597 724 862 1018 1219 1520 1885 2304 2807 3460 4200 5069 6090 7463 8970 10652 12782 15045 17778 20592 23741 27016 30494 33869 37169 40146 42354 44086 44877 44834 43839 42131 39643 36675 33286 29775 26234 22565 19166 16096 13257 10761 8691 6960 5557 4459 3511 2758 2157 1675 1326 1042 840 628 481 366 278 215 163 123 93 71 57 44 36 25 14 11 7 5 4 1 1 1 1 0 
1 1 0 
1 1 1 1 1 1 1 3 3 2 2 2 4 5 5 6 6 6 6 10 13 19 22 24 29 32 41 46 59 69 79 97 113 139 166 204 245 308 382 451 527 658 794 964 1167 1403 1696 2056 2482 3041 3711 4545 5538 6668 7942 9433 11307 13486 15832 18389 21361 24659 28008 31274 34584 37767 40512 42584 44009 44691 44440 43291 41439 38814 35828 32362 28758 25169 21663 18371 15328 12576 10338 8280 6606 5282 4177 3285 2559 2007 1509 1148 889 693 526 415 314 233 174 128 108 84 66 51 42 33 20 18 15 14 12 8 4 3 2 2 2 0 
1 1 1 1 2 3 5 6 6 8 10 13 17 20 24 31 39 50 59 76 97 113 127 154 194 260 314 390 464 544 667 818 977 1181 1448 1753 2132 2614 3209 3931 4700 5718 6906 8277 9953 11847 14118 16691 19404 22339 25735 29077 32401 35670 38804 41417 43303 44641 45188 44572 43214 41054 38107 34756 31239 27581 24062 20513 17203 14245 11640 9467 7644 6083 4845 3862 2964 2291 1787 1412 1111 880 672 511 390 303 223 174 128 94 80 60 47 32 18 12 11 9 6 5 4 2 1 1 0 
1 1 1 1 1 1 1 1 1 3 4 4 6 6 8 8 12 16 19 21 26 30 32 42 59 66 89 114 133 158 201 237 298 371 455 550 651 817 1027 1248 1525 1894 2293 2768 3423 4165 4946 5895 7103 8487 10194 12192 14438 16943 19674 22810 26161 29763 33284 36438 39423 41833 43800 44747 44787 44072 42446 40004 37195 33998 30317 26827 23267 19825 16593 13878 11382 9289 7434 5981 4705 3724 2894 2211 1697 1332 1065 820 634 497 380 309 239 184 148 117 93 75 59 44 38 30 21 14 11 9 8 5 2 1 0 
1 1 1 1 1 4 5 5 4 4 5 6 6 7 10 11 13 15 18 22 27 37 50 57 68 82 104 139 177 225 287 345 418 495 591 707 888 1096 1364 1632 1934 2355 2840 3441 4184 5019 6058 7231 8713 10471 12483 14761 17340 20150 23181 26566 29967 33441 36609 39413 41863 43528 44425 44599 43907 42326 40153 37210 33823 30228 26622 23055 19668 16386 13605 11201 9006 7175 5731 4554 3550 2767 2154 1671 1327 1027 795 620 458 335 264 202 165 125 93 73 57 52 41 33 18 12 10 8 8 8 7 6 6 6 5 4 2 1 1 1 1 1 1 0 
1 1 1 1 3 3 5 7 9 11 12 15 18 23 27 29 37 46 63 79 102 122 156 183 220 266 325 378 478 578 729 901 1112 1334 1625 1959 2344 2853 3484 4212 5183 6230 7569 9082 10803 12785 15055 17626 20422 23644 26940 30356 33785 37078 40147 42637 44008 44882 44822 43950 42269 39776 36650 33289 29741 26036 22469 19163 16029 13139 10773 8734 6985 5633 4444 3461 2674 2127 1634 1277 984 765 582 447 335 253 186 139 107 76 56 46 32 24 13 10 8 6 4 3 2 2 2 1 1 0 
1 1 1 1 1 1 1 1 1 1 1 1 1 3 3 5 5 4 5 6 9 14 15 18 24 30 32 35 48 56 71 84 101 118 147 179 219 270 336 391 472 606 749 916 1142 1365 1639 2013 2436 2987 3623 4461 5477 6595 7887 9413 11240 13344 15844 18548 21631 24760 28142 31590 35051 38144 40871 43040 44465 44842 44670 43547 41712 38965 35704 32287 28737 24983 21390 18104 15106 12422 10123 8082 6487 5142 4063 3192 2471 1952 1509 1176 903 681 545 423 312 239 182 135 98 76 59 47 32 21 15 11 9 7 5 4 4 3 2 3 3 2 2 1 1 0 
1 1 1 1 2 2 3 3 4 5 4 7 9 11 13 15 17 24 37 49 58 69 81 99 118 150 190 235 291 335 424 529 654 824 1002 1203 1493 1811 2227 2739 3268 3951 4797 5820 7004 8421 10107 12032 14461 16947 19804 22928 26308 29947 33304 36524 39562 42086 44046 44946 45204 44408 42703 40314 37519 34189 30554 26970 23297 19805 16659 13875 11415 9306 7526 5976 4690 3743 2916 2246 1768 1362 1066 809 612 465 367 284 213 172 131 105 84 66 50 43 35 26 20 18 15 11 10 8 4 3 2 2 2 2 2 2 2 2 2 1 0 
1 1 1 3 3 4 5 5 7 9 16 19 21 23 27 35 44 52 61 67 76 89 108 131 166 193 222 278 318 377 458 568 700 867 1068 1331 1575 1907 2299 2822 3454 4159 4988 5960 7208 8725 10532 12443 14653 17206 20062 23226 26674 30262 33646 36831 39684 42122 43946 45015 45047 44160 42454 40033 37029 33593 30072 26438 22795 19410 16321 13445 11032 8950 7205 5716 4555 3561 2798 2175 1676 1300 1008 783 574 439 355 272 208 157 122 89 68 55 41 31 22 17 13 10 7 5 3 3 3 2 1 0 
1 1 1 1 2 3 5 7 10 11 12 14 25 34 36 44 51 68 80 96 128 156 190 224 272 315 389 507 605 740 894 1094 1324 1632 2020 2504 3069 3686 4479 5346 6447 7781 9384 11230 13320 15682 18424 21393 24579 27970 31389 34904 38077 40676 42759 44301 44822 44637 43508 41535 38914 35813 32458 28781 25232 21638 18387 15256 12520 10213 8255 6612 5236 4096 3189 2512 1980 1513 1163 915 714 551 431 319 238 189 150 115 87 62 48 36 28 21 17 10 7 6 5 5 5 4 4 3 3 3 3 1 1 0 
1 1 2 3 4 5 5 6 7 6 9 11 13 14 14 14 15 16 20 21 30 34 38 44 58 73 93 114 140 180 220 265 327 406 489 595 727 902 1089 1356 1644 1954 2426 2941 3550 4322 5283 6375 7659 9140 10902 12960 15373 17918 20773 23873 27209 30662 33973 37152 39979 42349 43965 44789 44492 43547 41763 39469 36475 33044 29414 25770 22332 19041 16008 13283 10860 8769 7026 5589 4424 3477 2739 2102 1634 1258 978 761 603 458 363 263 196 144 113 93 72 55 43 39 35 26 20 13 8 7 4 3 1 1 1 1 1 0 
1 1 1 1 1 1 1 1 1 2 2 4 4 6 6 6 6 7 9 10 11 15 18 19 33 39 45 60 67 87 119 149 179 240 297 367 444 548 679 833 982 1182 1450 1767 2157 2653 3271 4017 4854 5845 7046 8514 10208 12200 14494 17067 19916 23154 26441 29922 33337 36596 39724 42241 43849 44808 44944 44041 42525 40211 37361 34126 30512 26815 23211 19843 16661 13741 11253 9100 7362 5820 4652 3617 2837 2181 1697 1326 1036 804 635 508 387 308 229 177 129 103 80 67 57 38 25 19 15 9 5 3 3 3 2 1 1 1 1 1 1 1 1 1 1 1 1 0 
1 1 1 1 1 1 1 1 1 3 4 4 3 4 5 5 6 10 12 15 22 27 33 41 52 62 80 101 124 153 199 239 290 348 431 510 599 716 886 1084 1323 1624 1926 2364 2893 3507 4203 5128 6252 7436 8959 10711 12740 15110 17722 20669 23843 27304 30788 34151 37314 40101 42417 44135 44978 44832 43991 42139 39688 36637 33336 29766 25997 22434 19023 15910 13139 10691 8663 6887 5423 4244 3360 2541 1993 1559 1216 969 730 565 418 353 262 206 146 109 91 68 53 43 33 27 20 14 12 9 7 7 6 5 3 2 0 
1 1 1 1 1 1 2 3 2 2 1 1 1 3 4 6 6 7 6 7 12 13 20 23 28 34 39 43 47 66 83 107 124 152 177 209 256 298 371 459 573 696 857 1040 1240 1558 1863 2259 2740 3356 4111 4988 5970 7232 8677 10351 12269 14545 17171 20136 23415 26627 30167 33669 36840 39899 42411 44115 44941 45024 44171 42464 40046 37074 33713 30143 26545 22935 19603 16416 13682 11230 8985 7185 5679 4452 3502 2722 2131 1645 1313 1014 774 582 451 339 245 177 139 100 78 56 43 31 25 17 13 10 8 6 4 3 3 3 3 1 1 0 
1 1 1 1 1 1 1 3 5 5 5 5 8 9 10 13 18 21 24 31 35 41 43 59 70 82 95 121 150 186 212 241 306 377 472 558 667 839 1003 1217 1456 1789 2176 2677 3291 3959 4809 5765 6874 8271 9944 11847 14135 16640 19421 22554 26015 29340 32932 36189 39161 41622 43390 44484 44795 44101 42728 40512 37631 34444 30955 27372 23839 20478 17263 14353 11804 9570 7700 6109 4841 3782 3002 2352 1852 1397 1074 842 632 475 358 276 224 182 145 116 86 56 38 29 17 11 11 6 4 2 1 1 1 1 0 
1 1 1 1 1 2 2 2 2 2 4 4 5 7 9 10 11 11 12 18 24 25 32 39 53 70 79 86 114 145 174 211 264 325 403 494 593 722 887 1107 1368 1658 2013 2424 2935 3564 4296 5260 6348 7638 9199 10929 12863 15230 18058 21165 24237 27654 31154 34567 37740 40564 42839 44329 45018 44865 43767 41906 39424 36154 32648 29047 25440 21892 18554 15423 12620 10315 8372 6696 5387 4315 3394 2684 2051 1593 1253 949 717 575 425 334 253 202 152 121 97 74 49 38 29 26 19 16 13 9 7 4 3 4 3 3 3 3 2 1 0 
1 1 1 1 1 1 1 1 1 1 1 2 3 2 2 2 2 2 2 3 4 6 7 8 10 10 11 15 18 25 29 32 38 46 61 79 100 110 125 168 223 257 321 400 500 603 731 895 1070 1284 1580 1915 2313 2822 3458 4134 5033 6092 7342 8848 10557 12575 14914 17505 20427 23540 26886 30172 33548 36806 39684 42071 43700 44811 44872 43903 42236 39880 36997 33708 30079 26462 22919 19431 16224 13467 11040 8829 7040 5559 4368 3400 2646 2091 1624 1270 988 781 612 464 355 288 232 179 142 107 84 65 54 38 29 24 19 17 14 12 10 9 6 3 2 1 0 
1 1 1 1 1 3 3 3 3 3 3 3 3 4 12 18 18 21 28 35 40 54 64 67 84 107 126 161 193 242 292 372 457 555 691 847 1040 1264 1572 1898 2341 2867 3508 4294 5157 6216 7432 8882 10606 12693 14983 17682 20690 23837 27198 30587 33969 37223 39989 42466 44155 44902 44690 43711 42086 39621 36589 33341 29761 26139 22501 19204 16104 13285 10855 8747 7046 5642 4478 3506 2752 2152 1681 1304 1015 782 600 464 361 279 204 157 122 92 66 48 36 22 18 14 12 9 6 6 6 4 2 2 2 1 1 1 1 1 1 1 0 
1 1 1 1 1 1 1 2 3 3 4 3 4 6 7 10 13 16 20 22 23 28 35 44 57 60 77 94 119 142 170 204 250 305 368 440 540 674 822 966 1180 1443 1767 2112 2542 3117 3759 4524 5426 6620 7947 9539 11295 13421 15935 18647 21673 24877 28320 31844 35400 38538 41118 43268 44535 44984 44548 43416 41405 38816 35528 32126 28391 24680 21177 17947 14921 12285 9981 7996 6348 5032 3975 3162 2449 1908 1455 1129 873 664 487 378 287 207 156 126 94 69 52 42 31 26 24 17 13 11 8 7 6 4 2 2 2 0 
1 1 1 1 1 1 1 1 1 1 1 1 1 2 2 2 4 5 5 4 4 5 6 7 9 10 9 12 13 14 17 19 22 24 29 32 37 47 53 62 72 90 104 140 179 236 271 312 381 466 589 724 870 1045 1280 1582 1922 2333 2805 3394 4103 4960 5992 7202 8600 10354 12391 14583 17095 19963 23039 26378 29763 33229 36523 39413 41935 43624 44674 44762 43916 42517 40279 37294 33915 30311 26662 23134 19621 16498 13687 11265 9216 7346 5848 4634 3693 2897 2280 1751 1361 1069 822 636 502 379 302 232 178 135 105 77 57 43 38 30 20 14 13 10 9 7 8 6 4 4 3 3 2 1 1 1 1 1 1 1 1 1 1 1 0 
1 1 1 1 1 2 3 3 3 3 5 6 7 8 7 9 18 24 33 40 50 56 67 85 102 130 154 177 222 281 345 422 513 622 773 955 1142 1395 1692 2052 2489 2998 3658 4355 5326 6529 7813 9369 11340 13367 15799 18380 21442 24699 28129 31436 34782 37911 40713 42983 44374 44970 44687 43617 41619 39074 35922 32514 28791 25174 21575 18260 15252 12611 10257 8219 6470 5139 4041 3161 2458 1902 1446 1085 823 640 493 372 281 221 175 135 105 84 61 52 42 34 26 18 16 15 9 5 3 3 3 2 1 0 
1 1 1 1 4 5 4 5 8 11 13 18 19 26 32 41 42 54 64 82 97 119 151 188 227 267 315 386 480 565 720 879 1063 1289 1586 1949 2380 2885 3519 4317 5177 6252 7480 9013 10825 12848 15198 17938 20909 24190 27595 31051 34404 37447 40403 42654 44256 44889 44689 43760 41935 39621 36548 33103 29506 25706 22218 18774 15635 12878 10566 8586 6948 5471 4340 3385 2588 1951 1513 1156 884 663 519 393 297 229 181 140 111 88 61 47 36 27 21 15 12 7 5 4 4 2 1 1 0 
1 1 1 1 0 
1 1 1 1 1 1 1 1 3 5 6 6 7 9 11 12 18 20 21 31 39 51 63 81 94 100 119 142 175 232 283 356 421 521 624 774 937 1151 1421 1693 2019 2415 2926 3554 4293 5251 6392 7623 9132 10987 13069 15433 18099 20812 23951 27163 30610 34169 37344 40187 42490 43955 44743 44630 43623 41916 39464 36533 33176 29550 25760 22171 18764 15641 12953 10589 8520 6842 5412 4244 3331 2606 2044 1586 1193 949 733 600 463 356 272 206 162 126 102 81 57 46 34 31 26 20 17 14 9 7 6 4 3 2 2 2 2 1 1 1 0 
1 1 2 3 4 8 13 16 19 19 26 33 44 49 55 62 75 101 126 150 170 207 264 332 411 509 624 753 916 1107 1326 1637 1962 2387 2890 3508 4268 5134 6267 7550 9043 10775 12891 15226 17698 20538 23750 27074 30590 34046 37286 40296 42578 44111 44858 44755 43833 42108 39589 36694 33351 29677 25975 22429 18973 15857 13059 10629 8589 6874 5433 4348 3360 2623 2050 1580 1217 942 729 589 443 363 286 212 162 127 93 80 63 48 37 30 24 19 17 12 9 8 7 6 4 4 4 3 3 2 3 2 2 2 2 2 2 1 1 1 1 0 
1 1 1 1 1 5 5 7 9 9 10 9 11 13 17 19 24 31 41 52 60 72 97 120 145 166 210 259 330 412 480 570 707 885 1059 1267 1520 1890 2313 2826 3442 4209 5035 6115 7429 8910 10646 12540 14818 17309 20257 23246 26480 29859 33333 36594 39531 41893 43511 44475 44625 43895 42252 39857 37097 33797 30328 26623 23105 19622 16471 13644 11235 9124 7365 5878 4615 3605 2831 2184 1697 1296 1000 744 571 448 349 275 217 168 135 104 89 71 51 37 27 18 16 11 7 5 3 2 2 2 2 0 
1 1 1 1 1 2 2 3 3 3 3 6 8 8 13 15 15 20 28 37 45 62 75 94 113 142 171 206 245 289 365 447 552 679 812 1003 1187 1482 1785 2227 2685 3293 3969 4837 5775 6923 8338 10000 11769 14021 16579 19362 22376 25567 29085 32467 35679 38794 41445 43314 44563 44890 44357 42878 40671 37893 34598 31151 27531 24075 20545 17415 14536 11969 9764 7850 6234 4957 3872 3021 2374 1812 1412 1090 814 657 509 393 295 235 185 150 118 95 81 68 49 37 29 22 21 17 10 7 5 4 3 1 1 1 1 1 1 0 
1 1 1 1 3 4 5 5 4 4 7 9 10 11 16 22 27 30 42 52 56 66 77 92 116 152 179 219 276 324 398 472 588 742 923 1135 1347 1650 2041 2491 3034 3674 4492 5435 6607 7924 9474 11291 13358 15718 18504 21578 24877 28310 31841 35068 38062 40773 42883 44293 44842 44485 43443 41276 38595 35513 32054 28462 24863 21325 18125 15141 12520 10184 8266 6618 5298 4216 3289 2613 2035 1557 1209 922 729 559 430 320 260 205 152 118 93 72 53 41 31 27 19 17 11 8 6 5 3 2 2 2 0 
1 1 1 1 3 4 3 3 3 4 3 5 7 7 10 13 15 21 22 25 33 37 47 57 66 76 93 117 145 185 233 273 346 413 494 602 763 945 1145 1405 1728 2088 2606 3166 3803 4632 5583 6730 8139 9842 11643 13844 16190 18918 21973 25181 28609 31937 35302 38516 41123 43164 44392 44737 44202 43012 41062 38333 35285 31761 28151 24532 21044 17839 14856 12174 9918 8013 6418 5110 4000 3123 2475 1929 1513 1177 914 690 516 376 300 227 186 146 115 84 56 41 34 19 16 11 8 4 2 1 0 
1 1 1 1 1 1 1 1 1 2 2 2 2 1 1 4 5 6 6 8 12 15 18 23 29 32 35 48 65 73 86 108 128 158 187 245 305 366 441 555 659 803 940 1165 1421 1786 2155 2614 3208 3912 4716 5735 6945 8399 10009 11983 14055 16498 19308 22323 25630 29136 32530 35840 38921 41435 43420 44495 44886 44334 42811 40703 37695 34530 31011 27480 23901 20494 17263 14354 11819 9586 7765 6224 4884 3852 3032 2380 1839 1469 1152 878 676 509 393 319 256 194 148 111 82 58 44 33 27 21 17 13 10 4 4 3 3 3 1 1 1 1 1 1 0 
1 1 1 1 1 3 4 4 4 6 6 7 9 14 16 18 22 22 23 25 31 43 50 63 75 91 114 138 173 212 255 307 359 435 520 642 785 985 1198 1473 1770 2160 2643 3246 3913 4751 5688 6740 8216 9834 11690 13861 16259 18936 21937 25103 28557 32165 35365 38388 40960 43000 44369 44892 44391 43145 41124 38190 35093 31731 27975 24452 20961 17665 14693 12176 9855 7919 6381 5029 3910 3032 2355 1817 1388 1039 834 637 515 415 336 266 207 160 124 94 76 58 46 30 22 18 15 12 9 8 7 4 3 2 2 1 1 1 1 1 1 1 1 1 1 0 
1 1 1 3 3 4 5 5 9 11 13 18 20 24 29 36 44 58 79 98 114 142 183 223 274 341 418 512 623 771 925 1122 1350 1695 2077 2481 2986 3616 4433 5336 6460 7762 9416 11217 13338 15727 18485 21490 24768 28189 31619 35044 38303 41017 43299 44670 45207 44872 43657 41626 39008 35750 32210 28475 24855 21276 17979 14963 12240 9977 8026 6405 5082 4066 3154 2478 1951 1523 1187 907 694 528 400 297 228 173 125 89 75 57 47 39 33 21 19 13 11 9 7 7 5 4 4 3 3 2 2 2 1 0 
1 1 1 1 1 2 4 4 4 6 9 9 10 15 19 26 31 36 42 50 58 72 91 113 136 157 185 231 273 344 437 529 657 810 998 1191 1446 1749 2147 2611 3182 3877 4704 5680 6826 8081 9793 11713 13772 16215 18965 22098 25352 28818 32312 35698 38675 41284 43174 44464 44809 44345 43015 40994 38328 35164 31696 28024 24369 20855 17626 14682 12074 9828 7991 6376 5016 3953 3117 2415 1905 1469 1150 885 686 522 398 307 236 183 148 118 93 78 59 48 43 29 23 19 14 11 8 5 3 1 1 1 1 1 1 1 0 
1 1 1 2 3 3 6 7 6 8 10 11 11 11 17 17 22 28 39 57 57 68 82 94 122 153 187 218 257 320 395 488 599 716 901 1089 1326 1644 2006 2464 3028 3666 4439 5371 6473 7773 9338 11193 13252 15628 18407 21227 24370 27848 31403 34806 37858 40701 42806 44275 44960 44691 43505 41566 39082 36026 32359 28723 25142 21619 18341 15264 12669 10379 8359 6735 5278 4147 3263 2580 2057 1581 1238 951 736 572 451 347 260 207 161 116 98 69 59 46 35 27 24 18 16 12 11 8 8 7 4 3 1 1 1 1 1 1 1 1 0 
1 1 1 1 1 4 5 7 10 10 11 11 11 14 20 23 30 39 51 65 85 107 133 174 199 237 290 351 435 536 647 807 953 1205 1494 1800 2165 2629 3221 3897 4712 5703 6864 8310 9914 11745 13898 16504 19356 22503 25821 29267 32882 36059 39009 41548 43576 44687 44947 44177 42636 40500 37804 34682 31163 27481 23832 20414 17297 14395 11849 9692 7790 6189 4994 3905 3014 2361 1819 1399 1102 870 696 554 429 320 240 179 132 99 78 53 40 28 20 13 7 6 6 3 3 2 1 0 
1 1 1 1 2 2 2 5 6 7 8 11 11 15 18 20 23 31 38 45 53 66 74 95 113 131 152 189 231 290 351 413 499 631 763 954 1134 1390 1698 2072 2541 3098 3776 4546 5529 6751 8165 9823 11684 13876 16348 19045 22156 25555 28922 32345 35610 38777 41464 43349 44534 44992 44434 43059 40872 37895 34862 31470 27911 24357 20768 17577 14593 12142 9885 8024 6380 5068 3977 3176 2465 1926 1460 1108 842 657 484 369 278 201 149 109 83 61 47 35 29 25 20 15 12 8 6 3 2 2 2 1 1 1 1 1 0 
1 1 1 1 1 4 4 6 8 9 10 18 22 28 40 48 63 80 94 111 157 200 230 281 349 435 535 647 769 930 1153 1429 1762 2100 2568 3165 3762 4575 5580 6776 8155 9771 11706 14003 16438 19188 22305 25535 28906 32232 35811 38913 41668 43535 44849 45396 44878 43474 41175 38280 34996 31421 27707 24099 20493 17326 14360 11808 9618 7692 6062 4775 3802 2969 2297 1780 1396 1091 833 642 514 419 345 273 210 167 126 100 74 54 41 28 23 18 14 10 8 4 4 2 2 2 1 1 1 1 0 
1 1 1 3 3 3 4 4 5 6 9 9 8 11 15 20 25 33 40 49 59 81 105 127 152 191 239 284 334 409 503 626 771 948 1155 1380 1648 1992 2427 3031 3736 4577 5528 6670 7989 9620 11560 13748 16309 19090 22084 25312 28781 31976 35317 38524 41254 43279 44521 44975 44510 43157 41242 38446 35227 31798 28211 24570 21044 17780 14920 12215 9891 7934 6310 4963 3929 3042 2340 1807 1401 1091 891 678 519 394 310 237 177 134 104 85 67 57 45 28 27 20 17 16 15 13 12 11 11 8 7 6 6 5 4 3 1 0 
1 1 1 1 1 2 2 3 3 4 4 5 5 5 5 4 4 7 8 9 10 12 13 17 25 29 33 40 56 66 81 112 138 169 209 258 329 405 492 633 779 937 1168 1461 1783 2171 2633 3193 3894 4697 5700 6844 8178 9811 11764 14001 16482 19361 22342 25687 29109 32534 35780 38848 41411 43372 44478 44878 44289 42998 40827 38048 34784 31325 27676 24001 20463 17301 14440 11892 9684 7788 6244 4951 3887 3034 2346 1806 1393 1082 832 646 522 408 320 245 193 156 119 84 65 43 36 25 19 17 10 8 7 6 6 5 3 1 1 0 
1 1 1 1 1 1 1 1 1 3 3 6 6 8 9 10 12 16 23 25 35 47 51 54 66 86 103 117 139 175 225 275 347 416 500 588 733 903 1098 1355 1688 2085 2505 3055 3689 4496 5471 6601 7901 9612 11450 13571 16042 18742 21829 25025 28390 31972 35288 38429 41001 42998 44217 44746 44417 43179 41285 38594 35477 32019 28357 24749 21110 17864 14809 12271 10058 8098 6454 5211 4118 3255 2531 1972 1503 1136 873 653 488 370 283 204 154 115 90 64 50 36 24 21 15 10 6 3 2 2 1 0 
1 2 2 3 3 4 4 8 9 9 10 13 12 13 15 18 20 27 29 38 49 50 65 78 97 113 147 177 221 279 342 401 506 625 762 909 1132 1351 1654 2018 2506 3058 3679 4428 5253 6403 7749 9351 11141 13273 15657 18483 21435 24657 28117 31570 34909 38022 40851 43141 44542 45067 44844 43617 41642 39058 35923 32367 28784 24983 21351 18084 15119 12477 10180 8217 6605 5188 4060 3145 2443 1933 1478 1142 922 708 553 434 333 258 196 157 126 99 81 64 54 45 38 29 24 21 11 9 7 7 4 3 3 3 3 2 1 1 0 
1 1 1 1 1 1 1 1 1 4 4 5 5 7 7 9 12 14 16 17 22 28 41 50 62 74 93 117 135 167 195 236 296 365 451 555 675 799 996 1239 1524 1829 2226 2699 3317 3996 4920 5936 7125 8497 10062 11939 14183 16610 19347 22400 25571 29077 32333 35708 38715 41319 43207 44362 44771 44209 42839 40701 37866 34708 31108 27618 24040 20668 17422 14468 11867 9598 7761 6199 4909 3880 2984 2327 1823 1410 1081 842 651 501 374 296 232 186 140 104 74 61 45 38 28 18 13 10 9 5 3 3 2 1 1 1 2 1 1 1 1 1 1 0 
1 1 2 2 2 2 3 6 9 10 9 9 11 15 15 19 20 21 22 29 35 41 49 57 73 87 105 133 159 187 220 271 331 430 541 669 813 969 1165 1394 1691 2067 2528 3077 3747 4496 5477 6597 7815 9350 11147 13328 15760 18428 21314 24424 27786 31260 34692 37805 40530 42640 43988 44580 44289 43293 41586 39012 35744 32276 28556 25071 21624 18435 15439 12822 10450 8450 6789 5384 4244 3300 2586 2024 1570 1236 965 719 573 440 344 256 201 158 124 90 73 50 39 31 20 14 12 11 10 8 6 5 5 3 2 2 2 2 2 1 1 1 1 0 
1 1 1 1 1 2 3 5 6 6 9 12 13 16 20 32 39 43 58 75 92 108 136 163 205 236 299 378 462 572 682 848 1040 1270 1574 1930 2330 2858 3477 4279 5190 6276 7440 8848 10576 12786 15079 17738 20727 23880 27265 30814 34339 37490 40328 42432 43941 44717 44585 43597 41812 39383 36398 33090 29475 25943 22391 18992 15967 13294 10935 8818 7059 5661 4432 3472 2725 2089 1614 1244 959 765 595 471 359 284 209 172 127 91 73 57 46 35 26 20 19 17 11 9 7 3 2 2 1 1 0 
1 1 1 1 1 1 0 
1 1 1 1 1 1 1 1 2 2 2 2 2 3 4 4 4 5 8 10 20 25 32 34 44 54 67 85 99 127 148 181 211 267 314 379 464 552 689 835 1012 1228 1522 1835 2241 2764 3355 4045 4859 5794 6995 8512 10207 12161 14385 16938 19734 22779 26166 29498 33124 36346 39463 41947 43804 44760 44845 44113 42668 40511 37575 34189 30684 26943 23414 19990 16724 13983 11475 9313 7448 5974 4693 3719 2918 2249 1715 1333 1038 804 616 488 376 284 222 167 119 90 77 54 36 30 22 17 15 11 6 3 2 1 1 1 1 0 
1 1 1 1 1 1 1 2 2 3 3 5 7 8 7 8 8 8 9 12 17 21 22 25 29 37 45 61 75 92 111 134 160 193 242 288 352 435 541 663 796 1013 1252 1527 1891 2282 2791 3334 4079 4933 6005 7271 8678 10299 12283 14483 17016 19812 22953 26132 29677 33033 36431 39526 41944 43739 44808 44967 44336 42785 40492 37710 34320 30699 26928 23364 19923 16713 13805 11225 9095 7335 5774 4579 3623 2761 2143 1633 1254 940 730 561 437 344 264 187 142 110 91 79 54 42 29 25 22 21 19 13 10 8 7 4 1 1 1 0 
1 2 2 4 5 6 8 8 10 10 16 21 23 27 32 37 50 66 86 106 130 161 195 246 294 383 458 551 660 798 989 1231 1532 1867 2251 2692 3263 3958 4773 5820 6976 8429 10110 12077 14319 16912 19731 22804 26130 29552 32934 36232 39217 41674 43491 44478 44633 44106 42646 40412 37543 34423 30951 27221 23582 19975 16871 14182 11624 9464 7630 6091 4839 3822 3030 2394 1849 1445 1127 868 664 528 402 330 268 206 162 131 91 76 63 47 37 29 22 21 17 14 13 10 9 6 5 5 4 4 4 1 1 2 1 1 1 1 1 1 1 1 1 0 
1 1 4 5 7 11 14 16 19 20 26 28 35 38 49 63 81 94 115 129 164 204 242 296 373 447 589 718 883 1080 1299 1594 1948 2349 2855 3459 4194 5051 6079 7310 8717 10435 12458 14782 17378 20182 23288 26717 30224 33686 36839 39736 42058 43882 44888 44756 43920 42204 39853 36905 33542 29930 26285 22703 19309 16318 13489 11108 8962 7186 5673 4501 3593 2846 2242 1742 1344 1052 805 627 497 383 298 210 157 119 90 70 53 43 30 24 23 17 13 10 7 6 5 2 2 1 1 1 0 
1 1 2 2 2 2 2 2 2 4 4 4 7 8 9 9 9 17 18 18 21 27 36 51 64 80 96 115 141 180 213 250 304 383 472 562 685 840 1037 1269 1564 1883 2304 2808 3431 4167 5121 6183 7444 8972 10612 12722 15016 17681 20647 23881 27244 30504 33897 37104 39826 42110 43828 44690 44792 43926 42257 39729 36625 33333 29705 26155 22678 19324 16175 13297 10878 8805 7088 5651 4462 3450 2676 2044 1587 1230 946 738 562 427 339 273 218 163 117 85 62 45 33 26 23 20 18 12 10 7 6 4 3 2 2 1 1 1 1 1 1 1 1 1 1 1 1 0 
1 1 1 1 1 1 3 2 2 2 2 2 2 2 6 8 8 13 19 23 25 32 38 44 53 61 82 107 124 141 182 221 273 342 430 520 655 782 950 1218 1471 1786 2169 2643 3214 3883 4697 5679 6874 8311 9953 11931 14167 16726 19632 22669 26022 29381 32849 36088 39027 41644 43567 44878 45101 44364 42942 40619 37922 34542 31005 27247 23723 20292 17069 14144 11633 9469 7584 6043 4733 3738 2967 2339 1854 1420 1113 852 660 514 387 308 242 178 129 101 74 54 42 30 22 20 16 11 9 4 3 3 2 2 2 2 2 2 2 1 1 0 
1 1 1 1 1 1 1 1 3 4 5 11 11 11 13 16 21 28 35 43 53 69 89 98 123 151 184 224 275 339 399 487 578 689 866 1046 1225 1511 1840 2230 2712 3356 4076 4916 5882 7103 8573 10256 12228 14516 17085 19828 22864 26171 29461 32727 35889 38870 41498 43112 44369 44541 43963 42467 40357 37413 34234 30797 27196 23610 20220 17098 14189 11658 9476 7605 6078 4841 3779 3004 2346 1863 1448 1115 872 670 510 374 292 214 161 131 92 78 60 51 41 27 23 18 17 18 12 11 8 5 4 4 3 2 2 1 1 0 
1 1 1 1 1 2 3 4 4 5 5 7 8 8 14 17 21 30 34 41 49 67 78 102 127 165 184 211 258 322 406 496 607 736 901 1132 1409 1709 2055 2519 3028 3637 4388 5321 6448 7651 9121 11009 13066 15358 17961 21016 24221 27464 30945 34232 37621 40426 42681 44238 44812 44657 43561 41769 39300 36245 32769 29180 25574 22086 18653 15584 12880 10577 8536 6830 5433 4276 3308 2547 1971 1527 1158 896 702 527 420 332 266 207 149 125 98 83 66 56 35 25 20 17 17 14 9 7 5 4 4 4 3 2 2 1 1 1 1 1 0 
1 1 1 1 1 2 2 2 2 3 4 7 7 7 9 12 17 21 31 34 47 57 75 92 110 137 155 197 242 287 363 430 524 657 814 965 1163 1443 1757 2102 2553 3148 3812 4627 5593 6766 8168 9700 11584 13847 16269 19124 22242 25420 28763 32313 35713 38713 41317 43294 44648 44940 44507 43131 41011 38190 34937 31364 27738 24144 20669 17460 14621 12027 9810 7971 6334 5013 3969 3146 2470 1923 1493 1154 898 701 532 394 282 215 164 131 105 82 67 42 32 25 19 14 8 8 7 5 2 1 1 0 
1 2 4 4 4 4 5 6 7 9 14 15 15 20 26 26 29 34 42 50 62 77 97 111 138 176 219 263 328 406 506 618 784 978 1207 1416 1716 2123 2582 3169 3838 4631 5544 6748 8092 9662 11583 13715 16132 18794 21850 25092 28465 31883 35316 38461 40913 42952 44150 44700 44434 43414 41371 38655 35466 31985 28291 24516 21091 17767 14873 12228 9919 8013 6402 5024 3901 3039 2411 1848 1403 1086 858 669 525 407 304 239 191 147 117 83 62 47 36 31 20 12 7 7 6 6 6 2 2 1 1 1 0 
1 1 1 1 1 1 1 1 1 0 
1 1 3 3 2 2 3 3 4 8 11 14 18 20 24 27 37 42 48 54 67 86 104 123 150 182 217 254 316 386 484 598 731 865 1049 1278 1606 1967 2416 2980 3638 4346 5208 6273 7524 9043 10749 12713 15100 17562 20508 23662 26949 30466 33921 37225 40103 42520 44010 44936 44778 43920 42158 39610 36609 33262 29687 25937 22348 18944 15812 13107 10747 8683 6997 5560 4375 3429 2746 2144 1660 1299 1010 780 606 470 383 299 222 171 133 95 76 60 44 35 26 18 16 10 9 10 8 7 6 5 4 4 3 2 1 1 1 1 0 
1 1 1 1 1 1 2 4 5 6 11 13 17 21 24 30 38 45 53 67 81 96 124 154 187 220 270 337 421 522 645 790 991 1195 1415 1726 2131 2573 3143 3850 4655 5704 6835 8205 9703 11712 13959 16442 19082 22172 25309 28700 32236 35551 38606 41331 43368 44608 44979 44370 42971 41022 38262 35079 31537 27865 24282 20860 17598 14654 12066 9764 7875 6309 4988 3932 3084 2421 1863 1453 1085 837 653 509 383 298 233 180 134 101 82 60 50 37 30 25 18 13 10 6 7 6 3 2 2 2 2 1 1 1 1 1 0 
1 1 1 1 1 1 1 4 4 5 6 9 11 13 18 18 18 21 25 36 48 62 77 90 115 133 165 206 270 331 393 485 598 765 923 1139 1362 1645 2032 2449 3014 3631 4319 5278 6358 7611 9180 11008 13147 15499 17995 20784 23929 27273 30773 34176 37376 40351 42737 44254 44848 44661 43614 41737 39097 36157 32737 29168 25572 22034 18773 15748 12973 10607 8633 6957 5487 4305 3375 2656 2087 1635 1261 968 773 613 487 377 290 220 158 124 95 79 68 57 44 35 32 25 20 13 11 8 7 5 3 2 2 2 2 0 
1 1 1 1 1 1 3 4 5 6 9 10 10 14 15 20 27 34 47 56 66 85 103 134 165 205 255 318 393 483 590 733 877 1073 1276 1568 1942 2385 2871 3457 4139 5030 6051 7365 8934 10647 12757 15026 17649 20484 23573 26812 30171 33598 36813 39578 41958 43695 44725 44643 43898 42327 40045 36894 33607 30005 26281 22737 19371 16196 13425 11090 9012 7189 5710 4521 3583 2850 2200 1719 1340 1019 813 660 509 377 287 226 180 138 110 90 64 49 43 32 24 14 10 8 5 3 3 1 1 1 1 1 1 0 
1 1 1 1 1 2 4 4 4 4 4 4 5 6 8 11 14 20 25 34 48 60 78 98 126 160 206 245 298 371 432 516 638 790 948 1171 1431 1742 2116 2552 3133 3875 4684 5669 6854 8196 9847 11723 13996 16467 19234 22237 25549 28826 32263 35674 38695 41206 43223 44545 44883 44335 43017 41012 38140 34876 31347 27709 24106 20680 17453 14574 11952 9825 7879 6370 4989 3970 3091 2411 1895 1477 1120 878 672 508 398 323 252 196 160 117 97 70 59 46 38 30 27 21 13 10 6 6 6 6 6 5 3 3 2 1 1 1 1 1 0 
1 1 1 1 1 1 1 1 3 3 4 3 5 5 7 9 12 11 15 14 16 21 27 32 38 50 67 79 92 121 142 172 200 244 306 367 464 587 715 846 1023 1266 1501 1853 2265 2738 3402 4119 4963 5989 7217 8656 10347 12277 14472 16955 19816 22894 26219 29631 32962 36107 39216 41675 43440 44642 44922 44286 42657 40339 37495 34321 30682 27020 23425 19896 16730 13926 11474 9247 7451 5971 4719 3745 2901 2289 1776 1411 1103 848 634 487 373 285 221 174 126 94 64 53 39 26 21 14 9 7 6 6 4 3 2 2 2 1 0 
1 1 1 1 2 2 2 3 2 2 4 5 10 11 10 13 14 17 21 28 36 45 59 71 76 103 128 157 186 239 286 352 410 495 601 741 929 1141 1396 1708 2064 2509 3072 3770 4572 5465 6612 7917 9437 11291 13377 15780 18493 21495 24625 28011 31347 34652 37769 40435 42592 44092 44746 44405 43235 41303 38763 35671 32290 28734 25045 21569 18315 15321 12652 10323 8285 6669 5308 4167 3261 2572 2027 1543 1169 929 728 571 453 351 271 207 148 111 94 74 60 46 32 26 19 15 11 8 5 4 4 3 2 2 1 0 
1 1 1 1 1 1 1 2 2 2 1 1 1 1 1 2 3 4 5 6 6 7 6 7 9 13 13 17 22 30 32 37 48 58 70 89 113 130 145 181 225 271 336 409 505 630 775 967 1169 1450 1757 2179 2678 3261 3996 4858 5778 6973 8348 10007 11893 14141 16602 19403 22460 25671 29288 32834 36211 39171 41775 43590 44699 44884 44404 42861 40753 37863 34589 31157 27482 23885 20445 17190 14324 11728 9523 7619 6033 4751 3755 2926 2238 1764 1349 1068 785 608 478 366 271 211 167 126 101 78 59 39 31 22 16 10 8 7 5 6 4 3 3 3 3 2 2 2 2 2 1 1 0 
1 1 1 1 1 3 3 3 3 4 3 5 9 9 11 11 18 20 27 30 36 45 59 75 91 108 133 161 197 242 302 373 468 588 715 878 1074 1283 1573 1953 2357 2857 3499 4281 5159 6258 7544 9008 10813 12926 15288 17948 21002 24191 27592 31109 34353 37597 40354 42686 44237 45074 44912 43890 42227 39642 36492 32901 29272 25542 22034 18674 15510 12849 10526 8488 6792 5413 4240 3331 2604 2020 1567 1212 947 710 554 424 338 261 198 163 127 102 63 52 36 22 17 9 7 4 4 4 3 3 3 2 2 0 
1 1 1 1 1 3 2 2 3 3 4 4 7 7 7 7 9 11 17 20 23 27 35 46 58 74 86 119 149 183 216 264 306 364 460 563 696 837 1002 1209 1474 1802 2171 2613 3228 3920 4704 5697 6881 8287 10047 11895 14038 16574 19416 22439 25690 29035 32527 35883 38951 41424 43495 44746 45080 44549 43166 40970 38082 34755 31223 27551 23933 20447 17170 14311 11750 9543 7660 6107 4839 3810 3000 2371 1833 1403 1081 832 653 504 368 282 204 148 116 85 66 48 35 29 20 15 11 7 5 3 2 1 1 1 0 
1 1 1 1 1 1 2 4 5 5 8 8 9 11 15 20 22 25 27 33 47 57 74 97 112 130 160 202 253 318 406 505 598 701 857 1031 1278 1562 1912 2320 2787 3392 4087 4980 5985 7223 8648 10374 12416 14596 17162 20019 23080 26396 29546 32994 36323 39377 41753 43294 44310 44444 43818 42403 40089 37245 33988 30525 27099 23561 20057 16801 14026 11507 9327 7535 6013 4751 3800 2932 2296 1821 1419 1134 861 644 487 375 293 237 178 141 104 76 59 44 36 26 21 13 13 11 9 8 7 6 6 6 3 3 2 1 0 
1 1 1 1 1 4 4 6 7 8 10 10 12 16 17 21 31 39 44 60 67 86 101 130 174 222 260 325 390 496 607 742 913 1121 1372 1653 2006 2477 3056 3701 4579 5548 6685 8012 9660 11628 13791 16222 18971 22006 25269 28733 32318 35566 38573 41060 42906 44313 44766 44383 43192 41146 38368 35143 31686 28080 24539 21141 17825 14910 12311 10062 8092 6464 5079 3995 3167 2478 1877 1460 1122 882 689 512 394 304 246 184 154 118 96 74 59 47 41 26 17 15 6 6 3 2 2 2 0 
1 1 1 1 1 1 1 1 1 1 1 1 1 2 4 6 6 6 7 8 8 9 10 10 11 20 19 24 26 32 38 49 56 80 97 116 135 158 205 257 318 384 480 575 692 823 1048 1274 1564 1914 2317 2792 3326 4023 4930 5935 7231 8555 10292 12280 14598 17192 20080 23298 26615 29887 33255 36610 39557 42063 43799 44825 44840 44170 42458 39943 37152 33974 30451 26786 23112 19667 16557 13739 11289 9172 7353 5898 4630 3611 2803 2226 1749 1381 1021 779 619 463 355 273 220 182 138 105 83 66 47 40 33 22 16 10 7 5 4 4 3 2 1 1 1 1 2 1 1 1 1 1 1 1 1 1 1 1 0 
1 1 1 1 1 1 2 3 3 4 4 3 6 7 9 11 11 13 15 17 20 17 20 27 36 51 63 89 119 139 164 195 241 313 383 462 560 678 836 1055 1282 1568 1861 2250 2732 3347 4118 4994 6019 7202 8626 10355 12272 14661 17192 20102 23104 26437 29997 33493 36703 39696 42242 43934 44817 44898 44122 42535 40272 37346 33984 30315 26624 22991 19519 16381 13628 11205 9153 7336 5820 4553 3571 2805 2217 1757 1380 1038 815 632 475 371 300 240 183 126 98 68 56 40 31 28 23 16 14 12 8 5 4 2 1 0 
1 1 1 1 1 1 1 2 3 3 5 9 10 12 15 19 22 27 33 42 49 69 76 88 105 135 160 188 233 288 360 448 537 645 810 980 1152 1432 1732 2058 2525 3081 3762 4551 5542 6670 8035 9577 11470 13645 16058 18828 21930 25250 28718 32228 35389 38432 41033 43118 44427 44881 44478 43280 41041 38331 35298 31891 28189 24598 21168 17872 14915 12285 10061 8088 6466 5097 3997 3119 2464 1881 1414 1103 895 710 542 390 303 240 182 133 95 71 55 48 38 28 19 14 11 10 8 7 6 6 5 3 2 2 2 0 
1 1 1 1 2 3 4 3 3 3 3 3 3 3 5 9 9 9 9 14 20 23 26 31 38 41 54 80 104 123 159 196 228 288 366 436 546 670 834 1003 1228 1476 1806 2186 2633 3215 3869 4628 5547 6723 8031 9594 11597 13806 16303 19013 22055 25480 28999 32534 35877 38749 41479 43362 44585 44951 44527 43057 40975 38282 35115 31652 27920 24235 20755 17478 14480 11922 9648 7815 6183 4856 3778 2946 2264 1783 1390 1108 841 656 506 401 313 246 209 164 126 97 80 59 47 35 23 17 11 8 6 5 3 1 0 
1 1 1 1 1 1 1 2 2 3 4 3 4 4 5 5 6 9 9 15 23 31 34 39 45 53 70 87 97 120 144 194 241 279 318 410 498 615 739 933 1145 1398 1720 2085 2533 3056 3722 4523 5527 6691 8007 9539 11343 13505 15936 18632 21803 25096 28524 31953 35407 38617 41305 43344 44663 45192 44658 43422 41270 38542 35424 31935 28221 24548 21010 17838 14866 12188 9887 7984 6323 4970 3928 3110 2452 1910 1497 1156 909 706 540 418 321 258 217 168 128 102 82 60 38 28 23 20 16 8 6 3 3 2 0 
1 1 1 1 1 1 1 0 
1 1 1 1 1 1 1 1 4 4 4 4 4 5 7 8 9 12 18 20 24 29 31 36 49 66 85 108 126 150 196 259 304 363 451 563 711 861 1051 1277 1558 1908 2308 2761 3425 4113 4962 5956 7108 8499 10180 12108 14304 16936 19675 22708 25931 29277 32779 36153 39164 41530 43448 44439 44666 44031 42566 40465 37702 34541 30861 27169 23579 20143 17060 14233 11689 9421 7608 6034 4792 3792 2944 2293 1820 1408 1077 836 640 504 378 303 249 199 139 114 78 68 56 46 34 24 21 17 13 13 10 6 5 5 4 2 2 0 
1 1 1 1 1 2 2 5 6 5 5 6 10 10 12 12 14 24 25 31 41 45 52 56 68 83 104 132 160 192 237 284 363 442 538 659 812 998 1239 1496 1826 2221 2717 3269 3955 4800 5790 6898 8309 10056 11998 14114 16606 19422 22518 25664 29220 32704 35853 39043 41551 43562 44727 45040 44378 42843 40702 37826 34664 31081 27443 23779 20210 17168 14303 11751 9540 7621 6026 4805 3817 3010 2385 1833 1438 1103 849 662 517 400 302 249 199 155 122 84 59 44 30 26 20 16 12 11 7 5 5 3 3 1 0 
1 1 2 4 5 7 10 11 15 17 21 26 29 31 42 51 60 74 90 113 131 155 188 228 294 354 423 514 641 798 967 1148 1378 1699 2070 2483 2979 3610 4456 5397 6563 7931 9481 11381 13562 15969 18598 21689 24802 28250 31822 35077 38302 40907 42833 44258 44755 44403 43188 41311 38664 35587 31984 28360 24698 21250 17989 14988 12382 10133 8201 6609 5266 4150 3273 2561 1989 1525 1190 920 707 532 425 346 261 203 158 118 92 72 55 35 26 19 13 6 5 3 2 2 2 1 1 0 
1 1 1 1 1 1 2 4 5 7 7 8 10 13 17 22 26 28 31 31 43 54 66 82 97 116 136 159 195 262 322 397 488 598 704 852 1048 1293 1573 1906 2270 2802 3383 4126 4971 6089 7403 8788 10539 12517 14695 17402 20299 23499 26860 30301 33795 37068 39989 42240 43839 44785 44688 43839 42155 39832 36860 33445 29908 26240 22635 19309 16194 13460 11178 9003 7312 5800 4597 3596 2810 2174 1699 1351 1069 818 625 484 375 287 221 179 144 104 82 61 45 37 27 19 16 12 9 6 4 4 3 2 2 2 2 2 2 2 2 2 2 2 1 1 0 
1 1 1 1 1 2 3 4 4 5 5 6 8 11 16 16 17 21 29 45 59 69 83 103 119 141 176 215 271 333 407 515 614 789 971 1155 1404 1711 2094 2527 3040 3732 4506 5506 6685 8094 9683 11568 13637 16143 18897 21945 25146 28569 32062 35433 38435 40991 43131 44502 45038 44471 43075 41122 38482 35319 31775 28185 24542 21037 17842 14915 12257 9958 7983 6326 4953 3932 3095 2458 1927 1496 1163 880 663 502 397 293 240 187 143 114 92 66 52 36 26 17 16 14 10 10 7 5 4 2 0 
1 1 1 1 1 1 1 2 3 3 3 4 8 11 12 12 13 19 25 30 36 47 54 72 84 104 123 155 199 236 292 343 406 509 618 762 929 1122 1384 1692 2067 2532 3074 3750 4534 5504 6619 7960 9581 11524 13633 16070 18888 21982 25290 28669 32185 35430 38516 41125 43119 44560 44987 44382 43063 41193 38546 35344 31725 28165 24487 20996 17800 14928 12207 9919 7907 6320 5104 4024 3169 2485 1924 1524 1208 933 704 540 418 318 240 170 145 129 106 79 53 43 37 33 27 23 23 19 13 11 8 8 3 3 3 2 2 2 1 1 1 1 1 0 
1 1 1 1 1 1 2 3 4 6 6 7 10 17 22 24 30 37 41 47 59 79 90 109 132 169 206 247 281 333 407 527 650 760 899 1085 1370 1667 1977 2439 2978 3620 4418 5363 6532 7811 9374 11104 13210 15574 18251 21299 24574 28100 31496 34810 38028 40846 43069 44532 45095 44841 43793 41797 39051 35736 32250 28659 25067 21448 18208 15247 12506 10222 8253 6561 5218 4168 3217 2492 1929 1531 1183 925 701 540 428 329 267 208 154 118 80 59 39 26 19 15 10 9 6 6 4 3 3 2 2 2 1 1 1 0 
1 1 1 1 1 1 1 1 1 1 1 3 3 3 3 3 4 4 5 6 11 13 12 13 17 26 30 36 46 48 65 81 108 134 154 175 220 270 328 399 474 579 702 878 1097 1351 1655 2003 2467 2961 3645 4470 5329 6475 7835 9515 11265 13463 15907 18738 21753 25026 28328 31738 35091 38365 41122 43092 44491 45025 44695 43378 41430 38674 35537 31913 28350 24732 21300 17966 15035 12440 10226 8314 6640 5230 4082 3189 2494 1919 1508 1161 915 699 547 427 316 234 189 141 113 87 68 53 40 31 24 18 16 12 10 8 5 4 3 3 3 3 2 1 1 1 1 1 0 
1 1 1 1 2 2 3 3 2 2 2 2 3 3 3 3 5 8 11 12 16 21 24 29 35 42 58 70 82 99 119 144 183 229 288 356 428 524 632 764 949 1187 1469 1787 2165 2615 3166 3825 4678 5585 6731 8131 9766 11650 13702 16040 18777 21724 24989 28428 31879 35215 38191 40733 42752 44157 44781 44389 43142 41162 38562 35437 31877 28266 24678 21229 17994 15036 12373 9948 7997 6366 5033 3931 3093 2393 1874 1459 1156 894 705 543 420 339 271 221 162 133 102 81 54 43 30 24 17 15 10 10 2 2 1 1 0 
1 1 1 1 2 3 3 2 3 3 4 8 9 11 13 18 20 23 35 38 41 49 56 63 79 99 117 143 174 230 275 337 410 524 634 762 925 1146 1401 1661 1991 2397 2904 3549 4329 5316 6400 7661 9249 10993 13124 15480 18304 21359 24489 27847 31306 34835 38015 40659 42772 44224 44811 44721 43564 41687 39090 36049 32638 29071 25398 21801 18455 15410 12686 10250 8345 6674 5262 4231 3294 2578 2021 1559 1199 927 712 593 458 352 269 211 166 124 97 74 62 53 39 26 24 17 15 10 7 6 5 5 4 4 3 3 0 
1 1 1 1 1 1 1 2 4 3 3 3 3 3 5 6 7 7 9 10 10 12 15 17 22 28 33 46 52 63 81 85 108 128 158 195 239 301 354 418 520 636 792 963 1180 1422 1745 2155 2610 3181 3836 4615 5517 6654 7989 9635 11401 13500 15951 18548 21511 24770 28208 31683 34962 38121 40694 42749 44204 44791 44437 43252 41310 38601 35484 31975 28394 24813 21294 18017 15005 12390 10130 8192 6608 5245 4172 3251 2562 1999 1552 1227 949 703 552 411 331 248 185 132 99 74 52 38 32 28 19 16 11 8 7 7 6 4 4 4 2 1 0 
1 1 1 1 1 1 1 1 1 1 1 1 1 1 1 1 1 1 2 3 4 5 4 5 6 6 7 9 14 21 29 40 44 53 61 72 91 111 130 168 214 265 329 410 508 613 769 909 1110 1374 1692 2025 2462 3039 3740 4547 5457 6572 7965 9527 11303 13453 15768 18569 21486 24544 27867 31348 34730 37950 40496 42614 44173 44804 44663 43439 41464 38910 35794 32280 28675 25059 21532 18236 15234 12573 10168 8237 6594 5222 4177 3296 2548 1974 1514 1173 903 712 548 432 329 246 196 143 112 86 67 54 42 34 27 21 16 12 7 6 4 4 5 5 4 3 2 2 2 2 1 0 
