0 0 0 0 0 1 
0 0 0 0 0 0 0 0 0 1 1 1 1 1 1 1 1 1 3 5 5 6 6 7 11 13 17 18 22 27 36 48 66 79 103 126 164 201 248 302 364 429 523 638 777 969 1171 1416 1731 2109 2560 3124 3774 4556 5569 6777 8129 9776 11677 13853 16378 19273 22558 26366 30443 34806 39441 44449 49446 54533 59570 64485 69084 73283 77102 80506 83442 86102 88270 90083 91499 92616 93553 94335 94910 95346 95690 95966 96175 96338 96464 96537 96614 96666 96713 96744 96767 96787 96807 96820 96830 96834 96843 96847 96856 96860 96861 96861 96861 96862 96862 96862 96862 96862 96863 
0 0 0 0 0 0 0 0 0 0 0 0 0 2 3 5 5 6 7 7 7 11 15 19 22 26 34 40 51 61 79 94 119 142 171 213 251 307 361 420 503 626 773 952 1134 1356 1647 2028 2475 3052 3704 4489 5460 6610 7984 9625 11542 13821 16293 19180 22574 26223 30276 34802 39483 44383 49426 54612 59561 64355 68932 73146 76943 80341 83291 85837 87998 89694 91151 92353 93305 94048 94635 95065 95437 95713 95930 96111 96245 96333 96412 96474 96519 96564 96599 96622 96637 96646 96661 96667 96673 96675 96676 96681 96683 96686 96687 96690 96692 96692 96692 96692 96692 96692 96693 96693 96694 96694 96694 96695 96695 96696 
0 0 0 0 0 0 0 0 0 1 1 1 1 1 1 1 1 1 2 2 2 3 4 4 5 7 8 11 13 15 20 25 32 42 53 57 76 97 117 152 189 233 280 332 397 484 596 717 879 1071 1298 1583 1937 2339 2861 3537 4320 5181 6276 7573 9128 11003 13121 15647 18474 21684 25297 29472 33675 38333 43498 48465 53654 58690 63537 68074 72386 76337 79670 82740 85440 87685 89484 90992 92191 93210 93961 94559 95021 95440 95735 95955 96132 96266 96354 96433 96501 96546 96578 96613 96632 96651 96670 96679 96685 96692 96694 96697 96699 96700 96702 96702 96703 96703 96704 
0 0 0 0 0 0 0 1 1 1 3 3 6 6 8 10 13 14 20 24 27 34 44 57 68 77 98 121 158 195 241 301 373 464 575 686 834 1008 1224 1462 1787 2173 2662 3237 3942 4749 5742 6927 8307 9984 11919 14229 16782 19814 23265 26998 31184 35694 40481 45397 50448 55530 60568 65363 69818 74000 77817 81086 83963 86343 88370 90103 91580 92723 93634 94326 94900 95318 95658 95921 96092 96266 96398 96492 96569 96630 96681 96707 96733 96745 96757 96774 96782 96788 96794 96796 96799 96799 96802 96804 
0 0 0 0 0 0 0 1 1 1 2 3 4 4 5 6 7 8 11 13 13 18 22 25 30 36 48 55 63 77 99 120 148 171 208 260 314 383 473 558 684 838 1033 1269 1536 1860 2288 2778 3393 4092 4951 5999 7299 8829 10623 12640 14989 17788 20883 24522 28423 32595 37203 41978 46935 51966 57042 62102 66875 71279 75250 78776 81962 84705 87028 89040 90662 91992 93022 93871 94540 95025 95460 95829 96094 96279 96416 96522 96609 96676 96725 96764 96791 96813 96831 96848 96863 96874 96886 96890 96894 96896 96899 96899 96900 96902 96904 96905 96905 96907 96908 96908 96908 96909 
0 0 0 0 0 0 0 0 1 1 1 2 2 2 4 5 5 6 8 8 12 15 22 27 32 43 55 74 91 110 139 185 229 280 351 430 531 657 821 1019 1247 1529 1872 2282 2785 3402 4100 5005 6081 7388 8863 10622 12671 14976 17769 20890 24449 28353 32524 37034 41910 46880 51901 56948 62014 66734 71236 75217 78811 81995 84794 87138 89129 90724 92003 93091 93928 94568 95069 95486 95802 96057 96267 96428 96533 96631 96696 96749 96789 96820 96847 96866 96883 96895 96901 96904 96910 96913 96918 96919 96920 96920 96923 96924 96926 96927 
0 0 0 0 0 0 0 1 1 1 1 1 1 2 4 5 6 7 10 10 12 13 14 16 18 19 22 27 36 44 48 64 79 91 114 137 161 198 239 296 362 435 552 674 811 992 1229 1515 1846 2275 2777 3368 4143 5012 6075 7316 8826 10576 12659 15111 17955 21057 24690 28548 32849 37524 42443 47508 52535 57679 62615 67214 71618 75621 79183 82265 84957 87296 89214 90830 92103 93147 93951 94562 95091 95495 95791 96074 96248 96373 96484 96579 96650 96697 96734 96761 96784 96799 96813 96817 96831 96836 96848 96850 96853 96856 96857 96860 96860 96862 96862 96862 96862 96863 
0 0 0 0 0 0 0 1 1 1 2 3 4 4 4 6 8 9 14 20 23 28 33 38 56 68 80 92 114 138 165 212 254 307 370 483 589 725 876 1102 1311 1604 1974 2416 2947 3573 4261 5178 6305 7598 9077 10895 12977 15446 18290 21470 25065 29118 33446 37987 42813 47896 52867 58071 62993 67770 72080 76050 79627 82599 85278 87583 89483 90993 92228 93192 93985 94612 95094 95469 95744 95961 96144 96293 96392 96474 96532 96590 96621 96652 96672 96692 96707 96716 96721 96724 96729 96732 96736 96737 96739 96739 96740 96741 96741 96741 96741 96741 96742 
0 0 0 0 0 0 0 1 1 1 3 4 5 7 8 14 18 24 35 44 55 71 89 113 136 163 200 257 314 378 450 550 673 803 984 1209 1443 1758 2127 2613 3169 3870 4689 5705 6846 8268 9907 11852 14082 16745 19772 23161 26998 31159 35703 40461 45529 50671 55825 60869 65692 70207 74293 78029 81335 84191 86651 88631 90253 91668 92768 93649 94364 94927 95387 95722 96002 96199 96365 96480 96576 96639 96697 96746 96776 96803 96816 96832 96842 96849 96852 96860 96864 96865 96867 96868 96870 96870 96870 96871 96871 96871 96872 
0 0 0 0 0 0 0 0 0 0 0 0 0 1 2 2 2 2 4 4 6 7 8 10 12 14 14 18 21 28 38 45 55 63 74 92 122 150 185 229 264 339 416 488 590 728 900 1086 1318 1587 1937 2353 2896 3527 4266 5181 6264 7611 9171 10998 13184 15622 18492 21724 25275 29304 33519 38205 43124 48103 53243 58226 63179 67740 72105 76091 79704 82750 85358 87614 89498 91010 92266 93248 94028 94676 95150 95519 95816 96046 96227 96361 96464 96564 96634 96675 96719 96746 96767 96788 96797 96811 96823 96829 96833 96836 96840 96841 96843 96845 96846 
0 0 0 0 0 0 0 0 0 1 1 2 2 2 2 3 3 3 3 3 3 3 3 3 4 6 7 9 10 12 14 17 21 27 34 43 51 62 77 97 123 146 173 215 270 328 405 493 604 728 899 1128 1411 1734 2116 2560 3109 3829 4656 5626 6781 8130 9715 11607 13834 16492 19488 22915 26632 30809 35275 39993 44907 49899 55042 60058 64971 69411 73636 77330 80757 83677 86148 88283 90043 91444 92619 93486 94243 94808 95250 95619 95893 96097 96251 96360 96452 96528 96592 96637 96674 96702 96720 96731 96740 96750 96756 96759 96760 96763 96763 96763 96765 
0 0 0 0 0 0 0 0 0 0 0 1 2 2 2 2 2 2 6 6 7 9 13 13 16 17 21 25 29 35 43 57 72 85 100 120 158 195 227 284 339 401 504 616 749 941 1165 1415 1730 2091 2540 3108 3757 4518 5416 6597 7907 9552 11479 13761 16295 19315 22567 26267 30305 34738 39467 44343 49329 54596 59661 64478 69167 73404 77263 80584 83403 85922 88054 89797 91231 92379 93314 94060 94662 95144 95520 95791 96002 96176 96306 96410 96487 96548 96609 96640 96672 96695 96713 96731 96741 96750 96758 96762 96763 96765 96767 96768 96768 96770 96772 96772 96772 96772 96773 96774 
0 0 0 0 0 0 0 0 0 1 1 1 1 1 2 2 2 4 4 4 5 5 5 5 6 7 7 7 8 8 8 10 11 12 12 15 19 19 21 24 26 30 36 44 55 65 85 102 123 148 178 219 264 317 364 460 552 686 848 1059 1262 1528 1855 2249 2753 3326 3992 4846 5818 6936 8362 10128 12043 14344 16956 19939 23385 27201 31331 35835 40492 45356 50533 55633 60599 65517 70091 74247 77891 81164 84035 86553 88606 90288 91617 92692 93575 94299 94820 95235 95562 95823 96037 96187 96286 96384 96456 96505 96548 96580 96613 96629 96642 96660 96670 96680 96683 96684 96687 96692 96693 96693 96694 96697 96698 
0 0 0 0 0 0 0 0 0 0 0 1 1 1 2 2 3 3 5 9 12 15 19 25 29 36 49 56 72 90 113 145 171 213 260 324 411 510 633 760 935 1156 1404 1745 2137 2624 3205 3860 4688 5688 6882 8315 10047 11955 14192 16900 19933 23350 27160 31363 35903 40729 45642 50762 55713 60710 65497 69981 74146 77860 81248 84223 86630 88646 90340 91694 92831 93730 94409 94928 95330 95657 95934 96132 96312 96434 96539 96613 96649 96689 96734 96751 96770 96787 96800 96807 96810 96817 96820 96825 96829 96830 96832 96835 96837 96839 96839 96840 96841 
0 0 0 0 0 0 1 1 2 2 2 2 3 3 3 4 4 4 4 5 5 6 6 6 8 10 11 13 14 17 20 25 32 33 41 51 58 60 75 94 106 138 169 214 253 302 362 439 527 637 787 968 1180 1422 1747 2142 2583 3149 3803 4630 5581 6737 8112 9698 11621 13806 16398 19391 22661 26419 30602 34952 39709 44692 49699 54779 59798 64596 69194 73331 77190 80550 83489 86046 88157 89953 91376 92539 93468 94210 94782 95201 95555 95817 96036 96203 96336 96442 96506 96557 96613 96645 96672 96684 96704 96714 96723 96734 96738 96742 96743 96747 96748 96748 96748 96749 96750 
0 0 0 0 0 0 1 1 1 1 1 1 1 3 3 3 3 3 3 4 7 7 9 10 13 17 23 33 42 52 63 77 92 118 141 181 211 266 333 400 495 625 749 922 1125 1370 1682 2056 2492 2975 3620 4362 5232 6278 7565 9071 10875 12888 15378 18215 21441 24951 28940 33160 37726 42538 47575 52594 57591 62439 67131 71520 75554 79090 82366 84917 87169 89132 90720 91994 93087 93914 94544 95040 95440 95754 95986 96158 96295 96399 96476 96551 96613 96657 96694 96713 96731 96751 96762 96772 96777 96780 96784 96786 96787 96788 96788 96788 96788 96788 96788 96788 96789 
0 0 0 0 0 0 0 0 0 0 0 0 0 1 2 3 3 3 4 7 8 10 11 14 18 22 27 30 34 40 47 58 68 86 102 130 161 195 243 290 359 437 529 643 796 955 1182 1425 1735 2083 2536 3117 3770 4558 5533 6675 8036 9686 11593 13751 16356 19296 22710 26316 30418 34841 39672 44734 49719 54831 59884 64830 69376 73628 77407 80836 83718 86264 88420 90081 91509 92683 93577 94282 94855 95305 95647 95932 96151 96304 96430 96528 96601 96650 96701 96727 96748 96765 96787 96800 96810 96820 96825 96826 96829 96830 96832 96832 96835 
0 0 0 0 0 0 0 0 0 0 0 1 3 4 6 6 7 13 19 21 26 31 42 56 66 80 101 130 154 193 231 272 336 415 499 614 754 921 1118 1379 1661 2040 2488 3002 3612 4344 5327 6488 7850 9465 11309 13472 15955 18778 22087 25804 29778 34091 38772 43720 48912 54010 59039 63962 68616 72879 76713 80199 83224 85799 88028 89867 91343 92538 93421 94195 94774 95229 95581 95837 96063 96259 96395 96488 96559 96604 96654 96685 96710 96730 96740 96756 96764 96770 96774 96781 96783 96790 96793 96796 96797 96799 96799 96801 96801 96803 96803 96803 96803 96803 96803 96803 96804 
0 0 0 0 0 0 0 0 0 0 0 0 0 1 1 3 5 6 6 8 11 15 18 24 33 40 46 55 71 91 108 133 164 199 245 298 357 432 522 633 754 916 1120 1388 1696 2050 2488 2997 3638 4423 5392 6484 7817 9398 11325 13516 15943 18809 22109 25780 29792 34109 38798 43730 48847 53930 58905 63620 68249 72573 76387 79871 83004 85597 87788 89609 91091 92261 93286 94092 94679 95163 95555 95844 96039 96213 96349 96464 96553 96620 96658 96707 96739 96756 96765 96780 96788 96792 96804 96810 96816 96817 96817 96820 96820 96820 96820 96820 96820 96821 
0 0 0 0 0 0 0 0 0 1 1 1 2 2 2 2 2 2 2 2 3 3 4 5 5 5 6 6 7 8 9 10 11 12 15 18 21 26 34 46 52 63 78 96 118 142 172 204 251 301 367 441 542 661 805 968 1196 1439 1757 2202 2648 3204 3863 4666 5705 6824 8225 9905 11891 14160 16774 19813 23249 27069 31224 35730 40551 45434 50435 55504 60553 65320 69906 74004 77711 80972 83841 86306 88381 90085 91455 92597 93520 94210 94753 95208 95587 95848 96072 96229 96347 96445 96522 96588 96627 96654 96677 96698 96714 96724 96736 96750 96756 96763 96766 96767 96769 96771 96772 96773 96774 96775 
0 0 0 0 0 0 0 0 0 0 0 0 1 2 2 2 2 2 2 3 3 3 3 3 3 3 4 5 5 6 8 9 10 12 16 19 22 30 40 46 55 70 91 113 138 166 204 249 307 377 462 582 727 899 1085 1335 1647 2001 2461 2971 3617 4356 5282 6329 7718 9290 11171 13378 15956 18860 22083 25689 29724 34275 39035 43862 48871 53985 58890 63814 68390 72691 76686 80171 83181 85819 87982 89822 91273 92513 93409 94167 94771 95229 95609 95916 96149 96314 96456 96571 96646 96689 96736 96770 96799 96821 96833 96849 96856 96870 96875 96877 96880 96882 96885 96888 96889 96890 96892 96892 96892 96893 
0 0 0 0 0 0 0 0 0 0 0 1 1 1 1 1 2 2 2 3 4 4 4 5 8 12 13 15 18 25 30 32 34 51 62 73 90 111 135 160 193 231 288 355 417 502 609 742 920 1124 1367 1654 2013 2460 2975 3698 4507 5442 6561 7956 9553 11433 13683 16159 19123 22560 26265 30354 34700 39463 44385 49498 54588 59630 64452 69129 73277 77038 80367 83403 85948 88086 89936 91347 92534 93468 94235 94825 95322 95726 95994 96202 96381 96511 96607 96695 96757 96797 96828 96859 96876 96887 96901 96911 96927 96929 96934 96936 96936 96938 96939 96941 96941 96941 96941 96942 
0 0 0 0 0 0 0 0 0 0 0 1 1 1 1 1 2 2 2 2 4 4 5 7 7 9 12 16 22 25 28 33 45 53 63 76 94 121 154 191 237 309 381 482 582 711 862 1068 1327 1593 1969 2444 2966 3588 4360 5329 6456 7758 9434 11286 13426 15967 18782 22151 25814 29874 34266 38944 43838 48941 54037 58986 63954 68574 72757 76715 80135 83107 85673 87804 89643 91096 92264 93286 94076 94688 95184 95554 95858 96100 96274 96396 96490 96586 96652 96700 96739 96758 96778 96797 96813 96822 96832 96835 96844 96849 96851 96855 96857 96857 96858 96859 96862 
0 0 0 0 0 0 0 0 0 1 1 1 1 2 2 2 3 3 5 5 5 7 8 11 16 19 22 25 33 44 50 63 83 98 114 138 178 222 266 309 370 458 542 662 820 1011 1243 1529 1874 2302 2854 3479 4205 5124 6183 7503 9045 10801 12971 15470 18226 21353 24921 28941 33323 37885 42689 47720 52682 57779 62774 67486 71824 75894 79564 82686 85333 87607 89470 90999 92225 93210 94029 94644 95197 95575 95870 96091 96253 96408 96530 96623 96685 96730 96772 96806 96825 96840 96847 96860 96867 96876 96879 96886 96886 96889 96893 96895 96895 96896 96896 96898 96899 96899 96900 96901 96901 96901 96901 96901 96901 96901 96901 96901 96902 
0 0 0 0 0 0 0 1 1 2 2 3 3 3 3 4 4 4 4 4 8 8 10 15 20 21 23 25 28 33 40 54 66 88 111 138 171 205 241 298 360 438 536 670 827 1033 1247 1522 1837 2195 2708 3334 4057 4903 5949 7184 8684 10443 12475 14836 17510 20579 24083 28061 32309 36839 41676 46695 51705 56874 61827 66485 70974 74980 78663 81758 84446 86815 88850 90497 91758 92874 93759 94431 94940 95373 95684 95941 96131 96297 96418 96522 96586 96634 96669 96700 96725 96738 96749 96763 96773 96777 96779 96787 96791 96794 96795 96798 96800 96801 96802 96802 96805 96806 96807 96807 96808 96809 
0 0 0 0 0 0 0 0 1 1 1 2 2 2 2 2 2 2 4 5 8 11 12 13 16 20 22 26 28 33 44 61 71 91 106 126 167 194 230 275 344 428 533 659 810 981 1178 1451 1763 2157 2633 3195 3887 4751 5720 6927 8373 10054 12060 14431 17088 20015 23608 27337 31548 36034 40857 45952 51056 56279 61214 66099 70588 74779 78487 81718 84586 86845 88856 90533 91813 92916 93782 94489 95008 95448 95775 96013 96202 96368 96500 96590 96667 96723 96764 96799 96827 96848 96861 96872 96876 96879 96885 96894 96896 96896 96897 96898 96901 96902 96902 96903 
0 0 0 0 0 0 0 0 0 1 1 1 1 1 1 1 2 3 6 6 6 7 8 9 12 14 22 23 27 34 40 52 62 73 89 103 118 134 164 194 233 285 352 419 499 601 715 873 1054 1264 1513 1825 2219 2695 3314 4014 4836 5911 7122 8560 10265 12229 14481 17155 20163 23506 27320 31602 36024 40852 45801 50946 56035 61209 65985 70398 74480 78199 81526 84336 86683 88696 90414 91751 92871 93750 94414 94978 95377 95731 95992 96182 96339 96469 96562 96632 96680 96726 96754 96774 96792 96812 96829 96834 96840 96847 96851 96856 96858 96858 96861 96861 96861 96861 96861 96862 96862 96863 
0 0 0 0 0 0 1 1 1 1 1 1 1 1 1 1 1 1 1 2 2 3 3 4 4 7 10 12 12 16 19 20 21 26 35 42 52 70 85 98 122 142 172 215 269 313 393 458 558 680 850 1035 1264 1567 1907 2306 2798 3399 4164 5058 6103 7406 8835 10603 12667 14981 17799 20984 24526 28490 32875 37444 42260 47314 52249 57256 62280 66974 71490 75425 79057 82180 84930 87245 89107 90708 92071 93074 93862 94509 94995 95369 95704 95943 96151 96295 96402 96495 96562 96614 96659 96690 96715 96731 96748 96761 96770 96779 96785 96789 96792 96795 96800 96800 96801 96801 96801 96802 96802 96802 96802 96802 96802 96803 
0 0 0 0 0 0 0 1 1 1 1 2 2 2 2 4 4 4 6 7 8 11 12 16 22 24 28 34 44 52 68 80 94 118 141 176 198 234 273 343 421 502 619 754 913 1093 1331 1601 1914 2312 2809 3409 4169 5104 6223 7471 9006 10774 12868 15311 17991 21246 24893 28867 33122 37707 42606 47683 52772 57824 62628 67347 71517 75595 79102 82230 84970 87285 89163 90800 92037 93015 93810 94467 95030 95434 95737 95997 96188 96338 96427 96524 96595 96652 96699 96729 96757 96773 96786 96799 96812 96816 96820 96824 96828 96830 96831 96831 96831 96831 96831 96833 96833 96833 96833 96833 96833 96834 
0 0 0 0 0 0 0 0 0 0 0 0 1 2 2 2 3 4 4 6 6 6 6 6 7 11 14 15 19 20 21 27 34 40 53 63 75 94 113 133 167 212 269 328 401 508 622 746 906 1126 1388 1691 2063 2540 3077 3729 4590 5553 6742 8107 9764 11760 13917 16482 19417 22808 26562 30636 35069 39727 44779 49939 55094 60259 65135 69612 73817 77550 80890 83854 86323 88447 90183 91591 92783 93648 94348 94924 95347 95674 95930 96149 96337 96471 96570 96636 96696 96731 96765 96786 96807 96822 96831 96839 96849 96852 96857 96859 96865 96867 96871 96871 96872 96873 96874 96874 96875 96875 96876 
0 0 0 0 0 0 0 0 0 1 1 1 1 1 2 3 3 5 8 10 12 15 20 25 30 33 40 49 62 75 91 109 128 167 204 249 298 354 423 523 624 748 902 1095 1364 1652 2010 2468 3028 3703 4476 5438 6539 7931 9520 11418 13581 16161 19100 22460 26187 30319 34727 39486 44343 49318 54504 59511 64344 68950 73294 76987 80409 83443 86032 88184 89911 91337 92500 93435 94164 94757 95238 95597 95904 96144 96324 96467 96563 96634 96681 96726 96757 96786 96805 96822 96828 96831 96839 96845 96847 96851 96854 96859 96860 96861 96861 96862 
0 0 0 0 0 0 0 1 1 1 2 3 4 4 5 5 5 6 9 11 15 17 20 24 35 42 54 65 77 97 114 140 175 218 268 330 399 498 602 732 910 1107 1358 1662 2037 2522 3092 3757 4559 5536 6662 7959 9630 11563 13812 16395 19332 22628 26378 30522 34981 39728 44667 49662 54699 59793 64699 69227 73416 77187 80558 83529 86020 88156 89919 91345 92543 93478 94209 94790 95246 95608 95899 96132 96300 96440 96543 96618 96672 96714 96744 96761 96780 96796 96808 96814 96823 96824 96828 96831 96833 96834 96835 96837 96838 96839 96839 96841 96841 96841 96841 96842 
0 0 0 0 0 0 1 1 1 1 1 1 1 1 1 1 1 1 1 2 2 2 2 2 2 2 2 3 3 4 5 7 7 9 12 15 19 20 27 29 34 37 45 52 60 74 88 117 138 179 222 273 329 394 457 541 655 818 1008 1242 1524 1850 2269 2759 3351 4087 4988 6036 7298 8866 10638 12660 15058 17815 21033 24542 28522 32794 37385 42273 47375 52420 57509 62280 66937 71441 75446 79023 82267 85053 87367 89280 90803 92030 93048 93862 94523 95045 95424 95725 95950 96178 96336 96456 96547 96614 96670 96714 96745 96767 96781 96794 96802 96813 96824 96827 96832 96834 96835 96838 96838 96838 96838 96839 
0 0 1 
0 0 0 0 0 0 0 0 1 2 2 2 2 2 3 3 4 4 4 5 5 5 8 10 11 12 15 16 19 21 24 29 33 42 47 55 66 76 90 110 140 168 206 262 325 390 459 546 662 789 965 1163 1420 1736 2099 2534 3095 3742 4583 5513 6552 7893 9490 11362 13572 16019 18926 22204 25759 29762 34134 38814 43654 48779 53752 58846 63744 68296 72548 76456 79950 83058 85582 87837 89670 91136 92329 93295 94071 94669 95200 95584 95862 96070 96247 96371 96476 96561 96623 96671 96695 96720 96739 96757 96767 96777 96790 96792 96795 96797 96799 96803 96807 96808 96809 96809 96809 96811 
0 0 0 0 0 0 0 0 0 0 1 1 1 3 3 4 5 6 9 12 15 21 29 38 44 49 59 78 99 121 153 199 247 290 355 437 527 642 763 947 1167 1447 1784 2145 2586 3147 3851 4669 5662 6865 8284 9910 11895 14141 16762 19785 23176 26848 30830 35321 40054 44990 50183 55367 60412 65253 69665 73943 77761 81179 84085 86511 88517 90259 91615 92692 93646 94374 94927 95335 95653 95904 96125 96292 96421 96514 96598 96651 96699 96734 96750 96770 96785 96801 96815 96821 96822 96825 96828 96829 96830 96832 96833 96833 96834 
0 0 0 0 0 0 0 0 0 0 0 0 0 1 1 1 1 2 3 3 4 6 9 10 14 16 19 23 34 39 47 55 65 84 106 132 163 192 234 294 357 437 531 645 774 959 1230 1524 1858 2264 2728 3290 4032 4895 5927 7119 8521 10195 12187 14554 17200 20237 23762 27674 31932 36466 41258 46272 51354 56364 61402 66041 70444 74533 78293 81399 84217 86543 88577 90191 91566 92642 93535 94257 94812 95208 95494 95761 95964 96109 96237 96312 96388 96450 96490 96523 96552 96570 96588 96605 96613 96621 96631 96638 96641 96643 96644 96647 96650 96651 96652 
0 0 0 0 0 0 0 0 1 1 1 1 2 2 2 4 4 5 7 8 8 9 11 12 15 20 25 28 33 43 53 66 91 114 136 171 207 248 306 382 491 604 727 870 1071 1295 1578 1916 2329 2832 3395 4129 5019 6097 7306 8763 10500 12531 14947 17707 20699 24133 28030 32280 36793 41537 46454 51577 56639 61652 66339 70735 74774 78580 81745 84477 86894 88892 90494 91787 92877 93729 94386 94900 95277 95601 95852 96040 96214 96340 96420 96489 96530 96570 96602 96622 96638 96643 96657 96666 96682 96689 96691 96693 96693 96694 96696 96697 96697 96697 96698 96699 96701 96702 96702 96702 96702 96702 96702 96703 
0 0 0 0 0 0 0 0 1 1 1 1 2 3 4 5 8 9 12 14 19 26 33 39 51 63 71 94 119 141 164 207 252 312 386 467 564 690 844 1036 1239 1537 1880 2334 2838 3448 4185 5094 6150 7389 8935 10741 12756 15190 17877 20968 24663 28584 32844 37421 42196 47267 52437 57497 62417 67141 71486 75454 79110 82380 85053 87333 89264 90752 92060 93114 93948 94544 95072 95457 95774 96011 96199 96342 96461 96548 96618 96666 96700 96732 96753 96765 96779 96787 96798 96801 96803 96805 96807 96808 96809 96809 96809 96810 96810 96811 
0 0 0 0 1 1 1 1 1 1 1 1 1 1 1 1 2 3 3 3 4 4 4 5 6 6 8 12 13 16 18 25 28 34 37 46 57 72 78 103 124 149 178 218 267 330 393 490 607 731 892 1088 1327 1622 1976 2428 2934 3605 4402 5343 6431 7799 9411 11260 13406 15943 18820 22108 25787 29858 34251 38891 43757 48871 54034 59033 63815 68518 72854 76741 80215 83263 85833 88075 89830 91293 92467 93399 94182 94735 95217 95576 95869 96105 96259 96392 96510 96589 96650 96699 96738 96761 96778 96790 96805 96816 96823 96827 96829 96831 96833 96834 96834 96835 96836 96836 96836 96837 96837 96838 96838 96839 
0 0 0 0 0 0 0 0 0 0 1 1 1 2 4 4 4 5 6 10 11 14 18 21 27 33 43 55 69 82 97 118 151 181 220 271 341 417 514 627 787 961 1185 1442 1766 2149 2609 3181 3855 4719 5699 6887 8369 10109 12092 14409 17074 20093 23522 27479 31714 36292 41170 46223 51269 56418 61458 66130 70612 74774 78459 81678 84451 86812 88784 90463 91868 92907 93799 94521 95047 95474 95795 96067 96279 96433 96539 96624 96699 96743 96789 96819 96843 96863 96880 96888 96896 96905 96913 96915 96918 96922 96923 96926 96930 96931 96932 96932 96932 96932 96932 96932 96932 96932 96932 96933 96934 
0 0 0 0 0 0 0 1 1 1 1 2 4 4 6 7 9 11 15 20 22 30 33 39 45 57 67 80 98 124 146 171 202 238 298 342 434 518 600 718 867 1056 1292 1572 1871 2290 2771 3364 4079 4935 5983 7227 8732 10389 12466 14838 17595 20645 24041 27906 32261 36927 41845 46845 51939 57073 61953 66622 71125 75186 78772 82018 84751 87078 88995 90636 91882 92955 93786 94450 94991 95393 95709 95946 96167 96311 96412 96501 96571 96624 96661 96695 96716 96730 96744 96755 96764 96769 96773 96777 96781 96783 96785 96785 96785 96786 96787 96788 
0 0 0 0 0 0 0 1 1 2 2 2 2 3 6 8 14 14 19 24 28 37 43 54 67 83 98 117 147 180 211 255 316 387 474 578 702 883 1109 1342 1639 1971 2415 2944 3593 4404 5279 6381 7774 9386 11224 13329 15792 18768 22091 25673 29711 34070 38692 43617 48699 53772 58795 63687 68237 72556 76402 79979 83060 85641 87812 89602 91105 92351 93334 94081 94648 95154 95533 95803 96023 96197 96326 96446 96532 96585 96628 96664 96693 96719 96733 96745 96755 96764 96768 96775 96778 96779 96780 96780 96781 96782 96782 96783 96783 96783 96783 96785 96785 96786 
0 0 0 0 0 1 1 1 1 2 2 3 4 5 6 6 7 7 7 10 11 14 15 17 19 22 27 31 39 46 55 68 81 96 112 152 182 216 271 329 412 500 599 738 901 1098 1332 1596 1961 2406 2899 3500 4259 5185 6243 7591 9115 10876 12982 15373 18171 21346 24938 28881 33254 37820 42689 47609 52723 57760 62723 67424 71693 75668 79178 82289 85003 87331 89240 90809 92086 93109 93913 94589 95090 95498 95802 96034 96198 96356 96460 96568 96639 96695 96726 96751 96774 96793 96806 96811 96816 96826 96832 96839 96844 96845 96848 96849 96851 96851 96851 96851 96851 96852 
0 0 0 0 0 0 0 0 0 0 0 0 0 0 0 1 1 3 3 3 3 4 4 6 6 8 9 9 12 15 16 26 33 43 56 73 85 105 135 169 215 280 345 423 519 619 747 915 1120 1428 1733 2103 2561 3119 3827 4635 5670 6914 8354 10068 12076 14423 17062 20099 23670 27502 31762 36431 41168 46174 51367 56358 61339 66155 70651 74723 78393 81693 84483 86866 88789 90474 91768 92890 93728 94432 94959 95366 95672 95928 96114 96252 96382 96470 96555 96611 96660 96686 96712 96725 96737 96756 96769 96775 96779 96785 96789 96791 96791 96791 96792 96794 96794 96794 96794 96794 96794 96794 96794 96794 96794 96794 96794 96795 
0 0 0 0 0 0 0 0 0 0 0 0 1 1 1 1 1 2 4 4 5 5 5 7 10 12 15 19 24 33 39 45 60 80 98 120 143 178 215 254 309 381 481 595 704 879 1082 1283 1552 1926 2314 2851 3451 4201 5106 6199 7451 8912 10740 12868 15301 18136 21305 24837 28814 33134 37715 42597 47610 52743 57697 62572 67364 71742 75757 79359 82479 85223 87477 89428 91013 92287 93241 94120 94709 95172 95556 95823 96077 96253 96412 96484 96581 96643 96712 96749 96768 96792 96808 96819 96830 96837 96844 96851 96853 96856 96858 96858 96859 96860 96862 96863 96865 
0 0 0 0 0 0 0 0 1 1 2 2 2 2 2 2 2 2 3 3 3 4 4 4 5 7 9 13 16 17 19 20 27 30 41 53 69 86 107 126 145 181 221 267 319 378 461 560 689 829 1012 1233 1515 1811 2227 2743 3326 4039 4932 5949 7171 8639 10338 12361 14752 17413 20486 24028 28024 32259 36828 41700 46763 51928 57017 61985 66651 71076 75064 78743 81847 84625 87097 89079 90736 92049 93069 93909 94541 95060 95428 95746 96001 96204 96344 96464 96562 96634 96676 96715 96739 96762 96776 96789 96797 96806 96810 96813 96815 96817 96819 96820 96820 96820 96820 96822 96822 96823 
0 0 0 0 0 0 0 0 0 0 1 1 1 1 1 3 3 4 7 8 8 9 12 16 20 23 29 32 39 47 57 70 84 102 121 146 178 209 252 306 390 477 576 701 851 1017 1252 1516 1840 2251 2730 3243 3941 4786 5728 6921 8306 9949 11920 14235 16849 19928 23420 27199 31286 35817 40546 45570 50652 55693 60679 65409 69900 73966 77734 81070 83948 86449 88506 90244 91618 92776 93620 94327 94858 95341 95684 95937 96161 96330 96460 96548 96602 96648 96687 96720 96750 96780 96798 96807 96819 96825 96825 96830 96832 96834 96835 96835 96835 96835 96836 
0 0 0 0 0 0 1 1 1 1 1 2 2 2 2 5 5 5 5 5 7 8 10 13 14 14 19 24 29 37 42 50 64 81 96 114 143 177 216 267 317 405 501 626 738 899 1091 1304 1589 1971 2430 2950 3567 4266 5158 6214 7590 9061 10912 13058 15524 18347 21498 25147 29152 33523 38203 43083 48063 53355 58477 63336 67945 72245 76150 79751 82924 85499 87693 89530 90970 92157 93168 93946 94612 95112 95476 95799 96044 96198 96357 96455 96543 96600 96652 96685 96714 96737 96762 96773 96782 96786 96793 96797 96800 96805 96807 96810 96811 96811 96812 96812 96812 96812 96813 96814 96815 
0 0 0 0 0 0 0 0 0 0 0 0 0 1 1 1 1 1 1 1 2 2 2 2 2 3 3 3 3 6 10 12 13 15 15 19 23 32 36 38 45 57 72 78 103 129 163 197 240 303 383 465 559 679 826 1032 1277 1545 1902 2289 2810 3408 4109 4966 6013 7248 8773 10492 12598 14937 17708 20851 24448 28224 32459 37111 41932 46953 51995 57051 62022 66743 71063 75159 78861 82001 84741 87185 89126 90745 92040 93090 93904 94511 95012 95398 95704 95932 96110 96266 96383 96460 96525 96580 96620 96657 96682 96704 96717 96733 96742 96748 96753 96755 96759 96761 96763 96764 96767 96770 96771 96772 96773 
0 0 0 0 0 0 0 1 1 1 1 1 1 1 1 2 3 3 3 4 5 6 10 16 19 23 31 36 44 54 63 76 93 114 147 181 231 292 355 440 532 651 808 994 1215 1519 1849 2280 2782 3393 4116 4987 5973 7320 8809 10639 12729 15143 17964 21093 24625 28622 32949 37537 42318 47382 52527 57479 62393 67083 71526 75462 79057 82253 84963 87295 89195 90756 92041 93098 93921 94578 95084 95485 95797 96039 96233 96382 96491 96582 96659 96710 96749 96779 96805 96823 96835 96849 96853 96858 96861 96865 96868 96868 96869 96871 96873 96873 96873 96874 96874 96874 96874 96874 96874 96874 96875 
0 0 0 0 0 0 0 0 0 0 0 1 1 1 1 2 2 3 4 4 6 7 8 9 11 17 20 20 26 31 40 50 60 71 87 113 136 157 197 247 297 359 454 548 649 796 979 1193 1460 1759 2124 2547 3091 3749 4536 5506 6588 7906 9473 11386 13547 16075 19007 22295 26018 30106 34552 39327 44230 49325 54512 59408 64278 68935 73187 77019 80488 83497 86061 88239 90044 91475 92605 93474 94240 94827 95304 95652 95924 96145 96332 96452 96547 96631 96687 96721 96754 96782 96801 96811 96822 96828 96831 96838 96842 96845 96849 96850 96851 96853 96855 96855 96855 96857 
0 0 0 0 0 1 1 1 1 1 1 1 1 1 1 1 1 1 1 2 2 2 2 3 3 6 7 7 7 8 9 10 11 13 15 18 19 21 24 25 30 32 38 46 50 58 75 90 108 131 161 184 221 267 306 389 473 571 698 857 1052 1260 1540 1877 2272 2754 3345 4019 4926 5932 7150 8600 10374 12391 14718 17447 20536 24038 27866 32071 36709 41352 46296 51437 56511 61527 66271 70683 74841 78482 81719 84462 86754 88808 90453 91770 92805 93669 94337 94899 95323 95641 95912 96111 96250 96379 96467 96541 96598 96642 96674 96703 96724 96740 96748 96756 96766 96772 96773 96777 96778 96780 96780 96782 96785 96785 96786 96786 96787 96788 96788 96788 96788 96788 96788 96788 96788 96788 96788 96788 96789 
0 0 0 0 0 0 0 1 1 1 1 2 2 2 3 3 4 4 6 10 11 12 13 16 24 28 36 42 55 65 75 85 119 143 170 208 271 331 417 507 624 752 888 1116 1360 1614 1982 2448 2935 3563 4338 5308 6372 7713 9248 11129 13363 15801 18713 21916 25578 29590 34058 38756 43675 48683 53830 58862 63821 68396 72765 76671 80134 83125 85743 87992 89879 91334 92516 93468 94217 94817 95295 95679 95956 96161 96320 96450 96548 96614 96663 96706 96740 96762 96786 96795 96807 96815 96824 96832 96835 96837 96843 96847 96849 96849 96849 96850 96851 96852 
0 0 0 0 0 0 1 1 1 2 2 3 5 6 6 7 10 12 15 18 26 33 38 49 59 71 87 105 123 154 186 221 266 332 395 474 564 677 832 1003 1269 1562 1914 2329 2835 3406 4152 5030 6092 7433 8925 10728 12863 15312 18160 21346 24989 29038 33398 37975 42799 47771 52864 57950 62946 67712 72019 76072 79662 82750 85341 87536 89339 90953 92173 93209 94047 94728 95199 95582 95871 96102 96259 96391 96497 96568 96619 96663 96696 96720 96749 96764 96775 96784 96790 96796 96799 96804 96806 96807 96807 96809 96810 96810 96811 
0 0 0 0 1 
0 0 0 0 0 0 0 0 0 0 0 0 0 2 2 2 2 3 4 5 7 9 11 13 16 26 28 37 45 50 63 76 92 110 135 171 215 264 320 395 503 622 769 928 1124 1357 1668 2012 2426 2910 3576 4324 5217 6338 7648 9229 11003 13051 15498 18281 21492 25131 29051 33318 37993 42747 47694 52690 57794 62758 67564 71905 75917 79491 82553 85215 87518 89363 90909 92180 93173 93968 94577 95071 95481 95751 95986 96139 96282 96398 96488 96559 96607 96644 96672 96697 96722 96734 96746 96750 96756 96762 96767 96770 96775 96777 96778 96780 96781 96782 96782 96782 96782 96783 96783 96783 96784 
0 0 0 0 0 0 0 0 1 2 3 3 3 6 11 14 16 21 24 32 43 56 61 68 84 108 136 167 208 267 330 387 487 587 726 887 1069 1291 1597 1935 2345 2881 3496 4214 5181 6296 7524 9005 10744 12808 15231 17950 21154 24757 28710 32974 37643 42471 47590 52605 57592 62575 67348 71685 75788 79388 82534 85222 87486 89361 90943 92134 93197 93997 94622 95132 95520 95818 96047 96200 96354 96443 96528 96608 96660 96699 96735 96752 96771 96787 96798 96806 96812 96817 96819 96825 96828 96830 96831 96832 96834 96834 96834 96835 96835 96836 96836 96837 96838 96838 96838 96838 96838 96839 96839 96839 96839 96840 
0 0 0 0 0 0 0 0 1 2 2 4 5 6 6 9 9 9 9 10 14 15 18 24 28 36 44 58 69 98 118 142 174 210 261 330 398 463 576 701 837 1033 1282 1546 1885 2295 2808 3415 4177 5087 6103 7393 8874 10576 12586 14932 17664 20726 24284 28147 32370 36820 41636 46701 51714 56795 61661 66399 70736 74879 78569 81786 84516 86882 88808 90434 91800 92886 93712 94403 94926 95361 95682 95960 96143 96279 96389 96467 96528 96581 96617 96651 96669 96688 96710 96725 96736 96745 96748 96753 96757 96759 96761 96762 96762 96762 96762 96764 
0 0 0 0 0 0 0 0 0 0 0 0 1 1 2 2 3 3 4 6 6 8 8 12 17 22 32 42 50 61 77 103 130 161 203 247 310 375 456 545 654 790 967 1192 1482 1791 2176 2657 3224 3916 4711 5774 6940 8350 10048 11919 14170 16784 19764 23166 26826 30980 35481 40327 45335 50349 55508 60492 65317 69699 73933 77591 80893 83767 86213 88345 90116 91508 92667 93601 94316 94913 95345 95692 95979 96161 96316 96441 96550 96619 96672 96708 96742 96769 96787 96802 96821 96833 96842 96849 96851 96855 96862 96865 96867 96868 96869 96871 96871 96871 96871 96871 96871 96872 
0 0 0 0 0 0 0 0 1 1 1 2 3 4 4 5 6 7 8 12 15 16 18 21 28 30 37 47 60 77 95 121 144 169 201 258 319 380 470 576 706 882 1063 1291 1565 1931 2387 2949 3588 4300 5264 6333 7633 9166 11060 13363 15903 18810 22141 25801 29818 34180 38806 43887 49009 54061 59021 63845 68421 72755 76535 80005 83010 85622 87752 89573 91028 92222 93212 93958 94581 95086 95459 95769 95980 96163 96301 96413 96478 96541 96596 96633 96659 96681 96703 96715 96726 96730 96738 96740 96746 96749 96751 96752 96754 96755 96755 96755 96757 
0 0 0 0 0 0 1 1 1 1 2 2 2 4 4 4 4 5 10 10 10 11 13 15 16 23 27 34 40 46 53 70 91 111 132 156 186 225 267 326 393 477 600 748 908 1108 1371 1666 2033 2477 3036 3687 4519 5481 6629 8049 9628 11538 13785 16256 19238 22633 26350 30505 34954 39624 44516 49535 54558 59662 64493 69072 73271 77094 80519 83542 86048 88174 89924 91347 92544 93495 94196 94780 95232 95593 95873 96110 96294 96444 96532 96607 96652 96692 96724 96755 96783 96798 96806 96822 96825 96830 96833 96837 96839 96840 96841 
0 0 0 0 0 0 0 0 0 0 0 0 0 1 1 1 1 1 2 2 2 3 3 3 3 9 10 12 12 14 19 24 30 36 43 53 71 91 115 134 163 206 250 306 362 421 519 628 778 924 1135 1389 1708 2104 2595 3164 3917 4732 5704 6855 8263 9940 11836 14119 16772 19733 23078 26894 31005 35454 40319 45135 50385 55420 60440 65188 69684 73804 77554 80900 83766 86256 88261 89977 91441 92550 93435 94144 94741 95153 95494 95781 95999 96172 96301 96386 96450 96516 96570 96609 96638 96662 96677 96688 96695 96702 96706 96710 96713 96719 96719 96720 96721 96721 96723 96723 96723 96723 96723 96723 96724 
0 0 0 0 0 0 0 0 0 1 1 1 1 1 3 3 3 5 7 9 9 11 12 17 23 26 32 37 48 55 65 75 91 109 135 162 198 246 291 354 433 528 651 791 975 1189 1473 1797 2153 2617 3162 3835 4676 5661 6820 8182 9804 11691 13908 16437 19426 22819 26467 30551 34997 39714 44646 49888 54887 59746 64649 69158 73418 77273 80666 83516 86086 88187 89883 91358 92562 93521 94247 94830 95290 95658 95883 96092 96235 96349 96434 96509 96575 96622 96661 96693 96711 96730 96745 96762 96773 96777 96780 96783 96786 96787 96788 96791 96792 96793 96794 96795 96795 96795 96795 96795 96795 96795 96795 96795 96795 96796 
0 0 0 0 0 0 1 1 1 1 2 3 4 4 4 7 9 11 14 20 25 28 37 46 61 73 91 117 138 173 222 270 338 406 492 603 745 886 1103 1339 1649 2020 2456 2980 3623 4409 5344 6404 7801 9367 11185 13340 15799 18802 22021 25662 29749 34082 38851 43796 48837 54001 59138 64091 68660 72937 76835 80298 83361 85896 88032 89843 91292 92404 93395 94132 94710 95162 95519 95817 96042 96220 96357 96465 96540 96600 96651 96690 96706 96725 96735 96745 96753 96766 96768 96774 96776 96778 96781 96781 96784 96785 96785 96786 96786 96787 96787 96787 96788 96789 
0 0 0 0 0 0 0 0 1 1 1 2 3 4 4 5 5 7 8 10 13 15 19 24 34 38 49 56 73 85 107 127 148 183 218 267 336 410 524 646 790 942 1152 1418 1743 2150 2570 3148 3826 4620 5587 6772 8184 9808 11703 13861 16503 19439 22847 26501 30668 35064 39841 44741 49841 54963 59910 64802 69382 73579 77393 80773 83706 86216 88252 90045 91525 92678 93595 94351 94900 95362 95706 95992 96213 96392 96524 96624 96699 96757 96794 96827 96857 96874 96894 96905 96912 96926 96932 96936 96941 96944 96947 96950 96953 96955 96955 96955 96955 96955 96955 96955 96956 
0 0 0 0 0 0 0 0 1 2 3 4 4 5 5 6 6 7 8 8 12 15 19 24 26 30 37 53 64 75 85 116 136 171 204 245 311 397 497 591 716 871 1080 1305 1602 1969 2408 2943 3568 4339 5220 6330 7617 9151 11053 13228 15700 18545 21797 25490 29495 33902 38583 43510 48424 53528 58752 63647 68228 72544 76418 79946 82904 85478 87705 89488 91082 92323 93271 94021 94614 95119 95485 95794 96031 96206 96339 96450 96544 96603 96652 96699 96719 96749 96759 96774 96787 96797 96802 96808 96810 96814 96815 96818 96818 96819 96822 96824 96826 96826 96826 96826 96826 96826 96826 96826 96827 
0 0 0 0 0 0 0 0 0 0 2 2 3 4 6 6 7 7 9 11 15 16 21 31 44 52 63 74 92 113 149 183 223 277 353 432 542 664 800 970 1172 1457 1742 2137 2604 3177 3875 4626 5571 6720 8142 9836 11750 14087 16780 19771 23084 26873 31094 35712 40510 45523 50508 55460 60476 65327 69847 73990 77668 81033 83872 86282 88378 90139 91451 92650 93621 94318 94894 95348 95665 95922 96113 96265 96400 96515 96597 96662 96713 96750 96772 96797 96810 96822 96830 96837 96843 96844 96844 96847 96847 96848 96849 96850 
0 0 0 0 0 0 0 1 1 1 2 2 3 3 4 4 5 6 8 9 14 15 23 30 31 39 44 53 61 73 90 111 131 156 192 227 288 346 421 530 635 779 959 1166 1410 1670 2015 2458 3017 3684 4514 5490 6610 8005 9709 11637 13939 16409 19347 22751 26490 30665 35162 39919 44917 50192 55133 60031 64782 69263 73550 77302 80728 83557 86051 88145 89957 91379 92563 93457 94211 94789 95276 95651 95935 96134 96315 96436 96533 96615 96668 96710 96738 96761 96776 96788 96796 96802 96808 96813 96816 96820 96822 96825 96826 96826 96826 96827 96827 96827 96827 96827 96828 
0 0 0 0 0 0 0 0 1 1 1 2 3 3 6 9 11 12 15 22 23 35 45 63 74 98 119 154 187 222 258 313 385 484 599 759 926 1123 1349 1641 2016 2468 3014 3683 4502 5494 6637 8033 9644 11595 13780 16453 19442 22779 26396 30521 35097 39885 44993 50200 55298 60399 65262 69759 74019 77742 81123 84007 86450 88546 90322 91715 92781 93677 94403 94961 95384 95722 96000 96204 96348 96460 96537 96614 96681 96728 96771 96800 96829 96849 96863 96876 96881 96887 96891 96895 96897 96901 96901 96903 96903 96903 96904 96904 96904 96904 96905 
0 0 0 0 0 0 0 1 1 1 2 3 4 4 5 5 5 9 11 13 14 14 15 20 25 37 47 63 80 95 113 138 177 223 272 339 419 510 612 736 900 1137 1370 1676 2034 2477 3030 3700 4494 5461 6624 7951 9537 11462 13708 16291 19206 22496 26266 30418 34875 39644 44503 49612 54745 59717 64518 69104 73396 77190 80498 83525 86069 88234 90009 91476 92610 93565 94324 94902 95337 95672 95887 96117 96291 96423 96514 96590 96655 96700 96733 96756 96774 96784 96797 96815 96818 96826 96831 96833 96836 96839 96840 96842 96844 96847 96848 96849 96849 96850 96851 96852 96854 96855 
0 0 0 0 0 0 0 0 0 0 1 1 2 2 2 5 5 5 5 5 6 8 9 10 10 10 12 14 16 20 23 26 35 39 47 60 71 86 111 132 164 197 258 308 385 484 600 762 924 1127 1391 1712 2111 2539 3065 3733 4587 5541 6728 8116 9756 11709 14003 16588 19566 22927 26736 30819 35348 40017 44990 50133 55210 60232 65107 69654 73897 77561 80834 83755 86246 88329 90011 91426 92576 93500 94237 94822 95261 95598 95873 96076 96214 96339 96435 96513 96569 96608 96648 96684 96704 96726 96734 96745 96751 96753 96760 96762 96763 96764 96764 96765 96767 96769 96769 96770 
0 0 0 0 0 0 0 0 0 0 0 0 0 1 1 1 1 1 2 4 5 6 11 12 17 22 26 33 38 48 53 66 83 106 129 153 178 211 262 316 391 480 605 750 916 1096 1354 1643 2042 2490 3068 3712 4538 5492 6553 7932 9556 11457 13657 16250 19148 22510 26144 30173 34621 39379 44191 49161 54261 59273 64133 68690 73111 76941 80450 83297 85810 87950 89764 91155 92356 93288 94066 94655 95153 95545 95827 96068 96243 96368 96458 96537 96590 96633 96659 96685 96700 96715 96727 96730 96736 96741 96745 96748 96749 96749 96750 96751 
0 0 0 1 1 1 1 2 2 2 3 3 4 5 7 7 8 8 11 12 14 22 23 26 28 33 38 47 62 66 82 104 126 152 190 229 272 338 399 502 618 756 923 1132 1378 1686 2030 2452 2956 3571 4360 5323 6401 7771 9293 11190 13363 15891 18794 22088 25655 29737 34073 38808 43738 48801 53938 59066 63849 68556 72938 76799 80217 83222 85781 87939 89708 91236 92467 93438 94201 94747 95242 95602 95846 96076 96246 96379 96486 96567 96634 96678 96710 96738 96758 96778 96789 96799 96808 96817 96822 96826 96836 96838 96840 96840 96843 96844 96844 96844 96844 96845 96846 96846 96847 
0 0 0 0 0 0 0 0 0 0 0 0 0 0 1 2 2 2 2 3 3 5 6 7 11 15 21 24 31 43 50 60 74 98 112 132 162 199 243 293 365 451 524 650 790 964 1171 1476 1831 2239 2725 3307 4012 4808 5840 7060 8486 10193 12158 14373 16999 19938 23283 27048 31113 35632 40313 45248 50356 55426 60515 65191 69690 73765 77583 80979 83914 86421 88441 90149 91562 92686 93654 94357 94901 95346 95698 95953 96153 96313 96447 96540 96613 96664 96713 96752 96782 96797 96813 96820 96830 96840 96845 96848 96849 96853 96855 96855 96856 96857 96857 96857 96857 96858 96858 96858 96858 96858 96858 96859 
0 0 0 1 1 1 1 1 1 2 3 4 4 5 7 10 11 13 15 16 17 19 21 23 26 30 35 41 46 56 65 79 92 111 137 165 204 255 307 372 457 547 667 771 945 1140 1384 1695 2085 2511 3041 3642 4432 5389 6515 7845 9397 11218 13362 15913 18710 22014 25692 29663 34128 38669 43481 48564 53793 58834 63773 68251 72453 76256 79716 82719 85378 87598 89423 90959 92209 93228 93999 94616 95106 95467 95749 96009 96170 96309 96414 96505 96563 96609 96646 96684 96702 96725 96737 96745 96757 96764 96766 96768 96769 96771 96774 96775 96776 96778 96779 96779 96779 96779 96779 96780 96780 96780 96780 96781 
0 0 0 0 0 0 0 0 1 1 1 2 2 3 4 4 5 9 13 15 19 25 26 37 43 51 72 85 105 127 162 200 245 292 360 433 531 667 813 1018 1242 1521 1884 2304 2767 3355 4132 4995 6078 7326 8822 10615 12657 15211 18003 21255 24796 28743 33114 37666 42536 47501 52629 57666 62596 67214 71583 75603 79127 82195 84863 87213 89153 90660 91993 93038 93846 94522 95036 95427 95734 95952 96138 96272 96389 96471 96548 96594 96641 96680 96698 96715 96727 96738 96747 96753 96754 96756 96763 96765 96767 96771 96772 96772 96773 96773 96774 
0 0 0 0 0 0 1 
0 0 0 0 0 0 0 0 1 1 1 1 1 1 1 1 1 2 2 2 2 3 3 6 7 8 10 10 19 25 33 43 58 70 83 106 115 140 166 214 266 313 365 447 547 676 845 1043 1300 1583 1906 2266 2699 3281 3978 4839 5867 7103 8500 10202 12134 14452 17077 20271 23664 27511 31708 36174 40980 45934 51054 56214 61181 66056 70479 74579 78383 81552 84352 86722 88780 90392 91783 92849 93718 94442 95008 95421 95737 95989 96187 96329 96451 96548 96617 96675 96726 96758 96772 96795 96814 96820 96828 96833 96835 96839 96844 96847 96848 96849 96849 96849 96849 96850 
0 0 0 0 0 0 0 0 0 0 1 1 1 1 2 3 3 4 4 4 4 6 7 9 11 14 15 17 20 26 30 38 43 51 57 75 85 111 135 159 197 242 294 357 427 523 658 809 986 1200 1462 1808 2216 2721 3307 3991 4812 5847 7112 8585 10243 12229 14550 17170 20272 23761 27560 31762 36236 41034 46096 51146 56292 61317 66148 70634 74771 78478 81766 84632 86968 88881 90594 91897 92932 93863 94522 95069 95476 95803 96037 96224 96356 96454 96540 96621 96669 96701 96724 96739 96766 96778 96791 96795 96799 96801 96803 96810 96813 96815 96816 96819 96822 96822 96822 96823 
0 0 0 0 0 0 2 2 2 2 2 3 6 7 8 13 14 18 24 28 30 35 40 51 66 78 102 127 159 201 241 300 366 449 556 701 829 1019 1236 1496 1849 2238 2706 3246 3922 4796 5818 7029 8422 10100 12117 14443 17094 20185 23643 27493 31697 36131 40867 45809 50948 55870 60807 65662 70189 74446 78120 81202 84118 86528 88542 90246 91620 92733 93591 94286 94882 95313 95659 95940 96164 96313 96446 96525 96598 96661 96711 96745 96787 96805 96819 96835 96848 96856 96863 96866 96870 96873 96875 96878 96879 96882 96883 96883 96884 96884 96884 96887 96887 96887 96888 96888 96888 96888 96888 96888 96888 96888 96888 96889 
0 0 0 0 0 0 1 1 2 4 5 8 9 15 17 18 20 27 33 38 44 52 63 73 91 114 134 165 204 254 301 383 458 567 672 858 1068 1269 1544 1894 2309 2798 3387 4095 4957 6013 7198 8689 10462 12496 14867 17566 20670 24124 28083 32401 37025 41829 46824 51928 57048 61997 66688 71118 75146 78687 81909 84595 86979 88923 90581 91869 92872 93688 94348 94890 95320 95636 95896 96086 96224 96350 96439 96530 96586 96624 96656 96676 96694 96706 96719 96726 96728 96734 96738 96741 96744 96745 96746 96749 96749 96750 96750 96750 96751 
0 0 0 0 1 1 1 1 1 2 2 2 2 2 2 2 3 3 4 6 7 8 10 11 12 16 20 25 30 38 52 64 76 89 107 136 163 208 251 301 356 453 544 661 804 1000 1227 1521 1868 2281 2794 3388 4152 5038 6108 7377 8848 10629 12688 15165 17976 21184 24639 28592 32873 37393 42223 47291 52480 57441 62386 67014 71308 75320 78960 82194 84897 87226 89108 90678 91980 93050 93873 94551 95044 95433 95729 95949 96142 96287 96388 96460 96519 96576 96625 96657 96683 96700 96712 96720 96725 96728 96730 96736 96738 96741 96742 96744 96745 96746 96747 96748 96748 96748 96748 96748 96748 96748 96748 96748 96748 96748 96748 96749 
0 0 0 0 0 0 0 1 1 1 1 1 1 1 1 1 1 1 1 3 3 5 8 11 14 17 21 26 30 42 49 59 70 81 101 118 146 183 221 282 348 417 508 627 775 953 1158 1412 1712 2083 2563 3120 3807 4593 5539 6766 8183 9879 11869 14176 16852 19824 23284 26938 31149 35742 40451 45579 50583 55797 60763 65660 70072 74168 77946 81269 84096 86514 88591 90280 91708 92802 93648 94332 94851 95314 95649 95929 96142 96299 96434 96519 96586 96651 96704 96734 96763 96784 96796 96809 96817 96819 96823 96828 96831 96836 96837 96837 96839 96839 96839 96839 96839 96839 96839 96840 96840 96841 
0 0 0 0 0 0 0 0 0 0 0 0 0 1 2 2 4 4 6 9 10 13 15 20 25 33 45 56 67 81 92 121 142 178 207 237 305 377 459 561 683 807 983 1199 1452 1757 2179 2666 3261 3964 4806 5844 7035 8524 10234 12256 14568 17198 20229 23728 27459 31717 36199 40912 45733 50957 55949 60836 65622 70121 74197 77878 81214 84071 86506 88575 90257 91608 92752 93600 94320 94843 95293 95644 95908 96124 96296 96440 96530 96609 96664 96696 96737 96754 96774 96784 96794 96810 96814 96819 96823 96823 96829 96831 96834 96837 96838 96838 96839 96840 96840 96841 96841 96842 
0 0 0 0 0 0 0 0 1 1 2 2 3 3 5 5 6 7 8 9 11 13 15 18 27 33 42 51 60 75 88 111 140 162 193 242 303 381 476 592 736 905 1116 1347 1632 1996 2478 2996 3600 4367 5276 6312 7622 9183 10976 13222 15632 18431 21608 25213 29198 33539 38186 43098 48050 53167 58245 63118 67773 72107 76134 79676 82741 85308 87579 89450 90966 92210 93247 94050 94670 95155 95550 95836 96046 96235 96351 96447 96518 96581 96641 96666 96697 96715 96734 96745 96768 96779 96784 96787 96787 96791 96796 96798 96800 96801 96801 96801 96802 96803 96803 96804 96804 96804 96804 96804 96805 
0 0 0 0 0 0 0 0 0 0 1 1 1 2 2 2 2 3 5 6 7 9 13 22 30 36 41 45 60 76 93 119 140 159 183 234 300 363 439 533 640 769 945 1143 1387 1722 2069 2544 3136 3749 4533 5463 6606 8032 9684 11562 13838 16419 19422 22742 26383 30595 35041 39846 44800 50003 55116 60218 64999 69480 73673 77456 80730 83676 86151 88191 89992 91423 92553 93452 94188 94781 95231 95595 95875 96097 96277 96421 96534 96606 96658 96695 96722 96748 96763 96788 96798 96805 96811 96816 96822 96822 96823 96825 96828 96829 96829 96830 
0 0 0 0 0 0 0 1 1 1 3 3 5 5 6 8 9 12 15 15 19 24 28 37 41 48 58 68 80 99 120 145 180 223 271 349 419 499 611 755 918 1135 1401 1704 2124 2547 3097 3777 4536 5555 6671 8018 9721 11536 13728 16313 19284 22565 26300 30318 34707 39195 44178 49327 54469 59462 64345 69038 73191 77138 80499 83466 86016 88118 89872 91369 92589 93527 94219 94832 95307 95646 95890 96093 96245 96378 96491 96563 96613 96660 96691 96726 96748 96765 96777 96784 96795 96803 96808 96808 96809 96809 96809 96813 96813 96814 96814 96814 96815 
0 0 0 0 0 0 0 0 0 1 
0 0 0 0 1 1 1 1 1 1 1 2 3 4 4 5 6 7 11 16 17 20 27 31 34 45 52 63 72 96 111 145 175 224 267 327 392 478 567 698 841 1050 1272 1569 1939 2337 2895 3535 4275 5211 6237 7493 8992 10769 12885 15281 18008 21145 24773 28670 32954 37531 42425 47468 52568 57639 62563 67312 71703 75709 79319 82390 85020 87338 89205 90764 92063 93101 93846 94493 95021 95411 95724 95963 96152 96301 96398 96491 96571 96625 96666 96706 96727 96745 96761 96770 96781 96789 96792 96798 96799 96799 96801 96803 96804 96805 96806 96806 96807 96808 96809 96809 96809 96809 96810 
0 0 0 0 0 0 0 0 0 0 0 0 1 3 6 6 7 8 9 12 16 21 24 30 37 57 64 78 90 111 140 166 204 264 342 428 503 625 755 929 1136 1376 1713 2082 2555 3091 3741 4521 5549 6695 8111 9703 11681 13909 16508 19402 22688 26432 30623 35119 39943 44780 49870 54998 59998 64850 69440 73559 77385 80735 83658 86231 88334 90052 91493 92628 93531 94246 94844 95287 95681 95947 96151 96303 96438 96530 96597 96652 96699 96739 96761 96784 96794 96807 96816 96821 96828 96833 96836 96840 96840 96841 96844 96845 96845 96845 96845 96846 96846 96846 96846 96846 96847 
0 0 0 0 0 0 0 0 0 0 0 0 1 3 3 3 6 7 8 9 10 12 16 20 26 33 41 48 55 73 86 99 134 169 215 268 323 404 472 574 713 872 1087 1334 1627 1985 2414 2939 3571 4366 5292 6424 7667 9183 10943 13067 15476 18260 21421 25105 29179 33565 38120 43017 48163 53194 58229 63103 67720 72019 75919 79435 82567 85210 87419 89274 90870 92151 93154 93942 94554 95045 95448 95761 95977 96149 96289 96408 96501 96576 96641 96680 96711 96727 96742 96754 96769 96778 96785 96792 96797 96804 96806 96809 96810 96812 96814 96815 96815 96815 96815 96817 
0 0 0 0 0 0 0 0 0 1 1 1 2 3 4 4 5 6 8 10 13 17 22 27 33 41 48 61 75 100 126 157 201 254 310 381 452 552 691 838 1027 1245 1539 1883 2299 2789 3362 4152 5082 6107 7380 8880 10653 12625 15012 17815 20866 24451 28280 32619 37155 41990 46889 52070 57115 62082 66878 71247 75278 78946 82127 84780 87091 89078 90676 91977 93020 93815 94520 95041 95450 95791 96015 96185 96351 96489 96584 96648 96701 96746 96776 96797 96823 96839 96845 96857 96865 96875 96879 96881 96884 96886 96886 96888 96888 96888 96888 96888 96888 96889 
0 0 0 0 0 0 0 0 1 1 1 1 1 1 1 1 1 1 2 4 4 5 7 11 16 25 32 44 55 74 89 119 142 170 216 262 321 403 500 604 726 893 1131 1370 1678 2062 2519 3091 3778 4595 5517 6647 8029 9731 11656 13903 16464 19466 22827 26516 30657 35118 39838 44804 49956 55140 60150 64931 69455 73621 77409 80731 83693 86110 88246 89904 91395 92501 93449 94188 94750 95207 95590 95853 96073 96254 96372 96458 96538 96599 96636 96683 96704 96733 96744 96758 96767 96775 96779 96786 96795 96799 96803 96803 96803 96804 96804 96805 96807 96807 96808 96809 96809 96809 96809 96809 96810 
0 0 0 0 0 0 0 0 0 0 0 1 1 1 1 2 2 4 4 6 6 6 6 11 12 13 16 21 27 31 34 38 57 68 82 98 113 135 166 209 272 329 397 467 575 706 845 1033 1238 1531 1889 2314 2800 3401 4082 4945 5900 7089 8572 10270 12349 14609 17363 20403 23867 27614 31734 36242 41124 46121 51198 56195 61205 65935 70348 74588 78286 81494 84270 86763 88755 90404 91770 92832 93746 94414 94964 95367 95697 95962 96185 96343 96465 96560 96626 96674 96723 96755 96787 96800 96814 96828 96833 96840 96845 96847 96848 96848 96850 96851 96852 96852 96852 96853 96854 
0 0 0 0 0 0 0 0 1 1 1 1 1 1 2 4 5 5 5 6 9 11 12 17 23 25 30 33 47 56 74 87 104 129 159 195 228 271 341 412 494 622 736 900 1115 1370 1672 2059 2477 3020 3669 4477 5442 6548 7908 9522 11385 13583 16032 18975 22123 25812 29769 34174 38788 43697 48721 53780 58762 63548 68263 72515 76388 79845 82880 85480 87737 89518 90996 92223 93204 93949 94543 95067 95466 95725 95950 96119 96244 96353 96440 96508 96570 96607 96630 96650 96664 96679 96693 96700 96707 96711 96715 96719 96722 96723 96723 96724 96725 96725 96726 96727 
0 0 0 0 0 0 0 0 0 0 1 1 1 1 1 1 1 1 1 1 2 2 3 3 4 7 8 8 8 9 12 14 16 16 21 25 30 35 43 50 62 72 90 106 128 155 180 219 267 340 403 488 607 757 930 1150 1415 1736 2105 2606 3200 3897 4728 5748 6911 8283 9951 11882 14161 16801 19860 23304 27176 31351 35800 40548 45517 50682 55758 60680 65513 69994 74119 77913 81210 84115 86565 88644 90373 91766 92854 93739 94473 94987 95431 95738 96038 96233 96375 96492 96588 96653 96702 96746 96772 96798 96819 96839 96847 96856 96862 96868 96870 96871 96873 96874 96876 96877 96877 96877 96877 96878 96878 96878 96878 96878 96879 96879 96880 
0 0 0 0 0 0 0 0 0 0 2 2 2 2 2 3 4 5 6 8 11 12 14 19 23 28 33 38 44 55 65 81 97 117 152 187 236 290 359 442 551 675 836 1028 1262 1550 1887 2302 2829 3435 4158 5065 6153 7437 8947 10799 12848 15313 18159 21402 25006 28979 33292 37949 42727 47850 53065 58253 63116 67880 72120 76123 79733 82741 85353 87588 89450 90967 92231 93220 93999 94617 95109 95492 95782 96028 96195 96343 96435 96517 96583 96623 96661 96687 96726 96738 96754 96769 96775 96783 96785 96788 96788 96788 96789 96789 96789 96790 96790 96792 
0 0 0 0 0 0 1 1 1 2 2 2 2 2 2 3 4 4 5 6 7 7 9 11 13 16 17 22 29 34 43 51 71 93 115 137 161 210 265 326 389 451 560 682 831 1013 1226 1472 1794 2174 2630 3217 3907 4706 5714 6880 8257 9912 11885 14168 16768 19776 23219 26988 31078 35568 40243 45222 50421 55582 60567 65402 69953 74129 77925 81187 84070 86531 88597 90297 91689 92808 93690 94371 94949 95399 95743 96009 96205 96362 96507 96595 96674 96730 96766 96802 96822 96841 96854 96861 96870 96876 96880 96884 96886 96888 96889 96890 96890 96890 96891 
0 0 0 0 0 0 0 0 0 1 1 1 2 2 4 4 6 6 10 11 13 16 17 22 25 32 36 47 59 72 84 110 132 173 197 244 300 374 449 550 698 847 1043 1261 1533 1870 2291 2744 3357 4073 4944 5954 7168 8633 10351 12400 14682 17310 20538 24119 27955 32136 36551 41311 46345 51399 56425 61365 65892 70327 74490 78272 81500 84317 86724 88739 90379 91768 92827 93748 94441 94955 95392 95696 95988 96218 96386 96507 96597 96657 96719 96758 96798 96828 96847 96863 96871 96882 96888 96896 96897 96900 96902 96903 96904 96905 96905 96905 96908 96908 96909 96910 96911 
0 0 0 0 0 0 0 0 1 1 2 2 3 4 5 5 7 8 9 11 18 21 26 28 38 46 58 72 87 105 134 171 205 258 316 393 472 585 701 862 1077 1315 1603 2002 2437 2997 3653 4438 5403 6606 7954 9564 11386 13657 16261 19329 22761 26437 30448 34886 39487 44473 49578 54720 59717 64541 69039 73190 77085 80449 83386 85906 88086 89856 91363 92539 93440 94184 94818 95263 95630 95896 96106 96296 96427 96524 96591 96659 96693 96732 96756 96779 96794 96807 96814 96829 96838 96840 96850 96850 96853 96854 96854 96854 96856 
0 0 0 0 0 0 0 0 0 0 0 0 0 0 0 0 0 1 1 1 2 4 4 5 5 5 7 8 9 10 13 14 18 22 26 33 37 45 53 59 73 88 108 138 167 212 253 308 376 453 563 690 863 1047 1263 1528 1831 2296 2785 3359 4082 4905 5895 7126 8662 10402 12505 14789 17473 20575 24003 27892 32173 36626 41505 46610 51618 56568 61493 66295 70857 74946 78575 81763 84526 86872 88880 90493 91868 92962 93826 94461 94982 95387 95765 96033 96204 96367 96483 96572 96629 96671 96719 96753 96777 96795 96816 96824 96831 96842 96848 96854 96857 96859 96860 96860 96861 96862 96863 96863 96863 96863 96863 96864 96864 96864 96864 96864 96864 96864 96864 96864 96864 96864 96865 
0 0 0 0 0 0 0 0 0 0 0 1 1 1 1 2 3 4 5 6 6 11 12 12 13 13 17 19 24 29 34 42 54 64 78 103 128 151 192 240 300 368 463 549 664 812 995 1243 1530 1846 2250 2713 3287 4011 4871 5878 7146 8614 10336 12378 14795 17545 20560 24027 27876 32166 36703 41522 46507 51553 56698 61791 66508 70975 75092 78761 81935 84633 86941 88934 90606 91959 93031 93867 94505 95007 95420 95782 96025 96224 96393 96507 96584 96651 96711 96769 96797 96828 96841 96857 96869 96873 96878 96886 96888 96890 96894 96897 96898 96900 96901 96902 
0 0 0 0 0 0 0 0 0 0 0 0 0 1 1 2 2 2 4 5 8 10 15 17 22 30 37 43 55 66 83 93 123 152 182 230 283 334 422 521 626 780 961 1160 1405 1738 2099 2525 3056 3713 4491 5492 6622 8000 9628 11534 13843 16386 19280 22567 26298 30400 34837 39563 44668 49787 54710 59659 64545 69060 73225 77047 80456 83428 85951 88120 89900 91413 92609 93560 94264 94887 95382 95709 95945 96143 96317 96475 96565 96635 96696 96747 96788 96812 96828 96837 96849 96859 96870 96875 96878 96879 96881 96882 96883 96883 96884 96886 96887 96887 96887 96889 
0 0 0 0 0 0 0 1 1 1 1 1 1 1 2 2 3 4 4 6 8 8 9 10 14 15 18 21 23 28 35 41 49 58 67 88 109 136 170 216 267 331 414 518 654 806 982 1197 1473 1780 2156 2598 3140 3785 4600 5623 6736 8035 9640 11546 13798 16486 19313 22810 26526 30639 35129 39993 44944 49983 55099 60054 64911 69504 73691 77547 80947 83826 86343 88374 90137 91573 92750 93657 94403 94926 95363 95670 95952 96152 96314 96433 96527 96601 96644 96692 96733 96763 96784 96806 96818 96832 96844 96850 96857 96860 96862 96863 96865 96867 96868 
0 0 0 0 0 0 0 0 0 0 0 1 1 1 2 2 3 3 4 4 6 7 8 10 14 15 16 20 25 27 33 44 50 68 86 100 123 147 180 221 274 323 393 499 616 749 908 1112 1380 1689 2075 2487 3019 3694 4458 5377 6517 7864 9417 11351 13533 16084 19005 22312 26067 30142 34669 39418 44421 49506 54550 59586 64489 69073 73344 77081 80504 83501 86042 88169 89978 91448 92597 93495 94200 94791 95238 95602 95876 96097 96277 96407 96511 96581 96625 96678 96719 96748 96768 96793 96815 96826 96831 96834 96838 96846 96848 96851 96851 96852 96854 
0 0 0 0 0 0 0 1 
0 0 0 0 0 0 0 0 0 0 1 1 1 1 1 2 2 3 3 4 6 8 9 11 13 14 16 23 27 34 42 53 65 81 97 124 159 202 241 298 363 444 545 673 795 986 1226 1506 1849 2240 2703 3269 3984 4805 5904 7153 8573 10292 12214 14503 17145 20233 23620 27464 31585 36085 40917 45844 50871 55879 60975 65766 70246 74382 77984 81260 84111 86603 88621 90357 91725 92813 93729 94422 94938 95382 95733 95991 96205 96359 96496 96576 96636 96691 96752 96778 96815 96830 96842 96854 96866 96877 96880 96885 96889 96889 96892 96896 96897 96897 96898 96900 96900 96902 
0 0 0 0 0 0 0 0 1 2 2 2 2 2 3 4 4 4 6 6 6 10 14 18 21 26 31 35 43 53 67 84 99 114 144 171 205 244 299 361 446 540 662 806 982 1208 1465 1814 2219 2666 3253 3978 4792 5770 6976 8411 10004 11997 14389 16895 19940 23320 27064 31205 35731 40581 45491 50595 55624 60670 65446 69998 74222 77857 81142 84011 86480 88569 90305 91652 92731 93609 94297 94900 95324 95675 95951 96150 96309 96437 96545 96608 96661 96706 96740 96778 96803 96820 96835 96839 96846 96851 96855 96857 96861 96863 96863 96865 96865 96867 96868 
0 0 0 0 0 0 0 1 2 3 3 3 3 3 6 10 11 12 15 21 31 37 44 56 68 88 105 130 158 183 231 284 347 427 520 628 785 945 1143 1379 1659 2025 2494 2989 3689 4465 5408 6512 7908 9507 11357 13560 16061 19016 22396 26027 30053 34393 39089 43918 48958 54036 59183 64075 68697 72929 76757 80208 83180 85710 87857 89606 91085 92278 93222 94002 94615 95109 95476 95781 96014 96203 96318 96400 96488 96549 96599 96642 96670 96691 96709 96729 96738 96745 96751 96758 96759 96761 96762 96762 96762 96763 96763 96764 
0 0 0 0 0 0 0 0 0 0 0 0 1 1 2 4 6 6 7 11 12 14 15 21 26 27 33 44 49 56 67 86 106 133 173 206 253 300 378 461 561 689 841 1036 1237 1496 1833 2247 2757 3381 4108 4963 5971 7168 8670 10444 12515 14864 17636 20798 24420 28299 32572 37082 41928 46926 52043 57211 62063 66798 71238 75207 78824 81947 84547 86966 88846 90508 91843 92931 93778 94449 94970 95346 95656 95928 96134 96289 96406 96501 96572 96619 96658 96699 96725 96746 96762 96771 96781 96789 96792 96796 96800 96804 96806 96806 96807 96808 96808 96808 96808 96808 96808 96808 96808 96808 96808 96808 96809 96809 96810 
0 0 0 0 0 0 0 0 0 0 1 2 2 2 3 4 5 6 7 10 13 14 17 21 26 36 41 46 58 76 87 113 136 170 210 267 335 409 496 616 757 904 1104 1353 1643 2007 2460 3028 3725 4498 5489 6573 7978 9549 11498 13751 16289 19194 22518 26213 30340 34892 39711 44551 49608 54628 59691 64459 69054 73267 77068 80444 83446 85992 88152 89974 91458 92573 93494 94196 94773 95232 95590 95889 96115 96285 96402 96510 96569 96628 96675 96707 96731 96759 96774 96790 96801 96810 96811 96813 96817 96817 96820 96822 96823 96825 96827 
0 0 0 0 0 0 0 0 0 1 1 1 1 1 2 3 3 3 4 5 7 9 12 14 17 17 25 33 41 52 61 81 103 123 147 181 224 265 324 381 476 599 732 907 1100 1352 1661 1991 2433 3013 3700 4456 5410 6513 7884 9557 11438 13722 16247 19219 22540 26182 30375 34896 39655 44392 49495 54670 59751 64525 69098 73364 77132 80449 83497 86030 88240 89978 91314 92505 93433 94169 94770 95208 95553 95850 96098 96271 96398 96506 96591 96664 96694 96717 96742 96769 96795 96806 96815 96821 96827 96832 96833 96837 96843 96845 96848 96848 96853 96853 96853 96855 96855 96855 96856 96856 96856 96856 96856 96857 
0 0 0 0 0 0 0 0 0 0 0 1 1 1 1 3 4 4 6 9 11 16 23 25 28 37 48 63 76 93 110 128 162 201 240 283 339 418 504 609 736 913 1105 1349 1618 1989 2437 2954 3562 4361 5282 6374 7713 9255 11094 13170 15654 18468 21757 25325 29428 33852 38522 43559 48769 53939 58956 63806 68397 72791 76605 80059 83165 85729 87904 89752 91223 92362 93380 94164 94782 95210 95579 95862 96103 96278 96398 96500 96565 96629 96684 96722 96761 96786 96806 96819 96826 96830 96835 96836 96839 96839 96842 96843 96843 96844 96844 96844 96845 96845 96845 96846 
0 0 0 0 0 0 0 0 0 0 0 0 0 0 0 1 1 1 2 2 2 3 4 4 4 4 8 9 10 15 15 22 25 28 35 44 54 63 81 96 119 146 178 212 258 319 385 473 571 708 852 1044 1329 1599 1947 2387 2947 3557 4345 5281 6377 7723 9322 11255 13381 15859 18723 22136 25814 29981 34331 39130 43980 49105 54225 59404 64233 68816 73001 76910 80289 83212 85721 87846 89694 91217 92445 93418 94183 94804 95257 95618 95884 96109 96273 96408 96527 96612 96662 96713 96746 96774 96794 96810 96824 96834 96841 96847 96850 96855 96857 96860 96863 96864 96865 96865 96865 96865 96866 96867 96867 96867 96867 96867 96868 
0 0 0 0 0 0 0 1 3 3 3 3 4 4 4 4 4 4 5 5 5 5 7 8 10 11 14 18 21 24 29 39 51 57 63 77 105 127 160 193 226 278 351 433 531 647 806 979 1184 1481 1781 2134 2568 3096 3803 4690 5616 6804 8174 9733 11599 13834 16392 19308 22527 26204 30208 34655 39406 44300 49309 54399 59486 64327 68891 73068 76880 80267 83277 85945 88106 89891 91348 92542 93446 94204 94765 95210 95540 95828 96035 96209 96341 96430 96505 96563 96623 96655 96687 96711 96738 96750 96763 96770 96778 96780 96785 96785 96793 96793 96794 96794 96795 
0 0 0 0 0 0 0 1 1 1 1 1 2 2 3 3 4 4 7 8 13 15 17 20 23 26 31 35 39 49 65 81 98 110 141 186 232 272 328 404 512 627 752 910 1119 1333 1623 1966 2412 2961 3543 4329 5265 6321 7631 9157 11036 13181 15669 18527 21811 25469 29469 33745 38472 43398 48471 53493 58537 63395 68041 72417 76342 79868 82988 85679 87806 89639 91166 92307 93326 94100 94702 95198 95583 95877 96108 96246 96387 96502 96593 96655 96703 96747 96776 96802 96815 96827 96843 96856 96858 96865 96868 96874 96877 96879 96880 96880 96881 96881 96882 96882 96885 
0 0 0 0 0 0 0 0 0 1 1 1 1 1 1 1 1 2 2 2 4 5 5 6 8 9 11 12 15 16 19 27 33 39 42 48 61 68 88 111 132 149 187 238 288 344 430 513 626 761 930 1136 1397 1718 2096 2526 3105 3765 4534 5503 6649 7955 9590 11506 13702 16188 19152 22458 26074 30077 34427 39046 43937 49070 54180 59213 64043 68583 72856 76753 80210 83174 85687 87840 89611 91104 92291 93276 94032 94636 95112 95459 95758 96022 96182 96330 96415 96505 96572 96626 96661 96687 96712 96726 96732 96738 96747 96750 96755 96758 96759 96759 96760 96762 96762 96762 96764 96765 96766 
0 0 0 0 0 1 1 1 1 1 2 2 2 2 2 2 2 2 2 2 2 2 3 3 3 4 6 6 6 6 6 7 9 12 15 17 22 31 36 45 55 67 80 96 121 146 181 219 271 338 406 495 613 759 915 1110 1347 1668 2030 2446 3015 3645 4440 5370 6493 7842 9426 11275 13440 15958 18883 22087 25692 29641 33964 38646 43641 48700 53807 58820 63646 68226 72516 76455 79921 82963 85615 87776 89580 91081 92219 93180 93980 94589 95084 95448 95742 95946 96123 96249 96362 96449 96508 96562 96597 96625 96646 96659 96671 96680 96688 96694 96699 96703 96708 96709 96711 96711 96711 96711 96712 96713 96714 96714 96714 96714 96715 96716 
