99999 99999 99999 99999 99999 99999 
99999 99999 99999 99999 99999 99999 99998 99998 99997 99997 99997 99997 99994 99994 99994 99994 99992 99990 99985 99980 99975 99969 99960 99954 99943 99932 99910 99888 99853 99816 99766 99698 99624 99543 99423 99306 99148 98986 98760 98506 98178 97782 97326 96778 96068 95250 94189 92974 91507 89824 87761 85266 82437 79114 75440 71314 66849 61999 56560 50998 45367 39697 34292 29291 24751 20698 17252 14342 11947 10042 8428 7199 6279 5557 4993 4578 4250 4012 3821 3642 3521 3440 3368 3301 3261 3229 3212 3193 3182 3176 3163 3160 3153 3151 3147 3144 3144 3140 3139 3139 3139 3138 3138 3137 3137 3137 3137 3137 3137 3137 3137 3137 3137 3137 3137 
99999 99999 99999 99999 99999 99998 99997 99997 99997 99995 99993 99990 99990 99984 99983 99976 99973 99967 99962 99957 99945 99931 99917 99902 99880 99853 99815 99784 99744 99686 99624 99537 99457 99343 99224 99044 98825 98568 98267 97874 97416 96880 96171 95279 94290 93126 91668 89902 87853 85414 82664 79418 75686 71519 66840 61835 56520 50946 45337 39772 34465 29419 24961 20824 17473 14541 12211 10233 8668 7455 6546 5796 5259 4814 4481 4201 4008 3851 3738 3643 3582 3515 3472 3432 3401 3377 3359 3348 3338 3332 3323 3321 3318 3313 3309 3308 3308 3307 3307 3307 3307 3307 3307 3307 3307 3305 3305 3305 3305 3305 3304 3304 3304 3304 3304 3304 3304 3304 3304 3304 3304 3304 
99999 99999 99999 99999 99999 99999 99999 99999 99999 99998 99998 99998 99998 99996 99994 99994 99994 99993 99992 99989 99987 99984 99979 99969 99967 99959 99947 99940 99924 99907 99878 99845 99811 99767 99726 99666 99585 99491 99372 99252 99102 98894 98650 98339 98002 97536 97021 96352 95530 94565 93417 92081 90439 88400 86109 83438 80305 76617 72486 67969 63088 57741 52183 46468 40757 35356 30235 25638 21560 17983 14965 12514 10492 8918 7627 6637 5857 5278 4829 4447 4183 3974 3834 3709 3606 3541 3480 3433 3399 3375 3363 3354 3340 3327 3316 3308 3305 3301 3301 3299 3298 3297 3297 3297 3297 3296 3296 3296 3296 3296 3296 3296 3296 3296 3296 
99999 99999 99998 99997 99996 99996 99995 99992 99991 99990 99983 99977 99970 99966 99951 99939 99928 99920 99903 99879 99859 99816 99775 99726 99660 99561 99426 99299 99155 98969 98758 98480 98163 97744 97278 96654 95906 95020 94040 92757 91232 89441 87300 84738 81762 78457 74632 70540 65855 60741 55479 49995 44421 38763 33384 28395 23984 20078 16756 13944 11671 9832 8383 7238 6334 5619 5058 4629 4282 4024 3817 3666 3562 3480 3410 3361 3322 3291 3267 3248 3232 3225 3217 3207 3204 3200 3199 3198 3197 3197 3197 3197 3197 3196 3196 3196 3196 3196 3196 3196 
99999 99999 99998 99997 99994 99994 99993 99992 99992 99991 99988 99987 99984 99979 99974 99970 99969 99964 99953 99946 99930 99918 99905 99887 99859 99825 99789 99732 99681 99612 99517 99398 99269 99111 98920 98693 98410 98058 97617 97078 96418 95623 94724 93581 92260 90727 88824 86615 84024 81014 77482 73569 69115 64258 59230 53842 48118 42596 37046 31889 27170 22829 19019 15855 13170 10936 9276 7896 6822 5995 5344 4802 4409 4076 3851 3682 3556 3457 3379 3320 3266 3229 3202 3182 3157 3139 3131 3122 3114 3109 3105 3102 3098 3097 3095 3094 3092 3092 3092 3092 3091 3091 3091 3091 3091 3091 3091 3091 3091 3091 3091 3091 3091 3091 
99999 99999 99999 99999 99999 99997 99996 99996 99993 99992 99990 99988 99983 99981 99978 99973 99958 99949 99937 99922 99906 99889 99848 99814 99775 99719 99650 99567 99468 99350 99176 98985 98747 98443 98088 97681 97137 96426 95661 94787 93665 92313 90700 88806 86608 84088 81047 77627 73569 69100 64279 59079 53623 48101 42507 37026 31848 27167 22790 18961 15737 13131 11014 9280 7903 6807 5989 5323 4808 4395 4111 3888 3688 3550 3433 3351 3293 3250 3205 3172 3149 3133 3123 3111 3107 3096 3086 3084 3079 3076 3076 3075 3075 3073 3073 3073 3073 3073 3073 3073 3073 3073 3073 3073 3073 3073 
99999 99999 99999 99999 99998 99997 99997 99997 99996 99995 99991 99990 99988 99988 99985 99981 99979 99974 99970 99967 99960 99956 99948 99936 99924 99908 99888 99858 99830 99799 99757 99703 99621 99532 99429 99318 99171 98999 98768 98458 98101 97678 97166 96540 95772 94818 93673 92292 90675 88761 86431 83846 80811 77289 73290 68931 63974 58685 53167 47531 41868 36272 31150 26446 22227 18599 15508 12871 10884 9166 7852 6819 6032 5367 4832 4434 4112 3897 3738 3613 3505 3408 3348 3303 3260 3236 3212 3196 3183 3174 3169 3158 3152 3152 3150 3145 3143 3141 3140 3139 3139 3138 3138 3138 3138 3137 3137 3137 3137 3137 3137 3137 3137 3137 
99999 99999 99999 99997 99996 99996 99995 99995 99993 99990 99988 99985 99981 99975 99966 99962 99952 99942 99929 99918 99902 99868 99836 99783 99737 99673 99600 99495 99405 99281 99114 98910 98655 98351 97973 97510 96973 96339 95541 94536 93412 92083 90437 88454 86175 83506 80486 76951 72862 68305 63462 58073 52607 46881 41228 35848 30845 26118 21823 18228 15189 12679 10615 8961 7640 6667 5859 5255 4801 4431 4163 3951 3797 3670 3578 3509 3442 3415 3378 3350 3322 3307 3292 3281 3280 3274 3269 3266 3263 3261 3259 3259 3259 3259 3259 3259 3259 3259 3258 3258 3258 3258 3258 3258 3258 3258 3258 3258 3258 
99999 99999 99999 99999 99998 99992 99991 99988 99982 99978 99968 99961 99951 99933 99911 99884 99862 99827 99778 99741 99685 99626 99528 99425 99303 99157 98998 98778 98506 98195 97792 97269 96690 96001 95169 94107 92847 91312 89538 87388 84975 82091 78767 74966 70762 66041 60882 55329 49571 43855 38279 32952 28117 23590 19776 16567 13724 11412 9630 8220 7089 6186 5481 4960 4501 4175 3947 3757 3606 3494 3403 3340 3281 3251 3218 3197 3185 3167 3158 3153 3145 3142 3140 3136 3133 3132 3131 3131 3129 3128 3128 3128 3128 3128 3128 3128 3128 3128 3128 3128 3128 3128 3128 
99999 99999 99999 99999 99999 99999 99999 99999 99997 99996 99996 99996 99994 99993 99990 99989 99988 99984 99980 99976 99970 99967 99961 99954 99940 99925 99914 99896 99877 99842 99810 99762 99723 99670 99590 99493 99376 99248 99078 98871 98615 98321 97972 97503 96997 96388 95604 94667 93445 92113 90383 88372 86032 83436 80335 76775 72688 68102 63228 57893 52312 46693 41165 35570 30555 25934 21679 18166 15130 12653 10645 8940 7659 6645 5845 5247 4755 4385 4106 3890 3727 3612 3500 3419 3363 3309 3270 3247 3224 3208 3202 3184 3177 3169 3166 3161 3158 3158 3157 3155 3154 3154 3154 3154 3154 3154 3154 3154 3154 3154 3154 
99999 99999 99999 99999 99998 99998 99998 99998 99997 99997 99997 99996 99996 99996 99996 99994 99993 99993 99993 99993 99993 99992 99989 99983 99979 99976 99966 99958 99951 99935 99915 99897 99876 99848 99814 99770 99719 99656 99583 99482 99375 99239 99052 98810 98545 98199 97842 97361 96773 96087 95212 94202 92975 91460 89708 87613 85241 82346 79032 75370 71135 66440 61314 55859 50312 44660 39079 33670 28764 24402 20477 17030 14180 11831 9967 8492 7296 6430 5708 5155 4699 4361 4094 3874 3732 3613 3514 3449 3399 3362 3332 3302 3285 3275 3262 3257 3246 3242 3240 3239 3239 3237 3235 3235 3235 3235 3235 3235 3235 3235 3235 3235 3235 
99999 99999 99999 99999 99999 99999 99999 99997 99997 99995 99995 99994 99993 99992 99990 99987 99986 99984 99982 99979 99971 99966 99953 99943 99933 99914 99897 99877 99848 99811 99761 99704 99634 99557 99483 99358 99210 99035 98822 98562 98259 97887 97390 96767 96072 95199 94149 92976 91552 89881 87852 85412 82661 79449 75831 71655 67027 61872 56476 50947 45280 39669 34322 29277 24723 20695 17366 14437 12098 10201 8680 7488 6498 5750 5194 4752 4409 4126 3917 3775 3662 3563 3482 3420 3378 3342 3309 3293 3279 3267 3257 3249 3246 3243 3238 3235 3233 3232 3231 3229 3229 3228 3228 3228 3227 3227 3227 3227 3226 3226 3226 3226 3226 3226 3226 3226 
99999 99999 99999 99999 99999 99999 99998 99998 99997 99996 99996 99996 99996 99996 99996 99995 99994 99994 99992 99992 99992 99991 99991 99991 99989 99989 99986 99982 99982 99979 99979 99979 99973 99968 99963 99953 99947 99937 99923 99909 99891 99855 99819 99777 99741 99675 99606 99525 99422 99289 99141 98916 98705 98438 98135 97681 97145 96539 95793 94904 93873 92645 91193 89340 87241 84738 81867 78519 74769 70540 65757 60573 55281 49641 44035 38521 33232 28298 23784 19934 16643 13826 11567 9726 8327 7183 6281 5581 5078 4678 4368 4104 3911 3780 3656 3574 3513 3468 3434 3418 3396 3377 3364 3349 3333 3322 3318 3312 3310 3308 3305 3304 3304 3304 3303 3302 3302 3302 3302 3302 3302 3302 3302 3302 3302 
99999 99999 99999 99999 99999 99999 99998 99998 99998 99995 99992 99991 99991 99990 99985 99978 99971 99956 99949 99940 99921 99908 99883 99852 99823 99774 99713 99644 99572 99473 99342 99219 99036 98822 98532 98174 97799 97263 96639 95908 95046 94017 92726 91271 89460 87341 84847 81969 78628 74774 70409 65612 60626 55160 49663 43990 38398 33084 28181 23753 19878 16588 13814 11543 9675 8213 7098 6210 5462 4946 4534 4222 3996 3788 3630 3520 3445 3370 3330 3297 3261 3242 3221 3206 3200 3193 3186 3179 3176 3172 3168 3167 3167 3163 3162 3160 3160 3159 3159 3159 3159 3159 3159 3159 3159 3159 3159 3159 3159 
99999 99999 99999 99999 99998 99998 99996 99996 99996 99996 99996 99995 99995 99994 99993 99993 99993 99992 99991 99989 99985 99982 99979 99975 99966 99964 99959 99950 99938 99921 99907 99897 99875 99859 99832 99796 99752 99688 99630 99546 99429 99320 99165 98986 98793 98532 98194 97798 97317 96688 96041 95191 94157 92937 91522 89792 87689 85163 82246 79046 75425 71271 66657 61613 56242 50731 45111 39477 34182 29245 24776 20761 17217 14393 11988 10151 8559 7357 6412 5723 5182 4728 4392 4131 3913 3760 3639 3550 3471 3415 3377 3352 3326 3311 3296 3283 3274 3264 3262 3255 3253 3251 3251 3251 3251 3250 3250 3250 3250 3250 3250 3250 3250 3250 3250 3250 3250 
99999 99999 99999 99998 99998 99998 99998 99998 99998 99998 99995 99994 99993 99991 99991 99990 99987 99984 99978 99973 99964 99956 99944 99926 99913 99877 99856 99808 99759 99718 99657 99580 99477 99360 99240 99052 98830 98564 98275 97907 97440 96885 96251 95512 94567 93337 91973 90376 88472 86188 83482 80502 77090 73071 68576 63797 58545 53160 47539 41994 36505 31377 26672 22422 18689 15498 12929 10859 9197 7851 6817 5986 5332 4839 4506 4223 3968 3807 3684 3564 3484 3416 3365 3330 3301 3275 3259 3252 3238 3232 3226 3220 3217 3214 3214 3213 3212 3212 3212 3212 3212 3211 3211 3211 3211 3211 3211 3211 3211 3211 3211 3211 3211 
99999 99999 99999 99999 99999 99999 99999 99997 99997 99997 99994 99992 99992 99992 99989 99987 99985 99983 99980 99970 99962 99957 99951 99941 99925 99905 99884 99865 99844 99803 99768 99698 99635 99556 99448 99336 99188 99029 98788 98531 98218 97803 97353 96788 96101 95261 94271 93022 91546 89840 87745 85353 82514 79280 75604 71468 66717 61748 56353 50809 45060 39378 33923 28947 24285 20362 16870 14084 11802 9845 8340 7197 6316 5584 5044 4596 4236 3979 3776 3650 3533 3437 3380 3336 3294 3274 3247 3232 3209 3198 3190 3183 3178 3174 3171 3169 3169 3167 3167 3167 3165 3165 3165 3165 3165 3165 3165 3165 3165 
99999 99999 99999 99999 99999 99997 99995 99995 99994 99991 99988 99979 99974 99964 99954 99944 99939 99921 99903 99879 99845 99800 99751 99703 99654 99578 99474 99360 99222 99051 98840 98583 98273 97920 97448 96818 96162 95311 94329 93197 91772 90114 88148 85762 82929 79782 76033 71873 67425 62485 57166 51690 46045 40370 34841 29820 25256 21182 17653 14642 12229 10228 8637 7384 6411 5683 5136 4702 4353 4087 3867 3711 3598 3497 3428 3364 3330 3298 3278 3265 3248 3243 3236 3226 3221 3217 3212 3209 3205 3203 3201 3200 3200 3198 3197 3197 3197 3197 3197 3197 3197 3197 3196 3196 3196 3196 3196 3196 3196 3196 3196 3196 3196 
99999 99999 99999 99999 99999 99998 99998 99996 99996 99996 99994 99993 99989 99987 99981 99972 99967 99963 99952 99942 99929 99914 99895 99875 99841 99803 99757 99691 99628 99548 99451 99345 99209 99039 98824 98557 98263 97883 97426 96837 96142 95346 94326 93162 91779 90019 88017 85688 83002 79769 76062 72056 67548 62571 57335 51725 46139 40459 35064 30059 25492 21301 17795 14854 12488 10477 8943 7670 6682 5859 5249 4792 4407 4134 3917 3738 3617 3527 3439 3373 3335 3299 3270 3244 3228 3209 3203 3196 3195 3191 3187 3183 3182 3182 3182 3179 3179 3179 3179 3179 3179 3179 3179 3179 3179 3179 3179 3179 3179 3179 
99999 99999 99999 99999 99999 99999 99999 99998 99998 99998 99998 99996 99995 99995 99995 99995 99995 99994 99994 99993 99993 99991 99991 99989 99988 99988 99985 99982 99978 99974 99970 99961 99951 99937 99920 99900 99887 99859 99833 99791 99751 99693 99625 99541 99427 99305 99170 98982 98754 98466 98151 97770 97302 96679 95975 95114 94054 92783 91347 89568 87432 84868 82021 78690 74930 70708 65999 60912 55434 49805 44180 38684 33357 28471 24076 20124 16803 13972 11710 9931 8412 7263 6350 5675 5134 4692 4373 4095 3904 3746 3637 3539 3480 3419 3370 3332 3309 3296 3277 3256 3252 3246 3239 3235 3232 3230 3229 3227 3227 3226 3225 3225 3225 3225 3225 3225 3225 3225 3225 3225 3225 3225 
99999 99999 99999 99999 99999 99999 99999 99999 99999 99998 99997 99997 99997 99996 99996 99996 99995 99995 99995 99995 99995 99995 99995 99992 99991 99990 99983 99980 99974 99974 99968 99956 99947 99929 99909 99887 99867 99840 99794 99749 99680 99589 99502 99388 99257 99111 98891 98623 98322 97928 97430 96885 96189 95440 94491 93302 91847 90213 88196 85815 83078 79883 76179 72061 67357 62474 57217 51597 45897 40326 34938 29839 25171 21169 17701 14824 12368 10324 8714 7434 6459 5676 5092 4638 4277 4001 3786 3630 3535 3433 3360 3301 3257 3224 3199 3175 3157 3149 3140 3132 3127 3123 3117 3115 3114 3111 3109 3108 3107 3107 3107 3107 3107 3107 3107 3107 3107 3107 3107 3107 3107 3107 
99999 99999 99999 99999 99999 99999 99999 99999 99997 99997 99997 99996 99996 99996 99994 99992 99989 99989 99989 99987 99984 99983 99979 99969 99959 99952 99945 99934 99920 99895 99878 99851 99806 99756 99699 99634 99557 99453 99349 99224 99038 98843 98585 98258 97913 97444 96914 96220 95423 94393 93168 91701 89906 87877 85478 82704 79520 75852 71546 66943 61835 56385 50830 45233 39621 34272 29343 24800 20811 17387 14469 12005 10073 8523 7348 6384 5635 5044 4599 4225 3967 3755 3582 3464 3375 3307 3246 3205 3168 3141 3122 3103 3093 3089 3082 3074 3069 3065 3062 3060 3060 3059 3059 3059 3059 3059 3058 3058 3058 3058 3058 3058 3058 3058 3058 3058 
99999 99999 99999 99999 99999 99999 99998 99997 99997 99997 99997 99997 99997 99996 99993 99991 99989 99988 99986 99982 99979 99974 99968 99964 99955 99943 99927 99911 99888 99856 99831 99796 99744 99690 99629 99532 99401 99267 99113 98900 98658 98342 97968 97522 96962 96279 95438 94454 93256 91847 90137 88048 85663 82902 79760 76191 71998 67352 62299 57081 51619 45894 40347 34914 29903 25295 21189 17721 14852 12357 10362 8759 7494 6563 5783 5204 4726 4340 4071 3867 3701 3581 3470 3401 3346 3298 3249 3223 3201 3192 3184 3173 3168 3160 3156 3154 3151 3149 3146 3142 3141 3140 3139 3139 3139 3138 3138 3138 3138 3138 3138 3138 3138 
99999 99999 99999 99999 99998 99998 99997 99997 99997 99996 99996 99994 99992 99991 99989 99989 99986 99983 99976 99967 99959 99953 99942 99935 99924 99911 99885 99857 99824 99781 99735 99686 99624 99531 99420 99300 99134 98938 98706 98419 98062 97618 97109 96427 95629 94641 93548 92170 90577 88556 86163 83549 80497 76954 72969 68452 63690 58361 52948 47349 41688 36183 30967 26104 21917 18301 15247 12649 10534 8929 7644 6675 5862 5216 4717 4332 4066 3838 3670 3544 3449 3351 3288 3245 3214 3190 3170 3158 3143 3129 3121 3119 3116 3113 3110 3108 3106 3106 3105 3105 3104 3103 3101 3101 3100 3099 3099 3099 3099 3099 3099 3098 3098 3098 3098 3098 3098 3098 3098 3098 3098 3098 3098 3098 3098 
99999 99999 99999 99998 99998 99997 99996 99995 99994 99994 99994 99991 99990 99989 99989 99989 99987 99981 99975 99969 99966 99961 99951 99940 99929 99918 99893 99883 99852 99806 99745 99692 99631 99556 99460 99349 99180 98989 98747 98484 98136 97704 97150 96538 95751 94845 93796 92493 90911 89021 86758 84143 81095 77810 73763 69429 64716 59574 54129 48459 42831 37261 32012 27212 22906 19171 16039 13381 11203 9460 8097 6979 6155 5478 4956 4551 4240 3998 3812 3678 3563 3482 3416 3363 3320 3293 3273 3255 3246 3236 3226 3219 3215 3211 3209 3209 3205 3203 3201 3200 3198 3196 3194 3194 3194 3193 3192 3192 3192 3191 3191 3191 3191 3191 3191 3191 3191 3191 
99999 99999 99999 99999 99999 99999 99999 99999 99997 99997 99997 99995 99993 99991 99990 99988 99983 99980 99976 99970 99967 99962 99955 99940 99924 99906 99888 99866 99842 99809 99770 99701 99622 99566 99449 99314 99182 98999 98786 98523 98117 97723 97213 96661 95958 95050 93944 92654 91145 89381 87191 84667 81665 78276 74528 70234 65455 60312 54886 49162 43515 37867 32615 27824 23304 19447 16150 13479 11186 9425 8031 6894 6060 5432 4890 4494 4190 3963 3759 3612 3492 3402 3325 3272 3226 3200 3173 3157 3146 3133 3125 3115 3112 3110 3104 3104 3102 3101 3100 3099 3099 3098 3097 3097 3097 3097 3097 3097 3097 3097 3097 3097 
99999 99999 99999 99999 99999 99999 99999 99997 99995 99995 99995 99995 99994 99991 99988 99987 99985 99984 99978 99974 99973 99967 99956 99952 99937 99927 99912 99898 99877 99857 99826 99792 99760 99711 99663 99579 99478 99346 99222 99071 98903 98651 98367 98075 97682 97161 96551 95812 94930 93868 92584 91008 89210 87013 84462 81613 78191 74405 70023 65394 60264 54951 49290 43690 38168 32781 27915 23543 19742 16495 13777 11493 9622 8189 7018 6164 5503 4951 4511 4181 3952 3755 3600 3512 3421 3367 3312 3270 3234 3211 3197 3183 3167 3160 3156 3151 3146 3144 3141 3140 3139 3139 3138 3138 3138 3138 3138 3138 3138 3138 3138 3138 3138 3137 3137 3137 3137 3137 
99999 99999 99999 99999 99999 99999 99998 99998 99998 99998 99998 99998 99998 99998 99998 99998 99994 99993 99992 99988 99984 99982 99980 99978 99976 99968 99962 99955 99947 99932 99921 99905 99883 99849 99809 99772 99732 99660 99597 99505 99390 99273 99101 98911 98677 98390 98029 97650 97127 96524 95728 94742 93629 92312 90710 88843 86512 83905 80819 77327 73329 68944 64061 58845 53405 47766 42238 36690 31617 26930 22581 18707 15550 13021 10907 9124 7850 6840 6081 5408 4916 4526 4239 4003 3845 3701 3578 3489 3423 3377 3328 3305 3283 3260 3250 3232 3225 3216 3213 3211 3207 3201 3198 3198 3198 3198 3198 3198 3198 3198 3198 3198 3197 3197 3197 3197 3197 3197 3197 3197 3197 3197 3197 3197 
99999 99999 99999 99999 99999 99998 99998 99997 99996 99994 99994 99994 99993 99992 99990 99981 99978 99975 99974 99964 99957 99948 99938 99922 99907 99893 99874 99839 99790 99744 99693 99647 99570 99472 99359 99227 99081 98916 98674 98360 97991 97575 97031 96370 95587 94685 93595 92182 90518 88584 86325 83651 80686 77063 73012 68618 63792 58597 53041 47291 41784 36298 31124 26479 22275 18621 15499 12874 10816 9238 7926 6882 6062 5401 4890 4496 4188 3961 3794 3656 3551 3471 3395 3327 3291 3260 3239 3219 3207 3192 3186 3182 3179 3176 3172 3171 3171 3170 3169 3168 3167 3167 3167 3167 3166 3166 3166 3166 3166 3166 3166 3166 3166 3166 3166 3166 3166 3166 
99999 99999 99999 99999 99999 99999 99999 99999 99999 99998 99996 99996 99994 99994 99994 99992 99991 99988 99985 99983 99981 99980 99977 99969 99963 99954 99945 99938 99922 99906 99884 99856 99819 99777 99724 99663 99582 99478 99362 99214 99039 98797 98536 98196 97817 97360 96802 96135 95241 94169 92925 91392 89639 87559 85185 82398 79070 75370 71232 66553 61494 56146 50514 44849 39186 33794 28720 24180 20193 16827 14022 11666 9812 8327 7168 6233 5508 5019 4559 4222 3970 3777 3623 3512 3419 3362 3306 3255 3229 3209 3193 3171 3154 3148 3145 3139 3139 3137 3133 3132 3129 3128 3128 3126 3126 3126 3126 3125 3125 3125 3124 3124 3124 3124 3124 3124 3124 3124 3124 
99999 99999 99999 99999 99999 99998 99997 99996 99995 99995 99995 99995 99989 99985 99984 99978 99970 99962 99957 99947 99942 99924 99907 99889 99871 99843 99813 99770 99721 99650 99565 99465 99348 99225 99023 98812 98565 98279 97883 97434 96862 96201 95346 94325 93087 91674 89917 87911 85465 82706 79539 75860 71609 66981 61895 56612 50927 45333 39824 34487 29406 24846 20798 17367 14380 12006 10097 8565 7407 6419 5671 5095 4650 4289 4018 3810 3655 3516 3422 3347 3309 3259 3231 3206 3189 3184 3174 3162 3156 3153 3152 3148 3146 3142 3140 3140 3139 3138 3138 3138 3138 3138 3138 3138 3138 3138 3138 3138 
99999 99999 99999 99999 99998 99997 99997 99996 99996 99994 99988 99982 99982 99978 99974 99973 99968 99957 99945 99931 99915 99898 99880 99852 99808 99762 99722 99659 99592 99501 99389 99233 99057 98861 98603 98310 97908 97393 96812 96125 95300 94221 93007 91507 89811 87806 85350 82501 79236 75510 71292 66711 61824 56442 50808 45010 39412 34027 28996 24494 20571 17127 14318 11997 10096 8602 7377 6446 5694 5084 4620 4258 4019 3787 3631 3518 3441 3378 3332 3291 3265 3239 3219 3208 3199 3186 3182 3175 3170 3168 3168 3166 3165 3163 3161 3161 3161 3159 3159 3159 3158 3158 3158 3158 3158 3158 3158 3158 3158 3158 3158 3158 
99999 99999 99999 99999 99998 99998 99998 99998 99998 99998 99998 99998 99998 99998 99998 99998 99998 99998 99997 99997 99997 99997 99996 99994 99994 99992 99990 99986 99983 99979 99978 99969 99963 99960 99953 99942 99933 99917 99897 99876 99849 99818 99774 99736 99675 99601 99514 99406 99265 99097 98916 98709 98452 98086 97658 97155 96538 95722 94792 93689 92386 90687 88761 86589 83867 80868 77234 73372 68961 64118 58868 53471 47773 42039 36613 31372 26601 22372 18776 15596 12982 10905 9205 7945 6829 5994 5388 4881 4476 4186 3942 3760 3640 3511 3441 3380 3320 3280 3250 3233 3210 3194 3183 3178 3175 3171 3167 3163 3162 3162 3162 3162 3162 3162 3162 3162 3161 3161 3161 3161 3161 3161 3161 3161 
99999 99999 99999 
99999 99999 99999 99999 99999 99999 99999 99997 99996 99996 99996 99996 99994 99993 99992 99991 99990 99990 99990 99985 99982 99976 99970 99966 99960 99956 99944 99938 99922 99910 99897 99874 99854 99819 99787 99741 99689 99616 99528 99439 99333 99174 99000 98774 98508 98207 97845 97398 96856 96170 95324 94292 93042 91596 89959 88033 85598 82772 79585 76098 72087 67448 62502 57364 51844 46214 40562 35212 30232 25547 21426 17895 14907 12407 10420 8792 7498 6535 5789 5173 4722 4366 4080 3883 3724 3582 3494 3420 3370 3324 3291 3268 3249 3237 3227 3214 3210 3206 3203 3201 3197 3196 3195 3192 3191 3190 3190 3190 3190 3189 3189 3189 3189 3189 3189 3189 3189 3189 
99999 99999 99999 99999 99998 99997 99995 99994 99994 99992 99989 99986 99982 99977 99973 99965 99956 99944 99932 99912 99888 99866 99844 99808 99762 99691 99627 99532 99437 99335 99180 98983 98776 98529 98197 97810 97341 96744 96028 95122 94133 92835 91310 89578 87461 85006 82031 78640 74934 70796 65981 61013 55704 50189 44434 38798 33521 28511 23982 20107 16732 13956 11710 9877 8349 7166 6273 5544 5036 4576 4275 4022 3839 3658 3540 3446 3390 3335 3286 3253 3236 3216 3203 3197 3189 3183 3179 3175 3173 3172 3170 3170 3168 3167 3167 3167 3167 3166 3166 3166 3166 3166 3166 3166 3166 
99999 99999 99999 99999 99999 99999 99999 99999 99999 99997 99996 99996 99994 99993 99991 99991 99987 99982 99978 99976 99970 99964 99959 99948 99927 99918 99892 99863 99833 99803 99752 99708 99637 99545 99439 99318 99186 98991 98739 98458 98118 97669 97176 96587 95803 94876 93824 92581 91039 89249 87078 84518 81530 78162 74399 70071 65318 60042 54529 49008 43377 37930 32438 27579 23281 19462 16296 13724 11451 9638 8281 7132 6289 5642 5114 4723 4401 4168 3989 3828 3729 3634 3571 3532 3491 3460 3441 3419 3402 3394 3383 3379 3373 3366 3362 3360 3355 3355 3353 3351 3349 3349 3348 3348 3348 3348 3348 3348 3348 3348 3348 
99999 99999 99999 99999 99999 99996 99995 99995 99995 99995 99994 99993 99992 99991 99988 99985 99983 99980 99975 99970 99965 99954 99939 99931 99917 99898 99871 99833 99790 99732 99660 99589 99491 99391 99273 99122 98905 98656 98330 97986 97575 97041 96433 95689 94745 93686 92364 90853 88958 86697 84122 81110 77641 73753 69513 64671 59533 54028 48444 42880 37438 32339 27545 23121 19300 16137 13393 11213 9538 8120 7039 6210 5558 5034 4650 4322 4100 3933 3775 3659 3573 3504 3460 3429 3396 3372 3353 3340 3328 3325 3316 3309 3305 3305 3305 3305 3305 3305 3302 3301 3300 3299 3299 3299 3299 3298 3297 3297 3297 3297 3297 3297 3297 3297 3297 3297 3297 3297 3297 3297 
99999 99999 99999 99999 99997 99997 99995 99993 99990 99988 99987 99984 99980 99974 99969 99966 99955 99945 99925 99907 99879 99852 99811 99778 99729 99671 99604 99528 99403 99281 99107 98892 98636 98354 97989 97574 97092 96457 95672 94752 93578 92233 90551 88584 86359 83767 80760 77280 73428 68967 64125 58903 53459 47732 41976 36395 31329 26534 22334 18629 15535 12957 10913 9214 7842 6823 6045 5383 4861 4481 4174 3933 3751 3615 3496 3425 3378 3329 3294 3266 3242 3224 3219 3211 3204 3199 3196 3195 3193 3192 3191 3189 3189 3189 3189 3189 3189 3189 3189 3189 3189 3189 3189 3189 3189 3189 
99999 99999 99999 99999 99998 99998 99998 99998 99998 99998 99998 99998 99998 99996 99996 99994 99993 99993 99992 99991 99987 99982 99981 99977 99970 99964 99960 99953 99939 99928 99911 99891 99871 99848 99816 99775 99724 99658 99586 99506 99404 99245 99073 98866 98591 98305 97968 97497 96957 96282 95485 94451 93196 91783 90137 88159 85826 83051 79754 76109 71938 67441 62447 57150 51543 45913 40309 34852 29748 25300 21079 17562 14531 12164 10262 8680 7448 6499 5756 5155 4679 4315 4044 3843 3683 3565 3470 3409 3347 3313 3274 3248 3228 3214 3196 3185 3178 3172 3168 3166 3164 3163 3163 3163 3163 3163 3162 3162 3162 3162 3162 3162 3162 3162 3162 3161 3161 3161 3161 3161 3161 3161 
99999 99999 99999 99999 99998 99998 99997 99997 99996 99995 99995 99992 99990 99987 99983 99981 99979 99971 99957 99941 99931 99917 99901 99880 99855 99817 99767 99710 99640 99583 99479 99353 99195 98995 98778 98526 98166 97772 97259 96634 95945 95088 94018 92738 91230 89430 87284 84787 81684 78334 74497 70185 65323 59944 54604 49067 43364 37821 32432 27575 23082 19300 16127 13463 11212 9393 7988 6900 6091 5421 4882 4447 4134 3882 3690 3561 3442 3350 3285 3233 3185 3164 3139 3124 3109 3102 3094 3092 3088 3085 3080 3076 3073 3071 3070 3069 3069 3069 3067 3067 3067 3067 3067 3066 3066 3066 3066 3066 3066 3066 3066 3066 3066 3066 3066 3066 3066 
99999 99999 99999 99997 99997 99996 99995 99994 99992 99990 99983 99979 99975 99973 99967 99958 99947 99937 99924 99913 99902 99881 99859 99830 99789 99750 99711 99642 99584 99499 99396 99261 99098 98895 98634 98327 97991 97575 97101 96460 95679 94785 93720 92468 90921 88985 86697 84193 81268 77859 73955 69547 64594 59349 53888 48331 42721 37233 32013 27079 22692 18913 15701 13122 11032 9334 7975 6940 6080 5404 4907 4537 4217 3972 3800 3648 3563 3484 3416 3375 3333 3307 3283 3271 3259 3250 3233 3227 3221 3219 3217 3216 3216 3215 3215 3214 3214 3214 3214 3213 3212 3212 3212 3212 3212 3212 3212 3212 
99999 99999 99999 99999 99998 99997 99995 99992 99989 99987 99986 99984 99973 99963 99958 99948 99935 99918 99901 99880 99844 99807 99767 99722 99661 99602 99513 99376 99248 99080 98895 98651 98360 97981 97506 96918 96229 95431 94412 93312 91914 90248 88201 85826 83087 79914 76297 72226 67647 62644 57387 51767 46131 40556 35150 30026 25467 21293 17800 14848 12387 10415 8747 7532 6531 5806 5211 4765 4420 4146 3933 3786 3659 3553 3477 3407 3372 3333 3304 3282 3263 3252 3243 3235 3230 3226 3222 3221 3220 3219 3219 3219 3217 3215 3215 3215 3215 3215 3215 3215 3214 3214 3214 3214 3214 3214 3214 3214 3214 3214 
99999 99999 99998 99997 99996 99994 99994 99993 99992 99992 99989 99986 99983 99981 99980 99980 99978 99977 99973 99969 99959 99952 99947 99939 99923 99905 99880 99855 99821 99774 99725 99667 99592 99498 99399 99253 99091 98882 98640 98315 97944 97546 96975 96321 95549 94580 93385 92029 90380 88454 86199 83540 80368 76897 72984 68536 63676 58462 53045 47475 41850 36305 31097 26330 22254 18633 15548 12922 10802 9196 7863 6806 5975 5291 4814 4428 4137 3900 3734 3602 3490 3414 3348 3309 3276 3244 3220 3205 3199 3186 3177 3169 3165 3161 3161 3156 3154 3152 3151 3150 3149 3148 3148 3148 3148 3148 3148 3148 3148 3148 3148 3148 3148 3148 
99999 99999 99999 99999 99999 99999 99999 99999 99999 99998 99998 99996 99996 99994 99994 99993 99993 99990 99988 99987 99986 99981 99978 99975 99961 99953 99946 99931 99921 99898 99865 99825 99788 99717 99647 99560 99471 99347 99186 98998 98803 98538 98205 97810 97324 96728 95982 95068 94026 92727 91221 89383 87231 84681 81679 78298 74414 69932 65205 60010 54587 48981 43214 37660 32481 27690 23294 19528 16307 13615 11272 9516 8149 7030 6138 5434 4946 4566 4264 4034 3849 3706 3580 3493 3435 3387 3344 3308 3292 3268 3251 3240 3231 3222 3216 3212 3211 3211 3208 3208 3206 3206 3206 3206 3206 3206 3206 3206 3206 3206 3206 3205 3205 3205 3205 3205 3205 3205 3205 3205 3205 3205 3205 3205 
99999 99999 99999 99999 99999 99999 99999 99999 99999 99997 99996 99996 99996 99995 99994 99994 99993 99988 99984 99981 99973 99968 99962 99952 99938 99926 99905 99880 99852 99814 99762 99716 99650 99572 99471 99370 99258 99106 98899 98662 98368 97995 97593 97041 96403 95614 94715 93589 92196 90638 88727 86438 83809 80689 77172 73132 68706 63784 58472 52981 47385 41763 36278 31028 26208 22034 18294 15264 12702 10620 8967 7662 6639 5824 5220 4731 4382 4086 3860 3685 3564 3469 3399 3339 3298 3269 3228 3208 3193 3182 3170 3163 3157 3151 3142 3142 3141 3140 3139 3138 3137 3136 3136 3135 3135 3135 3135 3135 3135 3135 3135 3135 3135 
99999 99999 99999 99999 99999 99999 99998 99997 99997 99997 99997 99997 99997 99995 99994 99992 99992 99991 99991 99990 99985 99983 99976 99973 99967 99959 99952 99944 99937 99917 99898 99873 99849 99818 99782 99738 99675 99616 99522 99415 99282 99123 98922 98693 98441 98064 97676 97181 96571 95815 94877 93779 92515 90957 89096 86906 84405 81416 77897 73915 69414 64734 59495 53970 48408 42688 37103 31857 27035 22717 19001 15836 13191 10998 9270 7872 6804 5989 5333 4841 4471 4145 3918 3736 3585 3499 3429 3369 3328 3295 3259 3240 3225 3214 3205 3197 3193 3189 3185 3185 3183 3182 3181 3180 3178 3177 3177 3177 3177 3177 3177 3177 3177 3177 3177 3177 3177 3177 
99999 99999 99999 99999 99999 99999 99999 99997 99995 99995 99994 99994 99991 99990 99989 99984 99979 99975 99969 99961 99957 99950 99945 99925 99910 99895 99876 99847 99811 99767 99731 99689 99610 99521 99407 99296 99155 98952 98745 98477 98154 97734 97248 96622 95858 95024 93939 92719 91286 89478 87326 84910 81924 78574 74851 70525 65679 60711 55148 49576 43990 38450 33190 28317 23919 20082 16726 13918 11717 9863 8366 7219 6261 5556 5003 4577 4248 3981 3794 3647 3541 3442 3378 3321 3290 3262 3242 3221 3207 3195 3182 3176 3174 3170 3168 3164 3164 3164 3164 3164 3164 3164 3164 3164 3164 3164 3164 3164 3164 3164 3164 
99999 99999 99999 99999 99999 99998 99997 99997 99997 99997 99995 99994 99993 99991 99989 99985 99984 99984 99983 99977 99969 99967 99958 99948 99933 99916 99902 99890 99857 99818 99784 99739 99672 99594 99501 99392 99264 99101 98897 98626 98315 97937 97486 96950 96327 95537 94613 93436 92063 90391 88371 86121 83570 80504 76784 72621 68173 63285 57934 52375 46736 41089 35663 30524 25830 21612 18030 15011 12513 10491 8875 7617 6615 5863 5296 4826 4456 4186 3935 3774 3643 3528 3438 3370 3337 3295 3271 3252 3239 3227 3218 3211 3204 3198 3196 3194 3189 3189 3189 3189 3189 3188 3188 3187 3187 3186 3186 3186 3186 3185 3185 3185 3185 3185 3185 3185 3185 
99999 99999 99999 99999 99999 99999 99999 99999 99999 99999 99999 99998 99997 99997 99997 99997 99997 99997 99997 99996 99994 99992 99991 99990 99988 99987 99986 99982 99979 99969 99961 99956 99949 99939 99924 99902 99877 99858 99839 99794 99732 99686 99607 99522 99397 99268 99106 98908 98690 98413 98037 97620 97128 96499 95716 94834 93690 92363 90756 88863 86633 84017 80977 77529 73560 69212 64341 59336 53854 48257 42608 37078 31852 26965 22669 18986 15832 13167 11008 9241 7899 6795 6018 5410 4915 4532 4219 3986 3834 3696 3592 3510 3450 3398 3364 3332 3308 3287 3278 3270 3262 3252 3243 3241 3238 3236 3234 3231 3229 3229 3229 3228 3228 3228 3227 3227 3227 3227 3227 3227 3227 3227 3227 
99999 99999 99999 99999 99999 99997 99997 99996 99996 99996 99996 99996 99996 99995 99987 99980 99979 99976 99969 99961 99955 99940 99926 99917 99897 99870 99843 99803 99763 99704 99645 99552 99450 99331 99162 98972 98729 98444 98073 97662 97127 96482 95684 94712 93628 92265 90719 88838 86612 83914 80901 77331 73337 68843 63993 58774 53302 47634 42047 36441 31220 26476 22361 18752 15596 12997 10884 9180 7846 6778 5973 5334 4839 4462 4182 3958 3759 3602 3481 3396 3327 3270 3235 3211 3188 3179 3167 3154 3148 3139 3137 3133 3129 3129 3129 3129 3129 3129 3129 3128 3127 3126 3126 3126 3125 3125 3125 3125 3125 3125 3125 3125 3125 3125 3125 3125 3125 
99999 99999 99999 99999 99999 99999 99999 99998 99997 99997 99996 99996 99995 99993 99992 99988 99985 99981 99976 99974 99971 99965 99957 99947 99932 99923 99903 99886 99855 99827 99790 99746 99690 99624 99545 99447 99324 99169 98981 98787 98523 98198 97779 97340 96809 96087 95262 94283 93114 91621 89929 87914 85614 82830 79529 75847 71739 67217 62207 56770 51053 45387 39875 34437 29447 24910 20900 17257 14365 11859 9960 8466 7331 6385 5636 5034 4591 4218 3958 3765 3608 3493 3420 3364 3311 3265 3241 3219 3203 3191 3181 3170 3166 3162 3157 3153 3152 3149 3147 3147 3147 3146 3145 3145 3145 3144 3143 3143 3143 3143 3143 3143 3143 3143 
99999 99999 99999 99999 99999 99998 99998 99998 99998 99998 99998 99998 99998 99997 99997 99997 99995 99994 99994 99994 99994 99993 99992 99990 99988 99984 99984 99981 99980 99978 99974 99971 99967 99963 99956 99950 99944 99932 99923 99913 99898 99878 99858 99814 99771 99706 99654 99598 99511 99403 99250 99092 98909 98688 98414 98029 97605 97096 96497 95749 94845 93780 92468 90921 89128 86892 84264 81398 77979 74105 69811 65022 59863 54380 48759 43140 37529 32338 27460 23167 19375 16131 13425 11269 9574 8162 7067 6183 5538 5020 4594 4273 4030 3846 3699 3596 3502 3434 3383 3350 3316 3290 3266 3253 3248 3242 3231 3227 3224 3223 3221 3220 3219 3217 3214 3214 3214 3214 3214 3213 3213 3213 3212 3212 3211 3211 3211 3211 3211 3211 3211 3211 3211 3211 3211 3211 3211 3211 3211 3211 3211 
99999 99999 99999 99999 99999 99998 99997 99996 99996 99996 99994 99992 99991 99990 99990 99988 99978 99972 99961 99950 99939 99932 99920 99899 99874 99842 99810 99781 99723 99654 99580 99493 99368 99235 99057 98837 98587 98274 97891 97441 96887 96250 95454 94529 93314 91857 90205 88183 85725 83070 79863 76312 72186 67588 62623 57435 51855 46288 40574 35101 30048 25440 21255 17627 14706 12243 10248 8624 7388 6430 5660 5069 4614 4264 4000 3789 3651 3527 3443 3371 3325 3281 3259 3236 3221 3199 3187 3178 3171 3165 3162 3159 3155 3154 3153 3153 3151 3151 3150 3150 3149 3148 3148 3148 3148 3148 3148 3148 3148 3148 
99999 99999 99999 99999 99996 99995 99995 99994 99991 99987 99985 99979 99976 99968 99962 99952 99948 99934 99921 99900 99877 99848 99811 99763 99714 99662 99598 99509 99397 99281 99094 98900 98671 98379 98019 97577 97056 96438 95649 94680 93554 92186 90606 88658 86340 83746 80650 77032 72999 68377 63480 58221 52733 47241 41437 36000 30755 26073 21913 18265 15266 12608 10588 8947 7548 6582 5763 5154 4703 4372 4093 3878 3713 3576 3487 3406 3365 3321 3288 3262 3245 3235 3222 3216 3206 3203 3200 3197 3193 3192 3190 3189 3189 3189 3189 3189 3189 3189 3189 3189 3189 3189 3189 3189 3189 
99999 99999 99999 99999 99999 
99999 99999 99999 99999 99999 99999 99999 99999 99997 99995 99994 99994 99993 99989 99987 99986 99980 99977 99975 99964 99954 99940 99926 99906 99890 99874 99853 99821 99780 99718 99654 99568 99487 99369 99241 99055 98848 98585 98259 97912 97478 96963 96305 95518 94583 93392 91940 90365 88442 86103 83355 80243 76684 72850 68401 63608 58387 52780 47158 41532 36018 30914 26206 22052 18384 15337 12842 10777 9030 7692 6676 5924 5319 4868 4494 4196 3962 3795 3679 3576 3496 3426 3379 3343 3326 3300 3281 3261 3255 3246 3240 3235 3231 3230 3226 3222 3221 3220 3220 3219 3218 3218 3216 3216 3216 3216 3216 3216 3216 3216 3216 3216 3216 3216 3216 3216 3216 
99999 99999 99998 99997 99996 99992 99987 99984 99980 99979 99971 99964 99953 99945 99934 99924 99909 99878 99850 99818 99787 99737 99675 99600 99505 99383 99240 99080 98876 98626 98344 97976 97551 97026 96384 95605 94663 93575 92136 90515 88612 86344 83613 80560 77121 73166 68726 63921 58666 53146 47483 41754 36268 31132 26432 22271 18524 15421 12821 10701 9057 7748 6677 5886 5239 4755 4407 4149 3925 3765 3624 3518 3443 3380 3328 3288 3263 3240 3224 3211 3203 3194 3186 3180 3178 3174 3172 3168 3166 3165 3165 3164 3164 3164 3164 3163 3163 3162 3162 3162 3162 3162 3162 3162 3162 3162 3161 3161 3160 3160 3160 3160 3160 3160 3160 3160 3160 3160 
99999 99999 99999 99999 99999 99995 99995 99993 99990 99989 99988 99987 99984 99981 99977 99972 99967 99960 99950 99938 99926 99913 99885 99856 99827 99798 99746 99683 99601 99490 99402 99288 99119 98905 98680 98403 98082 97647 97111 96473 95721 94758 93683 92339 90686 88795 86546 84045 81005 77604 73640 69361 64646 59565 54081 48474 42805 37381 32205 27378 23005 19285 16112 13442 11189 9408 8011 6978 6159 5499 4960 4570 4249 3994 3827 3688 3585 3509 3457 3413 3377 3343 3318 3296 3286 3273 3262 3258 3255 3251 3248 3245 3242 3241 3239 3238 3237 3237 3236 3236 3236 3236 3236 3236 3236 3236 3236 3236 
99999 99999 99999 99999 99999 99998 99998 99997 99997 99997 99997 99994 99991 99991 99985 99983 99982 99977 99968 99957 99949 99930 99917 99894 99870 99836 99797 99752 99705 99650 99558 99450 99318 99160 98985 98750 98503 98143 97759 97228 96661 95917 95064 93971 92743 91286 89486 87343 85007 82063 78710 74864 70684 66083 60867 55614 50151 44422 38791 33520 28611 24130 20162 16795 13994 11758 9894 8357 7152 6226 5522 4994 4571 4264 4023 3805 3650 3535 3461 3378 3310 3275 3243 3218 3207 3182 3175 3166 3155 3146 3143 3142 3140 3136 3132 3130 3130 3130 3129 3129 3128 3128 3128 3128 3128 3128 3128 3128 3128 3128 3128 3128 3128 3128 
99999 99999 99999 99999 99997 99996 99995 99995 99995 99995 99992 99989 99987 99985 99980 99973 99967 99963 99950 99936 99929 99918 99905 99887 99856 99818 99784 99734 99664 99599 99507 99407 99268 99089 98876 98607 98334 97970 97489 96933 96260 95444 94445 93274 91828 90145 88139 85760 83054 79982 76232 72089 67490 62524 57099 51569 46035 40417 34976 29906 25340 21335 17751 14837 12396 10426 8925 7693 6716 5920 5340 4854 4470 4194 3982 3809 3674 3562 3499 3429 3384 3357 3332 3309 3291 3278 3269 3267 3262 3254 3252 3249 3248 3247 3244 3244 3243 3243 3243 3243 3243 3243 3243 3243 3243 3243 3243 3243 3243 
99999 99999 99999 99999 99997 99996 99996 99996 99996 99995 99995 99993 99991 99989 99986 99983 99981 99974 99968 99965 99957 99952 99940 99928 99918 99901 99880 99849 99815 99769 99714 99657 99563 99476 99374 99242 99051 98830 98588 98269 97879 97435 96794 96086 95289 94260 93046 91604 89828 87681 85321 82469 79291 75601 71398 66770 61763 56525 50913 45228 39639 34203 29258 24758 20844 17364 14422 12132 10157 8577 7356 6396 5685 5067 4625 4284 4034 3813 3658 3543 3456 3382 3329 3291 3255 3230 3213 3200 3190 3180 3168 3166 3162 3162 3161 3161 3161 3161 3160 3159 3159 3159 3159 3159 3159 3159 3159 
99999 99999 99999 99999 99999 99999 99999 99999 99999 99998 99998 99998 99998 99998 99998 99995 99994 99993 99992 99990 99986 99982 99979 99974 99968 99959 99955 99940 99923 99913 99895 99868 99842 99806 99770 99702 99624 99543 99444 99311 99178 98991 98810 98529 98217 97793 97326 96758 96014 95164 94149 92876 91347 89497 87396 84853 82028 78770 74988 70822 66107 60924 55634 50041 44307 38832 33502 28611 24109 20212 16870 14162 11920 10050 8549 7332 6415 5702 5183 4746 4415 4158 3974 3799 3675 3598 3533 3476 3420 3378 3354 3341 3325 3319 3306 3295 3294 3290 3282 3280 3280 3280 3279 3279 3278 3277 3277 3277 3277 3277 3277 3277 3276 3276 3276 3276 3276 3276 3276 3276 3276 
99999 99999 99999 99999 99999 99997 99996 99996 99996 99993 99993 99992 99990 99985 99981 99979 99975 99973 99970 99966 99960 99946 99938 99920 99902 99883 99854 99825 99779 99733 99680 99618 99550 99456 99345 99196 99017 98769 98511 98173 97797 97312 96706 95963 95112 94060 92839 91463 89631 87549 85148 82304 79065 75403 71243 66715 61639 56144 50727 45175 39614 34181 29164 24557 20612 17141 14230 11922 10020 8523 7376 6390 5621 5062 4641 4308 4059 3894 3736 3613 3528 3447 3398 3353 3322 3303 3283 3271 3250 3236 3230 3225 3218 3218 3215 3213 3213 3212 3209 3208 3205 3205 3205 3205 3205 3205 3205 3205 3205 3205 3204 3204 3204 3204 3204 3204 3204 3204 3204 3204 3204 3204 
99999 99999 99999 99997 99997 99996 99994 99994 99990 99988 99985 99979 99976 99972 99967 99957 99947 99931 99907 99882 99861 99830 99780 99731 99665 99586 99491 99371 99239 99056 98853 98608 98312 97899 97431 96916 96269 95498 94464 93325 91891 90218 88128 85803 83039 79864 76171 72106 67431 62444 57196 51616 45898 40181 34680 29668 25044 21046 17492 14578 12155 10249 8652 7434 6485 5787 5186 4739 4399 4127 3942 3752 3626 3530 3451 3390 3339 3315 3294 3276 3264 3252 3243 3238 3232 3227 3224 3221 3219 3218 3218 3216 3214 3213 3213 3213 3213 3213 3212 3212 3211 3211 3211 3211 3211 3211 3211 3211 3211 3211 
99999 99999 99999 99999 99999 99998 99996 99996 99995 99993 99990 99989 99987 99981 99977 99969 99964 99957 99950 99940 99929 99913 99890 99863 99830 99805 99766 99713 99654 99571 99456 99344 99195 99007 98784 98542 98218 97841 97329 96743 96028 95181 94144 92902 91431 89769 87637 85139 82402 79165 75448 71130 66464 61374 55985 50441 44822 39277 33979 29035 24523 20591 17144 14265 11831 9873 8394 7174 6249 5566 4981 4545 4220 3956 3757 3579 3459 3369 3288 3234 3195 3169 3144 3123 3101 3086 3078 3069 3065 3060 3058 3055 3050 3048 3047 3047 3045 3045 3045 3045 3045 3045 3045 3045 3044 3044 3044 3044 3044 3044 3044 3044 3044 
99999 99999 99999 99998 99997 99997 99994 99993 99993 99990 99987 99985 99985 99984 99978 99977 99972 99965 99953 99935 99931 99917 99899 99882 99852 99817 99776 99729 99679 99605 99520 99396 99265 99113 98895 98666 98363 97959 97497 96945 96256 95463 94481 93324 91925 90258 88254 85864 83180 80033 76373 72443 68013 63001 57544 51966 46442 40754 35397 30235 25545 21407 17912 14924 12494 10446 8889 7630 6630 5837 5241 4790 4427 4143 3936 3777 3640 3530 3466 3399 3329 3300 3277 3255 3233 3222 3210 3203 3196 3190 3187 3185 3183 3182 3182 3180 3178 3176 3174 3174 3174 3174 3174 3174 3174 3174 3174 3173 3173 3173 3173 3173 3173 3173 3173 3173 3173 
99999 99999 99999 99999 99999 99996 99995 99993 99990 99990 99987 99987 99986 99982 99974 99971 99963 99954 99940 99924 99900 99877 99846 99795 99757 99711 99647 99575 99473 99351 99204 99010 98824 98518 98153 97768 97293 96707 95979 95133 94116 92840 91394 89553 87482 85078 82227 78870 75073 70777 66037 60897 55368 49854 44211 38681 33340 28440 23959 20111 16854 13977 11688 9858 8361 7192 6321 5596 5035 4572 4279 4026 3832 3672 3555 3445 3365 3321 3287 3253 3233 3208 3191 3181 3171 3165 3163 3159 3155 3151 3150 3150 3150 3150 3150 3150 3150 3150 3150 3150 3150 3150 3150 3150 
99999 99999 99999 99999 99998 99998 99998 99994 99993 99992 99990 99987 99986 99982 99978 99976 99972 99963 99954 99946 99933 99919 99903 99875 99856 99830 99804 99758 99708 99637 99559 99476 99370 99213 99045 98819 98578 98264 97881 97398 96824 96123 95265 94288 93061 91579 89820 87719 85299 82440 79138 75465 71234 66440 61369 56018 50451 44814 39189 33900 28976 24343 20404 17022 14211 11913 10005 8499 7307 6380 5682 5121 4679 4301 4064 3831 3663 3553 3460 3367 3324 3285 3264 3241 3223 3209 3201 3195 3189 3184 3183 3181 3179 3178 3177 3177 3175 3173 3172 3172 3172 3172 3172 3172 3172 3172 3172 3172 3172 3172 3172 3172 3172 
99999 99999 99999 99999 99999 99996 99996 99994 99991 99990 99989 99980 99975 99969 99954 99943 99926 99908 99891 99867 99820 99765 99725 99656 99577 99467 99346 99199 99044 98848 98589 98258 97853 97416 96833 96076 95312 94302 93071 91583 89829 87761 85280 82314 79060 75318 71058 66432 61450 56173 50409 44634 38890 33686 28755 24083 20025 16641 13832 11520 9706 8180 7031 6142 5488 4932 4517 4185 3932 3762 3616 3510 3417 3354 3300 3259 3220 3187 3167 3154 3138 3121 3118 3113 3109 3105 3103 3100 3097 3097 3096 3096 3096 3095 3095 3095 3095 3095 3095 3095 3095 3095 3095 3095 3095 3095 3095 
99999 99999 99999 99997 99997 99997 99996 99995 99994 99993 99989 99988 99988 99985 99980 99975 99970 99958 99949 99938 99927 99905 99880 99853 99823 99772 99714 99653 99586 99496 99384 99236 99052 98829 98573 98281 97933 97498 96961 96233 95364 94286 93102 91654 89977 87903 85410 82552 79197 75449 71292 66737 61682 56562 50975 45185 39540 34225 29213 24607 20615 17199 14255 11942 10028 8485 7271 6326 5560 5030 4582 4260 4040 3832 3681 3561 3461 3393 3336 3291 3262 3237 3222 3205 3190 3183 3176 3173 3168 3166 3163 3159 3159 3159 3158 3157 3155 3154 3152 3151 3149 3148 3148 3147 3145 3145 3145 3145 3145 3145 3145 3145 3145 3145 
99999 99999 99999 99999 99999 99998 99998 99997 99997 99996 99995 99994 99993 99993 99993 99991 99991 99988 99987 99986 99984 99980 99978 99973 99965 99961 99955 99946 99928 99914 99896 99862 99827 99792 99744 99682 99600 99509 99397 99235 99057 98866 98574 98231 97832 97345 96767 96045 95182 94176 92909 91444 89711 87650 85171 82266 78931 75098 70930 66197 61135 55757 50217 44564 39023 33701 28786 24303 20363 16985 14183 11819 10006 8443 7217 6345 5640 5138 4726 4353 4070 3883 3745 3623 3537 3466 3417 3372 3346 3320 3295 3278 3264 3253 3245 3242 3238 3236 3233 3232 3231 3231 3230 3230 3230 3230 3230 3230 3230 3230 3230 3230 3230 3230 3230 3230 
99999 99999 99999 99999 99999 99999 99999 99999 99999 99997 99997 99994 99994 99991 99990 99989 99987 99983 99975 99971 99960 99947 99938 99934 99917 99892 99871 99850 99823 99777 99722 99659 99570 99478 99371 99259 99089 98886 98640 98329 97921 97435 96890 96195 95395 94408 93175 91756 90057 87898 85482 82717 79420 75766 71618 67043 62054 56571 51055 45321 39851 34492 29639 25081 20962 17442 14524 12245 10262 8708 7510 6561 5779 5195 4741 4432 4132 3952 3782 3634 3526 3457 3403 3373 3344 3319 3300 3279 3269 3262 3259 3259 3256 3252 3251 3251 3250 3249 3249 3249 3249 3249 3249 3249 3249 3249 3249 3249 
99999 99998 99998 99996 99996 99995 99995 99990 99989 99989 99987 99984 99984 99982 99978 99975 99972 99965 99960 99950 99937 99928 99912 99896 99875 99854 99815 99776 99717 99655 99576 99495 99368 99223 99048 98862 98596 98311 97947 97480 96876 96186 95398 94440 93369 91911 90221 88197 85903 83156 79983 76194 72164 67572 62590 57240 51728 46087 40355 34771 29803 25196 21083 17575 14620 12141 10139 8567 7367 6461 5711 5117 4664 4301 4039 3844 3687 3576 3473 3417 3356 3320 3280 3256 3232 3216 3201 3187 3181 3175 3170 3165 3164 3163 3161 3158 3157 3156 3154 3154 3154 3153 3153 3153 3153 3153 3153 3153 3153 3153 3153 3153 3153 3153 3153 
99999 99999 99999 99999 99999 99999 99999 99999 99999 99996 99996 99995 99995 99993 99992 99989 99986 99984 99982 99980 99975 99967 99953 99943 99927 99911 99886 99859 99834 99790 99755 99704 99630 99537 99437 99313 99163 99002 98761 98468 98111 97720 97250 96651 95893 95040 93909 92588 91044 89264 87213 84754 81805 78582 74813 70540 65943 60730 55509 49919 44286 38743 33510 28590 24116 20159 16848 14051 11778 9866 8377 7191 6270 5567 4995 4553 4219 3981 3798 3652 3529 3434 3362 3316 3276 3244 3221 3205 3196 3186 3179 3164 3155 3150 3147 3144 3144 3142 3142 3142 3142 3142 3142 3142 3142 3142 3142 3142 3142 3142 3142 3142 3141 3141 3141 3141 3141 3141 3141 3141 
99999 99999 99998 99997 99997 99997 99996 99993 99990 99988 99988 99987 99985 99980 99978 99971 99969 99966 99963 99955 99948 99940 99930 99920 99901 99883 99860 99826 99795 99757 99715 99650 99577 99459 99322 99166 98983 98776 98528 98234 97852 97386 96805 96152 95308 94364 93139 91708 90100 88139 85812 83030 79808 76183 72171 67731 62817 57522 51946 46282 40760 35346 30320 25757 21583 18038 14933 12424 10463 8890 7671 6678 5923 5309 4845 4459 4172 3952 3788 3657 3547 3472 3415 3360 3324 3297 3286 3272 3257 3251 3242 3239 3236 3233 3230 3226 3225 3225 3224 3224 3223 3222 3222 3221 3221 3221 3220 3220 3219 3219 3219 3219 3219 3219 3219 3219 3219 3219 3219 3219 
99999 99999 99999 99999 99999 99998 99997 99995 99993 99993 99990 99986 99985 99981 99976 99964 99956 99948 99929 99910 99889 99867 99838 99800 99752 99713 99629 99537 99433 99301 99156 98952 98715 98438 98066 97637 97139 96475 95710 94703 93568 92203 90676 88848 86657 83859 80789 77267 73195 68794 63913 58571 53004 47299 41669 36313 31263 26540 22301 18737 15652 13116 10973 9244 7929 6843 6026 5405 4906 4511 4202 3969 3788 3679 3575 3490 3429 3389 3350 3329 3307 3283 3267 3257 3252 3245 3243 3234 3232 3229 3229 3228 3227 3227 3227 3227 3227 3227 3226 3226 3226 3226 3226 3226 3226 3226 3226 
99999 99999 99999 99999 99999 99999 99999 
99999 99999 99999 99999 99999 99999 99999 99999 99997 99997 99997 99997 99997 99996 99995 99995 99995 99993 99990 99988 99978 99972 99965 99960 99949 99938 99923 99905 99882 99848 99819 99776 99731 99663 99603 99515 99421 99308 99145 98951 98722 98459 98113 97718 97212 96560 95800 94912 93841 92623 91099 89222 87094 84558 81637 78223 74399 70118 65334 60300 54742 49202 43460 37782 32532 27729 23447 19713 16352 13555 11371 9597 8135 7001 6107 5431 4893 4465 4173 3965 3772 3634 3524 3432 3364 3309 3277 3246 3225 3207 3197 3183 3173 3168 3161 3158 3155 3152 3151 3151 3150 3150 3150 3150 3150 3150 3150 3150 3150 3150 3150 3150 3150 3150 
99999 99999 99999 99999 99999 99999 99999 99998 99998 99997 99996 99994 99992 99991 99991 99989 99989 99988 99987 99984 99979 99973 99971 99966 99960 99949 99940 99922 99905 99882 99859 99828 99797 99756 99701 99637 99563 99454 99324 99178 99007 98745 98454 98116 97682 97195 96551 95857 94935 93867 92533 90921 89106 86980 84410 81526 78172 74341 69935 65283 60080 54738 49019 43304 37784 32500 27632 23271 19428 16181 13412 11144 9388 7984 6924 6002 5306 4809 4429 4143 3937 3784 3632 3524 3445 3376 3335 3298 3270 3257 3233 3215 3207 3202 3196 3192 3189 3189 3185 3182 3180 3180 3180 3180 3179 3178 3178 3177 3177 3177 3177 3177 3177 3177 3177 3177 
99999 99998 99998 99996 99995 99994 99990 99990 99988 99988 99982 99976 99971 99966 99960 99950 99936 99916 99890 99866 99840 99804 99765 99703 99640 99539 99440 99322 99181 99001 98770 98469 98102 97684 97193 96607 95908 95023 93991 92684 91175 89333 87184 84677 81759 78292 74451 70167 65448 60348 54949 49325 43689 38141 32866 28029 23670 19763 16487 13779 11509 9707 8242 7117 6229 5579 5009 4616 4258 4008 3828 3663 3541 3445 3379 3320 3269 3242 3214 3192 3172 3159 3152 3145 3134 3133 3127 3124 3122 3119 3118 3118 3115 3115 3115 3113 3113 3113 3112 3112 3112 3112 3112 3112 3112 3112 3112 3112 3112 3111 3111 3111 3111 3111 3111 3111 3111 3111 3111 3111 
99999 99999 99996 99995 99993 99989 99985 99983 99979 99976 99969 99964 99956 99947 99934 99919 99899 99879 99852 99833 99792 99744 99695 99631 99536 99439 99277 99117 98913 98666 98400 98023 97594 97084 96473 95683 94738 93680 92377 90796 88974 86767 84155 81123 77665 73805 69514 64594 59314 53818 48294 42698 37272 31994 27029 22843 19055 15967 13323 11167 9410 8073 7027 6179 5545 4995 4602 4297 4059 3891 3746 3630 3535 3466 3410 3368 3336 3312 3299 3287 3279 3267 3263 3260 3257 3257 3254 3254 3253 3251 3251 3250 3249 3249 3249 3249 3249 3249 3249 3249 3249 3249 3249 3249 3249 
99999 99999 99998 99998 99997 99997 99997 99997 99997 99994 99994 99994 99991 99990 99989 99989 99988 99980 99978 99976 99972 99965 99954 99938 99924 99904 99884 99860 99829 99782 99735 99686 99620 99528 99421 99302 99152 98952 98712 98430 98080 97664 97152 96531 95765 94833 93652 92296 90688 88747 86594 83890 80832 77281 73245 68742 63908 58867 53415 47731 42198 36706 31533 26718 22335 18681 15520 12980 10895 9226 7909 6831 6014 5356 4865 4509 4225 3969 3804 3671 3558 3500 3451 3405 3369 3337 3325 3313 3296 3286 3273 3267 3263 3261 3258 3258 3255 3255 3255 3254 3252 3252 3252 3252 3252 3252 3252 3252 3252 3252 3251 3251 3251 3251 3251 3251 3251 3251 3251 3251 3251 3251 3251 3251 
99999 99999 99999 99999 99999 99999 99997 99997 99997 99997 99997 99997 99997 99997 99993 99991 99991 99986 99980 99974 99972 99963 99954 99945 99933 99922 99897 99867 99846 99817 99769 99720 99657 99577 99469 99362 99199 99035 98829 98500 98181 97797 97323 96730 96011 95164 94145 92909 91414 89606 87484 84949 82026 78681 74829 70565 65795 60740 55282 49736 44121 38532 33149 28184 23750 19894 16607 13802 11495 9661 8232 7093 6205 5540 4985 4587 4271 4017 3825 3677 3559 3460 3385 3329 3295 3266 3238 3219 3198 3187 3179 3173 3172 3171 3167 3165 3163 3162 3162 3161 3161 3161 3161 3161 3160 3160 3160 3160 3159 3159 3159 3159 3159 3159 3159 3159 3159 3159 
99999 99999 99999 99999 99999 99999 99999 99999 99997 99996 99995 99989 99989 99988 99985 99982 99975 99968 99959 99948 99937 99918 99896 99882 99852 99816 99771 99720 99658 99580 99509 99392 99280 99133 98927 98717 98470 98112 97701 97209 96605 95837 94941 93885 92666 91140 89248 87078 84511 81520 78109 74328 70101 65305 60305 55017 49543 43932 38273 33160 28172 23742 19838 16621 13910 11630 9817 8367 7182 6269 5583 5024 4597 4271 4018 3820 3665 3551 3469 3396 3334 3294 3259 3241 3220 3206 3194 3186 3178 3177 3175 3173 3171 3168 3166 3165 3165 3163 3163 3163 3160 3159 3159 3158 3158 3158 3158 3158 3158 3158 3158 3158 3158 3158 
99999 99999 99999 99999 99999 99998 99997 99996 99995 99994 99993 99991 99989 99989 99981 99978 99973 99963 99958 99950 99940 99920 99907 99880 99846 99802 99774 99738 99682 99603 99506 99393 99253 99102 98906 98626 98288 97910 97469 96889 96236 95458 94496 93332 91920 90353 88401 85995 83334 80275 76763 72672 68157 63353 58079 52546 46747 41143 35711 30549 25990 21804 18253 15133 12650 10588 8986 7702 6653 5807 5213 4740 4379 4115 3885 3720 3601 3514 3445 3403 3359 3318 3292 3268 3252 3238 3229 3221 3216 3212 3210 3209 3205 3202 3200 3199 3197 3196 3196 3196 3196 3195 3195 3195 3195 3195 3195 3195 3195 3195 3195 3195 3195 3195 3195 3195 3195 
99999 99999 99999 99999 99999 99998 99998 99998 99998 99997 99995 99992 99992 99991 99989 99986 99981 99976 99964 99960 99946 99934 99912 99886 99860 99827 99804 99758 99698 99637 99544 99451 99336 99184 99003 98801 98537 98194 97804 97365 96807 96083 95243 94230 93020 91512 89763 87756 85280 82404 79198 75413 71152 66548 61553 56125 50449 44868 39261 33964 28969 24465 20452 17023 14189 11807 9947 8418 7263 6376 5658 5084 4649 4297 4039 3838 3674 3564 3478 3402 3342 3296 3276 3251 3227 3202 3191 3185 3184 3179 3178 3174 3173 3170 3170 3170 3170 3170 3170 3170 3170 3170 3170 3170 3170 3170 3170 3170 
99999 99998 99996 99996 99996 99996 99995 99993 99992 99990 99983 99982 99980 99975 99968 99966 99962 99954 99943 99935 99919 99899 99875 99852 99821 99776 99723 99669 99592 99495 99374 99237 99036 98799 98522 98235 97865 97378 96807 96076 95244 94234 93055 91548 89784 87791 85320 82508 79332 75651 71479 66890 61814 56581 50956 45226 39803 34483 29550 24982 20859 17391 14451 12018 10065 8553 7364 6446 5718 5095 4628 4306 4065 3869 3726 3607 3510 3434 3370 3320 3290 3268 3252 3238 3230 3215 3205 3198 3196 3193 3192 3191 3190 3188 3187 3185 3185 3185 3185 3185 3185 3185 3185 3185 3185 3185 3185 3185 3185 
99999 99999 99999 99999 99999 99999 99999 99999 99999 99999 
99999 99999 99997 99997 99997 99997 99996 99996 99995 99991 99988 99984 99979 99976 99972 99968 99957 99951 99941 99930 99916 99894 99869 99846 99816 99773 99731 99683 99612 99518 99405 99257 99094 98911 98684 98395 98002 97555 97017 96322 95521 94604 93520 92158 90537 88620 86356 83752 80625 77227 73255 68845 64059 58765 53194 47494 41889 36335 31217 26394 22268 18549 15417 12922 10823 9099 7750 6751 5949 5347 4869 4503 4233 3979 3798 3676 3562 3470 3408 3363 3319 3290 3266 3257 3242 3229 3219 3210 3207 3204 3201 3199 3197 3195 3195 3195 3193 3193 3192 3192 3192 3191 3191 3190 3190 3190 3190 3190 3190 3190 3190 3190 3190 3190 3190 
99999 99999 99999 99999 99999 99999 99998 99996 99995 99994 99989 99987 99982 99976 99970 99964 99955 99947 99938 99921 99903 99883 99852 99816 99776 99723 99666 99585 99489 99367 99215 99044 98805 98541 98243 97846 97366 96802 96102 95221 94209 92920 91452 89713 87742 85197 82300 79037 75369 71133 66580 61597 56083 50540 44886 39267 33944 28960 24398 20511 17086 14198 11868 9923 8465 7285 6278 5581 5017 4611 4276 4005 3791 3639 3519 3440 3385 3333 3293 3260 3234 3216 3196 3188 3179 3172 3170 3168 3167 3160 3157 3156 3156 3156 3154 3154 3154 3154 3154 3154 3153 3153 3153 3153 3153 3153 3153 3153 3153 3153 3153 3153 3153 
99999 99999 99999 99999 99999 99999 99999 99996 99996 99995 99994 99991 99988 99984 99979 99979 99976 99972 99967 99955 99942 99926 99907 99890 99859 99834 99794 99746 99675 99596 99521 99416 99268 99066 98862 98593 98315 97951 97496 96977 96273 95497 94594 93388 92015 90404 88406 86053 83282 80135 76713 72792 68404 63544 58284 52757 47148 41389 35842 30641 25973 21774 18266 15246 12740 10649 9034 7729 6708 5947 5308 4817 4460 4183 3948 3769 3643 3544 3471 3402 3359 3320 3291 3271 3250 3238 3224 3215 3209 3204 3201 3196 3194 3194 3190 3189 3187 3187 3183 3183 3183 3183 3183 3183 3183 3183 3183 3183 3183 3183 3183 3183 
99999 99999 99999 99999 99999 99999 99997 99996 99995 99993 99990 99989 99988 99983 99981 99976 99968 99960 99945 99934 99921 99898 99875 99839 99802 99754 99697 99621 99532 99417 99284 99110 98922 98673 98414 98051 97606 97063 96438 95705 94834 93725 92410 90752 88767 86564 83881 80822 77269 73409 69047 64308 59176 53777 48175 42607 37176 31854 26995 22738 18947 15683 13066 11036 9278 7913 6841 6016 5351 4858 4448 4130 3897 3733 3614 3502 3397 3335 3280 3240 3210 3190 3172 3155 3140 3134 3129 3126 3119 3116 3114 3113 3113 3112 3112 3111 3111 3111 3111 3111 3111 3111 3111 3111 3111 3111 3111 3111 3111 3111 
99999 99999 99999 99999 99999 99998 99996 99996 99995 99995 99995 99995 99994 99993 99991 99988 99985 99979 99973 99962 99948 99935 99915 99891 99858 99815 99762 99711 99647 99555 99479 99365 99220 99040 98836 98567 98248 97855 97384 96844 96141 95232 94185 92961 91468 89742 87634 85186 82226 78938 75249 71116 66422 61443 56081 50423 44841 39328 33950 28939 24460 20547 17145 14184 11904 9984 8503 7360 6439 5699 5138 4695 4355 4065 3875 3726 3616 3529 3460 3401 3355 3316 3290 3269 3255 3238 3230 3219 3210 3205 3204 3200 3199 3197 3197 3196 3195 3195 3194 3193 3192 3191 3191 3191 3191 3190 3190 3190 3190 3190 3190 3190 3190 3190 3190 3190 3190 
99999 99999 99999 99999 99999 99999 99999 99999 99997 99997 99996 99996 99994 99994 99992 99989 99986 99985 99981 99980 99978 99973 99967 99957 99950 99937 99917 99900 99881 99848 99824 99790 99743 99688 99612 99535 99423 99278 99119 98945 98705 98405 98102 97680 97160 96556 95753 94848 93799 92480 90894 89030 86853 84322 81446 78100 74284 70017 65209 60099 54689 49284 43421 37922 32693 27744 23344 19472 16219 13540 11307 9484 8113 7045 6227 5516 4984 4580 4256 3990 3794 3625 3511 3423 3353 3297 3260 3222 3200 3190 3181 3170 3162 3155 3153 3152 3151 3151 3149 3147 3147 3146 3146 3146 3146 3146 3146 3146 3146 3146 3146 3146 3146 3146 3146 
99999 99999 99999 99999 99998 99998 99998 99997 99997 99997 99995 99994 99989 99988 99988 99983 99981 99978 99974 99966 99955 99944 99929 99912 99901 99872 99842 99810 99767 99705 99640 99561 99486 99376 99240 99064 98843 98588 98263 97880 97442 96869 96192 95330 94313 93165 91716 90024 88086 85689 82954 79743 76065 71957 67467 62467 57268 51765 46199 40590 35285 30096 25485 21421 17977 15000 12516 10549 8948 7718 6692 5916 5297 4834 4468 4197 3978 3813 3696 3610 3535 3479 3430 3390 3365 3346 3322 3310 3303 3296 3289 3285 3282 3282 3276 3276 3276 3275 3275 3274 3274 3274 3274 3273 3273 3273 3273 3273 3273 3273 3273 3273 
99999 99999 99999 99999 99999 99999 99999 99998 99998 99998 99998 99998 99998 99998 99998 99997 99996 99995 99994 99993 99992 99991 99991 99990 99987 99980 99979 99975 99970 99961 99956 99949 99936 99926 99909 99886 99857 99835 99812 99769 99713 99657 99574 99485 99367 99215 99045 98814 98564 98210 97840 97333 96715 95982 95074 93992 92807 91291 89547 87387 84907 81962 78670 74849 70629 66046 60761 55284 49628 44028 38365 33106 28125 23765 19796 16591 13730 11455 9653 8163 7005 6121 5436 4897 4466 4157 3912 3737 3594 3483 3391 3335 3289 3249 3220 3194 3177 3159 3147 3142 3141 3136 3131 3128 3127 3124 3122 3122 3122 3122 3122 3122 3122 3122 3122 3120 3120 3120 3120 3120 3120 3120 3120 3120 3120 3120 3120 3120 3120 
99999 99999 99999 99999 99999 99997 99997 99997 99997 99996 99995 99993 99989 99989 99987 99986 99978 99975 99967 99962 99953 99943 99927 99906 99886 99864 99834 99801 99759 99703 99633 99546 99435 99295 99133 98935 98690 98427 98068 97605 97092 96468 95665 94691 93579 92192 90569 88690 86358 83639 80554 76987 72845 68372 63461 58092 52799 47090 41487 35912 30757 25947 21796 18161 15046 12508 10443 8846 7612 6578 5846 5203 4757 4410 4121 3924 3758 3620 3529 3449 3397 3363 3324 3296 3271 3262 3251 3233 3227 3222 3219 3214 3212 3211 3211 3210 3210 3209 3208 3208 3208 3208 3208 3208 3208 3208 3208 3208 3208 3208 
99999 99999 99999 99999 99999 99997 99997 99997 99996 99995 99994 99994 99991 99991 99991 99990 99987 99985 99978 99974 99970 99966 99956 99943 99929 99910 99897 99859 99822 99783 99741 99685 99623 99543 99425 99300 99143 98953 98733 98465 98137 97747 97269 96705 95941 95067 94070 92831 91325 89539 87323 84888 82055 78720 74870 70681 66053 61053 55588 49949 44281 38800 33286 28266 23842 19883 16591 13808 11497 9663 8210 7047 6114 5424 4905 4502 4180 3926 3743 3596 3472 3382 3310 3258 3218 3198 3176 3159 3142 3134 3125 3123 3122 3122 3118 3113 3112 3111 3111 3110 3110 3109 3109 3109 3109 3109 3109 3109 3109 3109 3109 
99999 99999 99999 99999 99999 99999 99998 99996 99995 99994 99991 99991 99989 99987 99981 99976 99972 99969 99963 99956 99940 99927 99909 99881 99863 99838 99804 99751 99688 99610 99510 99385 99270 99126 98946 98725 98422 98064 97639 97130 96515 95761 94870 93759 92482 90907 89061 86882 84227 81331 77894 74027 69752 64971 60103 54606 48995 43313 37709 32587 27735 23420 19631 16286 13566 11356 9587 8110 7009 6112 5453 4927 4474 4176 3949 3726 3608 3481 3373 3320 3263 3224 3189 3170 3151 3138 3127 3118 3110 3106 3103 3101 3098 3096 3094 3093 3093 3092 3091 3091 3090 3089 3089 3089 3089 3089 3089 3089 3089 3089 3089 3089 3089 
99999 99999 99999 99999 99999 99996 99996 99994 99992 99991 99988 99988 99985 99980 99978 99974 99962 99953 99947 99929 99915 99893 99873 99842 99788 99732 99682 99603 99523 99399 99259 99087 98882 98621 98312 97954 97522 96938 96243 95437 94344 93137 91712 89986 87903 85375 82556 79340 75626 71388 66777 61703 56296 50777 45166 39611 34333 29250 24786 20731 17321 14381 12054 10137 8597 7379 6422 5669 5090 4641 4303 4032 3822 3680 3558 3466 3393 3338 3305 3277 3248 3222 3205 3192 3179 3172 3163 3157 3153 3150 3148 3147 3147 3146 3145 3145 3145 3145 3144 3144 3144 3144 3144 3144 3144 
99999 99999 99999 99999 99999 99999 99999 99999 99999 99999 99999 99999 99999 99998 99996 99994 99994 99993 99992 99991 99990 99987 99986 99985 99984 99975 99974 99968 99965 99958 99949 99937 99926 99898 99877 99851 99828 99797 99742 99684 99609 99528 99412 99287 99141 98965 98699 98418 98060 97633 97120 96518 95811 94930 93807 92537 90938 89149 86923 84361 81320 77903 74025 69576 64723 59711 54240 48601 42970 37362 32198 27283 22987 19204 16037 13447 11230 9458 8056 6919 6031 5387 4868 4498 4185 3956 3767 3609 3502 3427 3371 3313 3269 3232 3214 3188 3177 3170 3162 3155 3151 3147 3143 3142 3140 3139 3137 3136 3136 3136 3136 3136 3136 3136 3136 3136 3136 3136 3136 3136 3136 3136 3135 3135 3135 3135 3135 3135 3135 3135 3135 3135 3135 3135 3135 
99999 99999 99999 99999 99999 99999 99998 99997 99997 99996 99996 99996 99993 99992 99990 99987 99986 99983 99980 99977 99974 99972 99968 99961 99951 99936 99920 99892 99857 99832 99802 99763 99705 99623 99539 99435 99312 99171 98972 98705 98418 98064 97676 97201 96604 95841 94887 93763 92451 90952 89124 86932 84441 81328 77937 74020 69750 64949 59667 54129 48502 42759 37198 32039 27307 22936 19175 15943 13221 11101 9318 7894 6868 6034 5389 4858 4437 4162 3906 3730 3574 3488 3398 3328 3278 3236 3200 3180 3160 3144 3132 3122 3116 3109 3106 3105 3105 3104 3103 3103 3100 3099 3099 3098 3098 3098 3098 3098 3098 3098 3098 3098 
99999 99999 99999 99999 99999 99999 99999 99998 99997 99997 99995 99991 99990 99987 99984 99979 99976 99971 99963 99953 99943 99921 99909 99895 99873 99835 99803 99769 99712 99646 99557 99459 99340 99203 99008 98790 98565 98234 97846 97421 96849 96139 95277 94289 93053 91592 89866 87898 85474 82642 79451 75680 71448 66750 61654 56238 50768 45182 39687 34315 29275 24719 20685 17157 14291 11882 9992 8450 7266 6342 5607 5081 4629 4287 3988 3792 3634 3490 3394 3321 3272 3232 3204 3188 3160 3147 3141 3135 3132 3125 3122 3120 3117 3117 3117 3115 3113 3113 3111 3111 3111 3111 3111 3111 3111 3111 3111 3111 3111 3111 3111 3111 
99999 99999 99999 99999 99998 99997 99996 99996 99996 99996 99996 99996 99996 99996 99993 99989 99988 99987 99987 99980 99972 99969 99965 99959 99948 99944 99928 99899 99873 99849 99806 99763 99723 99654 99567 99476 99345 99194 98996 98781 98505 98193 97780 97296 96713 95979 95149 94175 92980 91497 89813 87808 85263 82409 79097 75364 71209 66485 61361 55920 50325 44765 39208 33828 28889 24410 20344 16950 14081 11735 9786 8294 7169 6261 5554 4975 4573 4252 4009 3811 3680 3571 3472 3397 3333 3291 3247 3222 3207 3192 3180 3166 3160 3153 3147 3144 3141 3140 3136 3135 3135 3133 3133 3133 3132 3132 3132 3132 3132 3132 3132 
99999 99999 99999 99999 99999 99999 99999 99998 99998 99997 99996 99996 99995 99995 99993 99993 99991 99988 99987 99981 99971 99962 99958 99951 99941 99932 99914 99893 99878 99853 99823 99762 99709 99653 99596 99490 99379 99238 99081 98846 98581 98279 97887 97416 96851 96195 95370 94365 93093 91620 89918 87974 85638 82801 79606 75991 71680 67040 62059 56696 51060 45299 39690 34344 29270 24666 20673 17160 14309 11952 10026 8479 7290 6379 5646 5081 4630 4311 4071 3847 3699 3582 3475 3395 3348 3299 3265 3242 3215 3197 3183 3175 3168 3161 3158 3154 3153 3150 3150 3147 3147 3146 3146 3146 3146 3146 3146 3146 3146 3146 3146 
99999 99999 99999 99999 99999 99999 99999 99999 
99999 99999 99999 99999 99999 99999 99999 99999 99996 99996 99995 99995 99995 99994 99992 99990 99989 99985 99979 99976 99970 99963 99960 99953 99938 99920 99899 99869 99847 99816 99762 99688 99631 99556 99452 99313 99130 98937 98708 98425 98079 97648 97147 96566 95780 94901 93812 92538 91043 89261 87117 84623 81712 78259 74421 70139 65496 60431 55007 49344 43691 38237 32932 28097 23749 19884 16517 13691 11427 9580 8164 7065 6175 5475 4956 4507 4200 3976 3771 3609 3483 3395 3327 3285 3242 3210 3190 3173 3155 3137 3126 3121 3115 3110 3109 3108 3107 3102 3102 3100 3100 3099 3099 3098 3098 3098 3098 3098 3098 3098 3098 3098 3098 3098 
99999 99999 99999 99999 99999 99998 99998 99995 99993 99993 99993 99992 99988 99988 99985 99984 99982 99972 99969 99963 99953 99945 99934 99926 99911 99891 99865 99833 99797 99755 99696 99632 99538 99444 99318 99170 98983 98758 98462 98143 97728 97239 96621 95925 95063 93992 92745 91288 89472 87278 84749 81908 78602 74808 70506 65925 60776 55299 49758 44062 38509 33118 28209 23755 19891 16576 13807 11579 9712 8249 7111 6223 5568 4975 4555 4238 3980 3810 3669 3543 3452 3381 3318 3267 3238 3222 3200 3188 3174 3163 3153 3143 3140 3139 3138 3138 3138 3136 3135 3135 3134 3133 3133 3132 3132 3132 3132 3132 3132 3132 3132 
99999 99999 99998 99996 99995 99993 99990 99988 99983 99980 99976 99971 99968 99966 99952 99939 99929 99914 99895 99866 99838 99808 99768 99716 99638 99558 99472 99356 99201 99019 98802 98568 98275 97874 97410 96889 96236 95445 94401 93224 91778 90044 88025 85630 82749 79566 75994 71799 67290 62243 56821 51363 45637 40077 34771 29715 25192 21204 17723 14771 12378 10377 8833 7565 6605 5821 5254 4804 4438 4157 3942 3785 3649 3572 3505 3437 3396 3366 3334 3299 3279 3265 3257 3254 3251 3248 3243 3240 3238 3237 3236 3236 3236 3236 3236 3236 3236 3236 3236 3236 3236 3236 3236 3236 
99999 99999 99999 99999 99999 99999 99998 99996 99995 99993 99993 99992 99989 99986 99981 99974 99968 99966 99962 99958 99945 99932 99919 99897 99877 99857 99831 99797 99756 99682 99611 99517 99406 99269 99123 98942 98699 98407 98049 97633 97169 96509 95776 94838 93792 92415 90764 88965 86704 84102 81197 77635 73730 69333 64470 59255 53690 48068 42375 36962 31741 26916 22740 19079 15917 13242 11097 9344 8029 6962 6127 5484 4982 4593 4275 4031 3842 3692 3560 3473 3412 3377 3331 3303 3275 3254 3241 3227 3219 3212 3207 3202 3198 3197 3193 3193 3193 3192 3192 3192 3192 3192 3191 3190 3190 3190 3190 3190 3190 3190 3190 3190 3190 3190 3190 3190 3190 3190 3190 3190 3190 
99999 99999 99999 99999 99999 99998 99997 99996 99996 99995 99994 99992 99990 99987 99981 99980 99978 99973 99964 99945 99928 99917 99900 99876 99855 99823 99783 99739 99671 99591 99506 99372 99250 99041 98819 98578 98261 97880 97410 96857 96203 95364 94390 93141 91672 89899 87857 85404 82638 79359 75614 71482 66876 61882 56440 50816 45276 39815 34351 29285 24622 20637 17214 14327 11910 10053 8534 7356 6404 5696 5090 4641 4297 4050 3865 3700 3589 3495 3411 3346 3300 3272 3247 3231 3222 3213 3201 3197 3191 3185 3182 3179 3177 3175 3174 3174 3173 3173 3173 3173 3173 3173 3173 3173 3173 3173 3173 
99999 99999 99999 99999 99999 99999 99999 99998 99997 99996 99996 99995 99991 99988 99986 99985 99984 99978 99971 99965 99957 99944 99934 99914 99899 99879 99852 99812 99760 99712 99647 99576 99491 99368 99235 99057 98847 98613 98292 97927 97457 96869 96194 95343 94366 93144 91720 90049 87986 85463 82667 79474 75702 71505 66826 61774 56377 50848 45237 39656 34341 29258 24638 20722 17282 14415 11959 9986 8524 7310 6415 5640 5068 4623 4296 4051 3853 3702 3582 3471 3398 3346 3306 3268 3239 3217 3198 3189 3184 3176 3169 3166 3161 3154 3152 3152 3152 3151 3148 3146 3146 3145 3144 3144 3144 3144 3144 3144 3144 3144 3144 3143 3143 3143 3143 3143 3143 3143 3143 3143 
99999 99999 99999 99999 99999 99999 99998 99997 99996 99994 99994 99992 99989 99982 99977 99973 99966 99959 99953 99944 99930 99905 99887 99866 99840 99794 99746 99690 99643 99574 99483 99345 99188 99039 98861 98632 98291 97915 97519 96952 96286 95467 94477 93288 91850 90200 88189 85942 83228 80065 76467 72327 67713 62645 57410 52020 46318 40686 35174 30143 25477 21307 17685 14644 12180 10325 8794 7535 6536 5761 5187 4694 4329 4049 3843 3687 3559 3470 3403 3344 3289 3259 3238 3213 3196 3182 3174 3171 3168 3163 3162 3160 3159 3155 3155 3155 3155 3155 3155 3155 3155 3155 3154 3154 3154 3154 3154 3154 3154 3154 3154 3154 
99999 99999 99999 99999 99999 99999 99999 99999 99999 99999 99999 99997 99997 99997 99997 99996 99995 99995 99993 99992 99987 99984 99984 99983 99979 99970 99962 99955 99944 99937 99920 99897 99867 99838 99811 99781 99726 99667 99591 99505 99407 99275 99120 98910 98645 98330 97960 97524 96962 96331 95503 94486 93342 91926 90218 88098 85788 82980 79748 75981 71870 67251 62350 57007 51528 45776 40155 34772 29695 24994 20974 17492 14590 12221 10238 8683 7417 6452 5699 5124 4676 4348 4053 3840 3666 3553 3473 3393 3323 3277 3235 3221 3201 3192 3180 3165 3157 3154 3149 3146 3141 3139 3138 3137 3136 3135 3135 3135 3134 3133 3133 3132 3132 3132 3132 3132 3132 3132 3132 3132 3132 3132 3132 3132 3132 
99999 99999 99999 99999 99998 99998 99997 99996 99995 99995 99995 99995 99993 99993 99993 99993 99991 99988 99984 99983 99979 99974 99969 99963 99955 99947 99928 99912 99897 99877 99852 99817 99766 99714 99649 99567 99467 99349 99208 99043 98825 98535 98180 97780 97304 96738 96028 95196 94138 92934 91488 89735 87666 85254 82495 79270 75607 71472 66837 61839 56522 50951 45417 39959 34721 29639 25011 20956 17452 14538 12129 10164 8637 7407 6431 5703 5126 4697 4350 4107 3897 3743 3619 3527 3461 3403 3361 3331 3304 3278 3260 3248 3239 3231 3224 3216 3215 3212 3211 3208 3208 3207 3207 3206 3205 3205 3205 3205 3205 3205 3205 3205 3205 
99999 99999 99999 99999 99998 99997 99997 99997 99996 99996 99995 99991 99989 99987 99984 99979 99976 99973 99958 99954 99946 99936 99927 99917 99898 99875 99852 99822 99787 99721 99660 99582 99492 99366 99225 99052 98843 98582 98271 97935 97497 96976 96344 95541 94552 93351 91977 90373 88339 86046 83333 80191 76431 72320 67880 62996 57658 51984 46316 40814 35417 30307 25720 21534 17964 14915 12439 10458 8825 7534 6561 5782 5203 4722 4326 4071 3849 3687 3572 3462 3380 3322 3277 3243 3218 3196 3180 3161 3155 3146 3138 3134 3131 3129 3127 3124 3123 3120 3118 3118 3118 3118 3117 3116 3116 3115 3115 3115 3115 3115 3115 3115 3115 
99999 99999 99999 99999 99999 99999 99999 99998 99996 99996 99996 99996 99996 99996 99994 99993 99992 99991 99989 99988 99986 99983 99980 99977 99970 99963 99956 99942 99933 99921 99900 99888 99859 99833 99800 99757 99700 99631 99558 99471 99348 99215 99021 98799 98532 98234 97825 97332 96764 96058 95234 94249 93086 91628 89915 87839 85494 82735 79515 75949 71840 67275 62202 56811 51336 45691 40154 34793 29722 25132 21136 17702 14753 12329 10336 8812 7563 6604 5850 5230 4785 4436 4183 3968 3781 3651 3537 3473 3406 3365 3336 3314 3293 3275 3266 3259 3254 3247 3243 3242 3240 3239 3236 3236 3236 3234 3234 3234 3234 3234 3234 3234 3234 3234 3234 3234 3234 3234 3234 
99999 99999 99999 99999 99999 99998 99998 99998 99998 99998 99997 99997 99997 99997 99997 99997 99997 99997 99996 99995 99994 99993 99993 99992 99991 99990 99987 99985 99980 99973 99965 99953 99947 99935 99924 99911 99887 99858 99834 99787 99731 99668 99591 99494 99371 99241 99050 98872 98619 98288 97902 97480 96925 96202 95345 94343 93196 91760 90005 88027 85682 82902 79792 76061 72021 67614 62707 57377 51830 46092 40621 35299 30135 25555 21373 17915 14895 12390 10399 8900 7679 6715 5952 5309 4845 4464 4217 3987 3826 3697 3604 3524 3472 3437 3402 3379 3355 3342 3329 3319 3309 3305 3296 3295 3291 3289 3287 3287 3287 3286 3285 3285 3285 3285 3285 3285 3285 3285 3284 3284 3284 3284 3284 3284 3284 3284 3284 3284 
