1 1 1 1 1 1 
1 1 1 1 1 1 2 2 3 3 3 3 6 6 6 6 8 10 15 20 25 31 40 46 57 68 90 112 147 184 234 302 376 457 577 694 852 1014 1240 1494 1822 2218 2674 3222 3932 4750 5811 7026 8493 10176 12239 14734 17563 20886 24560 28686 33151 38001 43440 49002 54633 60303 65708 70709 75249 79302 82748 85658 88053 89958 91572 92801 93721 94443 95007 95422 95750 95988 96179 96358 96479 96560 96632 96699 96739 96771 96788 96807 96818 96824 96837 96840 96847 96849 96853 96856 96856 96860 96861 96861 96861 96862 96862 96863 96863 96863 96863 96863 96863 96863 96863 96863 96863 96863 96863 
1 1 1 1 1 2 3 3 3 5 7 10 10 16 17 24 27 33 38 43 55 69 83 98 120 147 185 216 256 314 376 463 543 657 776 956 1175 1432 1733 2126 2584 3120 3829 4721 5710 6874 8332 10098 12147 14586 17336 20582 24314 28481 33160 38165 43480 49054 54663 60228 65535 70581 75039 79176 82527 85459 87789 89767 91332 92545 93454 94204 94741 95186 95519 95799 95992 96149 96262 96357 96418 96485 96528 96568 96599 96623 96641 96652 96662 96668 96677 96679 96682 96687 96691 96692 96692 96693 96693 96693 96693 96693 96693 96693 96693 96695 96695 96695 96695 96695 96696 96696 96696 96696 96696 96696 96696 96696 96696 96696 96696 96696 
1 1 1 1 1 1 1 1 1 2 2 2 2 4 6 6 6 7 8 11 13 16 21 31 33 41 53 60 76 93 122 155 189 233 274 334 415 509 628 748 898 1106 1350 1661 1998 2464 2979 3648 4470 5435 6583 7919 9561 11600 13891 16562 19695 23383 27514 32031 36912 42259 47817 53532 59243 64644 69765 74362 78440 82017 85035 87486 89508 91082 92373 93363 94143 94722 95171 95553 95817 96026 96166 96291 96394 96459 96520 96567 96601 96625 96637 96646 96660 96673 96684 96692 96695 96699 96699 96701 96702 96703 96703 96703 96703 96704 96704 96704 96704 96704 96704 96704 96704 96704 96704 
1 1 2 3 4 4 5 8 9 10 17 23 30 34 49 61 72 80 97 121 141 184 225 274 340 439 574 701 845 1031 1242 1520 1837 2256 2722 3346 4094 4980 5960 7243 8768 10559 12700 15262 18238 21543 25368 29460 34145 39259 44521 50005 55579 61237 66616 71605 76016 79922 83244 86056 88329 90168 91617 92762 93666 94381 94942 95371 95718 95976 96183 96334 96438 96520 96590 96639 96678 96709 96733 96752 96768 96775 96783 96793 96796 96800 96801 96802 96803 96803 96803 96803 96803 96804 96804 96804 96804 96804 96804 96804 
1 1 2 3 6 6 7 8 8 9 12 13 16 21 26 30 31 36 47 54 70 82 95 113 141 175 211 268 319 388 483 602 731 889 1080 1307 1590 1942 2383 2922 3582 4377 5276 6419 7740 9273 11176 13385 15976 18986 22518 26431 30885 35742 40770 46158 51882 57404 62954 68111 72830 77171 80981 84145 86830 89064 90724 92104 93178 94005 94656 95198 95591 95924 96149 96318 96444 96543 96621 96680 96734 96771 96798 96818 96843 96861 96869 96878 96886 96891 96895 96898 96902 96903 96905 96906 96908 96908 96908 96908 96909 96909 96909 96909 96909 96909 96909 96909 96909 96909 96909 96909 96909 96909 
1 1 1 1 1 3 4 4 7 8 10 12 17 19 22 27 42 51 63 78 94 111 152 186 225 281 350 433 532 650 824 1015 1253 1557 1912 2319 2863 3574 4339 5213 6335 7687 9300 11194 13392 15912 18953 22373 26431 30900 35721 40921 46377 51899 57493 62974 68152 72833 77210 81039 84263 86869 88986 90720 92097 93193 94011 94677 95192 95605 95889 96112 96312 96450 96567 96649 96707 96750 96795 96828 96851 96867 96877 96889 96893 96904 96914 96916 96921 96924 96924 96925 96925 96927 96927 96927 96927 96927 96927 96927 96927 96927 96927 96927 96927 96927 
1 1 1 1 2 3 3 3 4 5 9 10 12 12 15 19 21 26 30 33 40 44 52 64 76 92 112 142 170 201 243 297 379 468 571 682 829 1001 1232 1542 1899 2322 2834 3460 4228 5182 6327 7708 9325 11239 13569 16154 19189 22711 26710 31069 36026 41315 46833 52469 58132 63728 68850 73554 77773 81401 84492 87129 89116 90834 92148 93181 93968 94633 95168 95566 95888 96103 96262 96387 96495 96592 96652 96697 96740 96764 96788 96804 96817 96826 96831 96842 96848 96848 96850 96855 96857 96859 96860 96861 96861 96862 96862 96862 96862 96863 96863 96863 96863 96863 96863 96863 96863 96863 
1 1 1 3 4 4 5 5 7 10 12 15 19 25 34 38 48 58 71 82 98 132 164 217 263 327 400 505 595 719 886 1090 1345 1649 2027 2490 3027 3661 4459 5464 6588 7917 9563 11546 13825 16494 19514 23049 27138 31695 36538 41927 47393 53119 58772 64152 69155 73882 78177 81772 84811 87321 89385 91039 92360 93333 94141 94745 95199 95569 95837 96049 96203 96330 96422 96491 96558 96585 96622 96650 96678 96693 96708 96719 96720 96726 96731 96734 96737 96739 96741 96741 96741 96741 96741 96741 96741 96741 96742 96742 96742 96742 96742 96742 96742 96742 96742 96742 96742 
1 1 1 1 2 8 9 12 18 22 32 39 49 67 89 116 138 173 222 259 315 374 472 575 697 843 1002 1222 1494 1805 2208 2731 3310 3999 4831 5893 7153 8688 10462 12612 15025 17909 21233 25034 29238 33959 39118 44671 50429 56145 61721 67048 71883 76410 80224 83433 86276 88588 90370 91780 92911 93814 94519 95040 95499 95825 96053 96243 96394 96506 96597 96660 96719 96749 96782 96803 96815 96833 96842 96847 96855 96858 96860 96864 96867 96868 96869 96869 96871 96872 96872 96872 96872 96872 96872 96872 96872 96872 96872 96872 96872 96872 96872 
1 1 1 1 1 1 1 1 3 4 4 4 6 7 10 11 12 16 20 24 30 33 39 46 60 75 86 104 123 158 190 238 277 330 410 507 624 752 922 1129 1385 1679 2028 2497 3003 3612 4396 5333 6555 7887 9617 11628 13968 16564 19665 23225 27312 31898 36772 42107 47688 53307 58835 64430 69445 74066 78321 81834 84870 87347 89355 91060 92341 93355 94155 94753 95245 95615 95894 96110 96273 96388 96500 96581 96637 96691 96730 96753 96776 96792 96798 96816 96823 96831 96834 96839 96842 96842 96843 96845 96846 96846 96846 96846 96846 96846 96846 96846 96846 96846 96846 
1 1 1 1 2 2 2 2 3 3 3 4 4 4 4 6 7 7 7 7 7 8 11 17 21 24 34 42 49 65 85 103 124 152 186 230 281 344 417 518 625 761 948 1190 1455 1801 2158 2639 3227 3913 4788 5798 7025 8540 10292 12387 14759 17654 20968 24630 28865 33560 38686 44141 49688 55340 60921 66330 71236 75598 79523 82970 85820 88169 90033 91508 92704 93570 94292 94845 95301 95639 95906 96126 96268 96387 96486 96551 96601 96638 96668 96698 96715 96725 96738 96743 96754 96758 96760 96761 96761 96763 96765 96765 96765 96765 96765 96765 96765 96765 96765 96765 96765 
1 1 1 1 1 1 1 3 3 5 5 6 7 8 10 13 14 16 18 21 29 34 47 57 67 86 103 123 152 189 239 296 366 443 517 642 790 965 1178 1438 1741 2113 2610 3233 3928 4801 5851 7024 8448 10119 12148 14588 17339 20551 24169 28345 32973 38128 43524 49053 54720 60331 65678 70723 75277 79305 82634 85563 87902 89799 91320 92512 93502 94250 94806 95248 95591 95874 96083 96225 96338 96437 96518 96580 96622 96658 96691 96707 96721 96733 96743 96751 96754 96757 96762 96765 96767 96768 96769 96771 96771 96772 96772 96772 96773 96773 96773 96773 96774 96774 96774 96774 96774 96774 96774 96774 
1 1 1 1 1 1 2 2 3 4 4 4 4 4 4 5 6 6 8 8 8 9 9 9 11 11 14 18 18 21 21 21 27 32 37 47 53 63 77 91 109 145 181 223 259 325 394 475 578 711 859 1084 1295 1562 1865 2319 2855 3461 4207 5096 6127 7355 8807 10660 12759 15262 18133 21481 25231 29460 34243 39427 44719 50359 55965 61479 66768 71702 76216 80066 83357 86174 88433 90274 91673 92817 93719 94419 94922 95322 95632 95896 96089 96220 96344 96426 96487 96532 96566 96582 96604 96623 96636 96651 96667 96678 96682 96688 96690 96692 96695 96696 96696 96696 96697 96698 96698 96698 96698 96698 96698 96698 96698 96698 96698 
1 1 1 1 1 1 2 2 2 5 8 9 9 10 15 22 29 44 51 60 79 92 117 148 177 226 287 356 428 527 658 781 964 1178 1468 1826 2201 2737 3361 4092 4954 5983 7274 8729 10540 12659 15153 18031 21372 25226 29591 34388 39374 44840 50337 56010 61602 66916 71819 76247 80122 83412 86186 88457 90325 91787 92902 93790 94538 95054 95466 95778 96004 96212 96370 96480 96555 96630 96670 96703 96739 96758 96779 96794 96800 96807 96814 96821 96824 96828 96832 96833 96833 96837 96838 96840 96840 96841 96841 96841 96841 96841 96841 96841 96841 96841 96841 96841 96841 
1 1 1 1 2 2 4 4 4 4 4 5 5 6 7 7 7 8 9 11 15 18 21 25 34 36 41 50 62 79 93 103 125 141 168 204 248 312 370 454 571 680 835 1014 1207 1468 1806 2202 2683 3312 3959 4809 5843 7063 8478 10208 12311 14837 17754 20954 24575 28729 33343 38387 43758 49269 54889 60523 65818 70755 75224 79239 82783 85607 88012 89849 91441 92643 93588 94277 94818 95272 95608 95869 96087 96240 96361 96450 96529 96585 96623 96648 96674 96689 96704 96717 96726 96736 96738 96745 96747 96749 96749 96749 96749 96750 96750 96750 96750 96750 96750 96750 96750 96750 96750 96750 96750 
1 1 1 2 2 2 2 2 2 2 5 6 7 9 9 10 13 16 22 27 36 44 56 74 87 123 144 192 241 282 343 420 523 640 760 948 1170 1436 1725 2093 2560 3115 3749 4488 5433 6663 8027 9624 11528 13812 16518 19498 22910 26929 31424 36203 41455 46840 52461 58006 63495 68623 73328 77578 81311 84502 87071 89141 90803 92149 93183 94014 94668 95161 95494 95777 96032 96193 96316 96436 96516 96584 96635 96670 96699 96725 96741 96748 96762 96768 96774 96780 96783 96786 96786 96787 96788 96788 96788 96788 96788 96789 96789 96789 96789 96789 96789 96789 96789 96789 96789 96789 96789 
1 1 1 1 1 1 1 3 3 3 6 8 8 8 11 13 15 17 20 30 38 43 49 59 75 95 116 135 156 197 232 302 365 444 552 664 812 971 1212 1469 1782 2197 2647 3212 3899 4739 5729 6978 8454 10160 12255 14647 17486 20720 24396 28532 33283 38252 43647 49191 54940 60622 66077 71053 75715 79638 83130 85916 88198 90155 91660 92803 93684 94416 94956 95404 95764 96021 96224 96350 96467 96563 96620 96664 96706 96726 96753 96768 96791 96802 96810 96817 96822 96826 96829 96831 96831 96833 96833 96833 96835 96835 96835 96835 96835 96835 96835 96835 96835 
1 1 1 1 1 3 5 5 6 9 12 21 26 36 46 56 61 79 97 121 155 200 249 297 346 422 526 640 778 949 1160 1417 1727 2080 2552 3182 3838 4689 5671 6803 8228 9886 11852 14238 17071 20218 23967 28127 32575 37515 42834 48310 53955 59630 65159 70180 74744 78818 82347 85358 87771 89772 91363 92616 93589 94317 94864 95298 95647 95913 96133 96289 96402 96503 96572 96636 96670 96702 96722 96735 96752 96757 96764 96774 96779 96783 96788 96791 96795 96797 96799 96800 96800 96802 96803 96803 96803 96803 96803 96803 96803 96803 96804 96804 96804 96804 96804 96804 96804 96804 96804 96804 96804 
1 1 1 1 1 2 2 4 4 4 6 7 11 13 19 28 33 37 48 58 71 86 105 125 159 197 243 309 372 452 549 655 791 961 1176 1443 1737 2117 2574 3163 3858 4654 5674 6838 8221 9981 11983 14312 16998 20231 23938 27944 32452 37429 42665 48275 53861 59541 64936 69941 74508 78699 82205 85146 87512 89523 91057 92330 93318 94141 94751 95208 95593 95866 96083 96262 96383 96473 96561 96627 96665 96701 96730 96756 96772 96791 96797 96804 96805 96809 96813 96817 96818 96818 96818 96821 96821 96821 96821 96821 96821 96821 96821 96821 96821 96821 96821 96821 96821 96821 
1 1 1 1 1 1 1 2 2 2 2 4 5 5 5 5 5 6 6 7 7 9 9 11 12 12 15 18 22 26 30 39 49 63 80 100 113 141 167 209 249 307 375 459 573 695 830 1018 1246 1534 1849 2230 2698 3321 4025 4886 5946 7217 8653 10432 12568 15132 17979 21310 25070 29292 34001 39088 44566 50195 55820 61316 66643 71529 75924 79876 83197 86028 88290 90069 91588 92737 93650 94325 94866 95308 95627 95905 96096 96254 96363 96461 96520 96581 96630 96668 96691 96704 96723 96744 96748 96754 96761 96765 96768 96770 96771 96773 96773 96774 96775 96775 96775 96775 96775 96775 96775 96775 96775 96775 96775 96775 
1 1 1 1 1 1 1 1 1 2 3 3 3 4 4 4 5 5 5 5 5 5 5 8 9 10 17 20 26 26 32 44 53 71 91 113 133 160 206 251 320 411 498 612 743 889 1109 1377 1678 2072 2570 3115 3811 4560 5509 6698 8153 9787 11804 14185 16922 20117 23821 27939 32643 37526 42783 48403 54103 59674 65062 70161 74829 78831 82299 85176 87632 89676 91286 92566 93541 94324 94908 95362 95723 95999 96214 96370 96465 96567 96640 96699 96743 96776 96801 96825 96843 96851 96860 96868 96873 96877 96883 96885 96886 96889 96891 96892 96893 96893 96893 96893 96893 96893 96893 96893 96893 96893 96893 96893 96893 96893 
1 1 1 1 1 1 1 1 3 3 3 4 4 4 6 8 11 11 11 13 16 17 21 31 41 48 55 66 80 105 122 149 194 244 301 366 443 547 651 776 962 1157 1415 1742 2087 2556 3086 3780 4577 5607 6832 8299 10094 12123 14522 17296 20480 24148 28454 33057 38165 43615 49170 54767 60379 65728 70657 75200 79189 82613 85531 87995 89927 91477 92652 93616 94365 94956 95401 95775 96033 96245 96418 96536 96625 96693 96754 96795 96832 96859 96878 96897 96907 96911 96918 96926 96931 96935 96938 96940 96940 96941 96941 96941 96941 96941 96942 96942 96942 96942 96942 96942 96942 96942 96942 96942 
1 1 1 1 1 1 2 3 3 3 3 3 3 4 7 9 11 12 14 18 21 26 32 36 45 57 73 89 112 144 169 204 256 310 371 468 599 733 887 1100 1342 1658 2032 2478 3038 3721 4562 5546 6744 8153 9863 11952 14337 17098 20240 23809 28002 32648 37701 42919 48381 54106 59653 65086 70097 74705 78811 82279 85148 87643 89638 91241 92506 93437 94217 94796 95274 95660 95929 96133 96299 96419 96530 96599 96654 96702 96751 96777 96799 96808 96816 96827 96832 96840 96844 96846 96849 96851 96854 96858 96859 96860 96861 96861 96861 96862 96862 96862 96862 96862 96862 96862 96862 
1 1 1 1 2 2 3 3 3 4 4 6 8 9 11 11 14 17 24 33 41 47 58 65 76 89 115 143 176 219 265 314 376 469 580 700 866 1062 1294 1581 1938 2382 2891 3573 4371 5359 6452 7830 9423 11444 13837 16451 19503 23046 27031 31548 36310 41639 47052 52651 58312 63817 69033 73896 78083 81699 84753 87351 89466 91071 92356 93325 94138 94784 95283 95668 95934 96162 96330 96456 96551 96649 96712 96755 96786 96810 96830 96842 96857 96871 96879 96881 96884 96887 96890 96892 96894 96894 96895 96895 96896 96897 96899 96899 96900 96901 96901 96901 96901 96901 96901 96902 96902 96902 96902 96902 96902 96902 96902 96902 96902 96902 96902 96902 96902 
1 1 1 2 2 3 4 5 6 6 6 9 10 11 11 11 13 19 25 31 34 39 49 60 71 82 107 117 148 194 255 308 369 444 540 651 820 1011 1253 1516 1864 2296 2850 3462 4249 5155 6204 7507 9089 10979 13242 15857 18905 22190 26237 30571 35284 40426 45871 51541 57169 62739 67988 72788 77094 80829 83961 86619 88797 90540 91903 93021 93845 94522 95044 95449 95760 96002 96188 96322 96437 96518 96584 96637 96680 96707 96727 96745 96754 96764 96774 96781 96785 96789 96791 96791 96795 96797 96799 96800 96802 96804 96806 96806 96806 96807 96808 96808 96808 96809 96809 96809 96809 96809 96809 96809 96809 96809 
1 1 1 1 1 1 1 1 3 3 3 5 7 9 10 12 17 20 24 30 33 38 45 60 76 94 112 134 158 191 230 299 378 434 551 686 818 1001 1214 1477 1883 2277 2787 3339 4042 4950 6056 7346 8855 10619 12809 15333 18335 21724 25472 29766 34545 39688 45114 50838 56485 62133 67385 72176 76696 80553 83850 86521 88814 90575 91969 93106 93940 94568 95110 95506 95810 96037 96241 96388 96508 96598 96675 96728 96774 96800 96827 96843 96854 96867 96875 96885 96888 96890 96896 96896 96898 96899 96900 96901 96901 96902 96903 96903 96903 96903 96903 96903 96903 96903 96903 96903 
1 1 1 1 1 1 1 3 5 5 5 5 6 9 12 13 15 16 22 26 27 33 44 48 63 73 88 102 123 143 174 208 240 289 337 421 522 654 778 929 1097 1349 1633 1925 2318 2839 3449 4188 5070 6132 7416 8992 10790 12987 15538 18387 21809 25595 29977 34606 39736 45049 50710 56310 61832 67219 72085 76457 80258 83505 86223 88507 90378 91811 92982 93836 94497 95049 95489 95819 96048 96245 96400 96488 96579 96633 96688 96730 96766 96789 96803 96817 96833 96840 96844 96849 96854 96856 96859 96860 96861 96861 96862 96862 96862 96862 96862 96862 96862 96862 96862 96862 96862 96863 96863 96863 96863 96863 
1 1 1 1 1 1 2 2 2 2 2 2 2 2 2 2 6 7 8 12 16 18 20 22 24 32 38 45 53 68 79 95 117 151 191 228 268 340 403 495 610 727 899 1089 1323 1610 1971 2350 2873 3476 4272 5258 6371 7688 9290 11157 13488 16095 19181 22673 26671 31056 35939 41155 46595 52234 57762 63310 68383 73070 77419 81293 84450 86979 89093 90876 92150 93160 93919 94592 95084 95474 95761 95997 96155 96299 96422 96511 96577 96623 96672 96695 96717 96740 96750 96768 96775 96784 96787 96789 96793 96799 96802 96802 96802 96802 96802 96802 96802 96802 96802 96802 96803 96803 96803 96803 96803 96803 96803 96803 96803 96803 96803 96803 
1 1 1 1 1 2 2 3 4 6 6 6 7 8 10 19 22 25 26 36 43 52 62 78 93 107 126 161 210 256 307 353 430 528 641 773 919 1084 1326 1640 2009 2425 2969 3630 4413 5315 6405 7818 9482 11416 13675 16349 19314 22937 26988 31382 36208 41403 46959 52709 58216 63702 68876 73521 77725 81379 84501 87126 89184 90762 92074 93118 93938 94599 95110 95504 95812 96039 96206 96344 96449 96529 96605 96673 96709 96740 96761 96781 96793 96808 96814 96818 96821 96824 96828 96829 96829 96830 96831 96832 96833 96833 96833 96833 96834 96834 96834 96834 96834 96834 96834 96834 96834 96834 96834 96834 96834 96834 
1 1 1 1 1 1 1 1 1 2 4 4 6 6 6 8 9 12 15 17 19 20 23 31 37 46 55 62 78 94 116 144 181 223 276 337 418 522 638 786 961 1203 1464 1804 2183 2640 3198 3865 4759 5831 7075 8608 10361 12441 14815 17602 20930 24630 28768 33447 38506 43854 49486 55151 60814 66206 71280 75820 79807 83173 85978 88334 90188 91673 92832 93767 94492 94981 95441 95778 96030 96223 96377 96488 96581 96638 96694 96745 96771 96791 96807 96829 96846 96852 96855 96861 96861 96863 96867 96868 96871 96872 96872 96874 96874 96874 96874 96875 96875 96875 96876 96876 96876 96876 96876 96876 96876 96876 96876 
1 1 1 1 1 2 3 4 5 5 5 5 11 15 16 22 30 38 43 53 58 76 93 111 129 157 187 230 279 350 435 535 652 775 977 1188 1435 1721 2117 2566 3138 3799 4654 5675 6913 8326 10083 12089 14535 17294 20461 24140 28391 33019 38105 43388 49073 54667 60176 65513 70594 75154 79202 82633 85620 87994 89903 91435 92593 93581 94329 94905 95350 95711 95982 96190 96345 96484 96578 96653 96691 96741 96769 96794 96811 96816 96826 96838 96844 96847 96848 96852 96854 96858 96860 96860 96861 96862 96862 96862 96862 96862 96862 96862 96862 96862 96862 96862 
1 1 1 1 2 3 3 4 4 6 12 18 18 22 26 27 32 43 55 69 85 102 120 148 192 238 278 341 408 499 611 767 943 1139 1397 1690 2092 2607 3188 3875 4700 5779 6993 8493 10189 12194 14650 17499 20764 24490 28708 33289 38176 43558 49192 54990 60588 65973 71004 75506 79429 82873 85682 88003 89904 91398 92623 93554 94306 94916 95380 95742 95981 96213 96369 96482 96559 96622 96668 96709 96735 96761 96781 96792 96801 96814 96818 96825 96830 96832 96832 96834 96835 96837 96839 96839 96839 96841 96841 96841 96842 96842 96842 96842 96842 96842 96842 96842 96842 96842 96842 96842 
1 1 1 1 2 2 2 2 2 2 2 2 2 2 2 2 2 2 3 3 3 3 4 6 6 8 10 14 17 21 22 31 37 40 47 58 67 83 103 124 151 182 226 264 325 399 486 594 735 903 1084 1291 1548 1914 2342 2845 3462 4278 5208 6311 7614 9313 11239 13411 16133 19132 22766 26628 31039 35882 41132 46529 52227 57961 63387 68628 73399 77628 81224 84404 87018 89095 90795 92055 93171 94006 94612 95119 95524 95814 96058 96240 96360 96489 96559 96620 96680 96720 96750 96767 96790 96806 96817 96822 96825 96829 96833 96837 96838 96838 96838 96838 96838 96838 96838 96838 96839 96839 96839 96839 96839 96839 96839 96839 
1 1 1 
1 1 1 1 1 1 1 3 4 4 4 4 6 7 8 9 10 10 10 15 18 24 30 34 40 44 56 62 78 90 103 126 146 181 213 259 311 384 472 561 667 826 1000 1226 1492 1793 2155 2602 3144 3830 4676 5708 6958 8404 10041 11967 14402 17228 20415 23902 27913 32552 37498 42636 48156 53786 59438 64788 69768 74453 78574 82105 85093 87593 89580 91208 92502 93465 94211 94827 95278 95634 95920 96117 96276 96418 96506 96580 96630 96676 96709 96732 96751 96763 96773 96786 96790 96794 96797 96799 96803 96804 96805 96808 96809 96810 96810 96810 96810 96811 96811 96811 96811 96811 96811 96811 96811 96811 
1 1 1 1 2 3 5 6 6 8 11 14 18 23 27 35 44 56 68 88 112 134 156 192 238 309 373 468 563 665 820 1017 1224 1471 1803 2190 2659 3256 3972 4878 5867 7165 8690 10422 12539 14994 17969 21360 25066 29204 34019 38987 44296 49811 55566 61202 66479 71489 76018 79893 83268 86044 88290 90123 91651 92834 93727 94456 94964 95424 95725 95978 96161 96342 96460 96554 96610 96665 96714 96747 96764 96784 96797 96803 96811 96817 96821 96825 96827 96828 96830 96830 96832 96833 96833 96833 96833 96834 96834 96834 96834 96834 96834 96834 96834 
1 1 1 1 1 1 1 1 1 3 4 4 6 7 9 9 13 18 22 24 30 36 41 52 73 82 108 137 167 197 248 292 363 455 561 682 814 1009 1261 1542 1882 2331 2824 3413 4197 5124 6176 7419 8961 10751 12922 15482 18470 21838 25601 29929 34682 39958 45471 50992 56623 62070 67562 72421 76719 80538 83704 86276 88549 90362 91719 92868 93711 94358 94886 95277 95599 95832 96011 96172 96271 96366 96429 96468 96509 96540 96559 96581 96598 96606 96617 96621 96627 96634 96638 96640 96645 96645 96647 96649 96651 96651 96652 96652 96652 96652 96652 96652 96652 96652 96652 
1 1 1 1 1 4 5 5 5 5 6 7 8 9 12 15 17 20 25 30 35 46 61 69 83 102 129 167 210 268 340 411 509 609 727 878 1095 1344 1670 2014 2425 2959 3567 4311 5255 6314 7636 9147 11042 13303 15878 18890 22359 26247 30487 35329 40467 45972 51556 57120 62562 67661 72455 76879 80700 83863 86607 88787 90462 91880 92961 93790 94442 94966 95350 95678 95900 96067 96225 96341 96427 96496 96540 96571 96604 96628 96647 96660 96672 96675 96684 96691 96695 96695 96695 96695 96695 96695 96698 96699 96700 96701 96701 96701 96701 96702 96703 96703 96703 96703 96703 96703 96703 96703 96703 96703 96703 96703 96703 96703 
1 1 1 1 3 3 5 7 10 12 13 16 20 26 31 34 45 55 75 93 121 148 189 222 271 329 396 472 597 719 893 1108 1364 1646 2011 2426 2908 3543 4328 5248 6422 7767 9449 11416 13641 16233 19240 22720 26572 31033 35875 41097 46541 52268 58024 63605 68671 73466 77666 81371 84465 87043 89087 90786 92158 93177 93955 94617 95139 95519 95826 96067 96249 96385 96504 96575 96622 96671 96706 96734 96758 96776 96781 96789 96796 96801 96804 96805 96807 96808 96809 96811 96811 96811 96811 96811 96811 96811 96811 96811 96811 96811 96811 96811 96811 96811 
1 1 1 1 2 2 2 2 2 2 2 2 2 4 4 6 7 7 8 9 13 18 19 23 30 36 40 47 61 72 89 109 129 152 184 225 276 342 414 494 596 755 927 1134 1409 1695 2032 2503 3043 3718 4515 5549 6804 8217 9863 11841 14174 16949 20246 23891 28062 32559 37553 42850 48457 54087 59691 65148 70252 74700 78921 82438 85469 87836 89738 91320 92552 93501 94244 94845 95321 95685 95956 96157 96317 96435 96530 96591 96653 96687 96726 96752 96772 96786 96804 96815 96822 96828 96832 96834 96836 96837 96837 96837 96837 96837 96838 96838 96838 96838 96838 96838 96838 96838 96838 96839 96839 96839 96839 96839 96839 96839 
1 1 1 1 2 2 3 3 4 5 5 8 10 13 17 19 21 29 43 59 69 83 99 120 145 183 233 290 360 417 521 647 805 1005 1222 1474 1834 2228 2741 3366 4055 4912 5982 7262 8770 10570 12716 15213 18316 21666 25503 29815 34677 40056 45396 50933 56636 62179 67568 72425 76918 80700 83873 86537 88788 90607 92012 93100 93909 94579 95118 95553 95866 96118 96310 96439 96558 96650 96715 96767 96815 96836 96861 96876 96891 96898 96906 96908 96912 96915 96920 96924 96927 96929 96930 96931 96931 96931 96933 96933 96933 96933 96933 96934 96934 96934 96934 96934 96934 96934 96934 96934 96934 96934 96934 96934 96934 
1 1 1 3 3 4 5 6 8 10 17 21 25 27 33 42 53 63 76 87 98 119 141 170 211 250 289 358 416 501 604 739 902 1105 1366 1673 2009 2425 2899 3540 4321 5215 6280 7532 9079 11015 13303 15807 18732 22141 26045 30453 35406 40651 46112 51669 57279 62767 67987 72921 77308 81087 84299 86878 88968 90666 92025 93060 93920 94596 95093 95463 95783 96028 96200 96352 96437 96516 96584 96625 96667 96693 96717 96729 96741 96750 96767 96773 96779 96781 96783 96784 96784 96785 96785 96786 96786 96786 96786 96787 96788 96788 96788 96788 96788 96788 96788 96788 
1 1 1 1 2 3 5 8 11 13 14 16 27 37 42 52 65 82 99 120 156 193 233 278 339 398 487 624 752 920 1105 1349 1640 2019 2494 3082 3771 4569 5588 6688 8086 9752 11799 14174 16913 20086 23703 27774 32353 37356 42613 48233 53869 59444 64850 69974 74533 78707 82200 85152 87613 89585 91253 92468 93469 94194 94789 95235 95580 95854 96067 96214 96341 96447 96523 96593 96628 96667 96696 96718 96737 96748 96757 96765 96770 96774 96778 96779 96780 96781 96781 96781 96783 96785 96785 96785 96785 96785 96785 96785 96786 96786 96786 96786 96786 96786 96786 96786 96786 96786 
1 1 2 3 4 6 6 7 8 8 11 14 17 19 20 20 22 23 27 31 41 48 53 61 77 95 120 145 179 226 275 333 408 502 601 747 909 1118 1360 1685 2056 2454 3025 3679 4451 5420 6615 7971 9620 11546 13801 16460 19632 23103 27016 31464 36324 41538 46955 52525 58150 63695 68903 73670 77746 81367 84452 87078 89198 90804 92137 93194 94025 94709 95186 95572 95863 96100 96266 96398 96510 96586 96652 96691 96724 96756 96780 96795 96801 96814 96823 96831 96835 96839 96839 96844 96846 96848 96849 96850 96851 96852 96852 96852 96852 96852 96852 96852 96852 96852 96852 96852 96852 96852 
1 1 1 1 1 1 1 1 1 2 2 4 4 6 6 7 7 10 12 13 14 19 22 25 39 47 54 69 79 102 135 175 212 283 353 440 529 653 814 1002 1197 1462 1795 2190 2676 3272 4018 4932 5974 7273 8779 10617 12769 15319 18321 21702 25586 30068 34795 39990 45413 51019 56786 62340 67519 72310 76706 80472 83693 86385 88728 90484 91851 92970 93862 94566 95054 95434 95736 95966 96151 96294 96420 96507 96565 96613 96656 96692 96708 96732 96749 96760 96769 96778 96784 96788 96789 96789 96792 96792 96794 96794 96794 96794 96794 96794 96794 96794 96794 96794 96794 96795 96795 96795 96795 96795 96795 96795 96795 96795 96795 96795 96795 96795 
1 1 1 1 1 1 1 1 1 3 4 4 4 5 6 6 7 12 16 19 27 32 38 48 62 74 95 120 148 186 238 284 350 428 529 630 742 894 1101 1338 1632 2005 2407 2959 3597 4386 5285 6411 7804 9362 11273 13562 16191 19311 22828 26868 31294 36216 41528 47019 52615 58237 63722 68972 73792 77966 81706 84736 87298 89380 91033 92338 93361 94176 94780 95269 95618 95914 96140 96315 96436 96531 96601 96661 96702 96731 96772 96792 96807 96818 96830 96837 96843 96849 96858 96858 96859 96860 96861 96862 96863 96864 96864 96865 96865 96865 96865 96865 96865 96865 96865 96865 96865 
1 1 1 1 1 1 2 3 3 3 3 3 3 5 6 8 8 9 9 10 15 17 24 27 33 41 48 56 63 83 102 127 151 182 218 262 325 384 478 585 718 877 1078 1307 1559 1936 2324 2819 3429 4185 5123 6221 7485 9043 10904 13094 15595 18584 22103 26085 30586 35266 40505 46030 51592 57312 62897 68143 72965 77283 80999 84164 86809 89002 90730 92128 93196 94011 94667 95159 95529 95855 96082 96264 96415 96501 96571 96631 96672 96705 96741 96760 96775 96786 96795 96803 96807 96811 96815 96815 96817 96818 96819 96820 96822 96823 96823 96823 96823 96823 96823 96823 96823 96823 96823 96823 96823 96823 
1 1 1 1 1 1 1 3 5 5 6 6 9 10 11 16 21 25 31 39 43 50 55 75 90 105 124 153 189 233 269 311 390 479 593 704 845 1048 1255 1523 1846 2266 2752 3378 4142 4976 6061 7281 8714 10522 12674 15090 18076 21426 25149 29475 34321 39289 44852 50424 56010 61550 66810 71683 76081 79918 83274 86082 88283 90137 91634 92781 93739 94444 94997 95423 95752 96019 96206 96353 96459 96558 96622 96679 96710 96738 96758 96779 96793 96805 96818 96824 96826 96830 96832 96836 96836 96836 96836 96836 96836 96836 96836 96836 96836 96836 96836 96836 96836 96836 96836 
1 1 1 1 1 2 3 3 3 3 5 6 7 9 11 15 16 16 17 23 31 33 42 52 67 84 98 110 143 182 216 261 328 406 499 608 736 899 1103 1374 1685 2063 2514 3050 3673 4463 5387 6564 7937 9609 11629 13879 16430 19496 23216 27379 31827 36715 42066 47625 53264 58911 64337 69476 74170 78388 81970 84989 87487 89509 91125 92383 93385 94137 94704 95174 95544 95814 96065 96226 96357 96472 96562 96630 96663 96705 96729 96748 96761 96773 96782 96789 96796 96802 96804 96806 96811 96811 96811 96811 96811 96812 96812 96813 96813 96814 96814 96814 96814 96815 96815 96815 96815 96815 96815 96815 96815 
1 1 1 1 1 1 1 1 1 1 1 2 3 3 3 3 3 3 3 4 6 8 9 10 12 13 14 18 21 31 39 44 51 61 76 98 123 142 161 206 268 314 393 478 603 732 894 1092 1310 1587 1963 2380 2872 3501 4284 5166 6310 7637 9244 11137 13367 15983 19023 22471 26440 30788 35659 40664 46146 51743 57392 62922 68148 73035 77331 81014 84168 86833 88992 90759 92101 93205 93982 94590 95085 95468 95781 96014 96166 96304 96408 96490 96550 96602 96636 96668 96692 96713 96722 96730 96738 96748 96757 96759 96762 96764 96766 96769 96771 96771 96771 96772 96772 96772 96773 96773 96773 96773 96773 96773 96773 96773 96773 
1 1 1 1 1 3 3 4 4 4 4 4 4 5 13 20 21 24 31 39 45 60 74 83 103 130 157 197 237 296 355 448 550 669 838 1028 1271 1556 1927 2338 2873 3518 4316 5288 6372 7735 9281 11162 13388 16086 19099 22669 26663 31157 36007 41226 46698 52366 57953 63559 68780 73524 77639 81248 84404 87003 89116 90820 92154 93222 94027 94666 95161 95538 95818 96042 96241 96398 96519 96604 96673 96730 96765 96789 96812 96821 96833 96846 96852 96861 96863 96867 96871 96871 96871 96871 96871 96871 96871 96872 96873 96874 96874 96874 96875 96875 96875 96875 96875 96875 96875 96875 96875 96875 96875 96875 96875 
1 1 1 1 1 1 1 2 3 3 4 4 5 7 8 12 15 19 24 26 29 35 43 53 68 77 97 114 145 173 210 254 310 376 455 553 676 831 1019 1213 1477 1802 2221 2660 3191 3913 4738 5717 6886 8379 10071 12086 14386 17170 20471 24153 28261 32783 37793 43230 48947 54613 60125 65563 70553 75090 79100 82743 85635 88141 90040 91534 92669 93615 94364 94966 95409 95782 96042 96235 96392 96507 96580 96636 96689 96735 96759 96781 96797 96809 96819 96830 96834 96838 96843 96847 96848 96851 96853 96853 96853 96854 96855 96855 96855 96856 96857 96857 96857 96857 96857 96857 96857 96857 
1 1 1 1 1 2 2 2 2 2 2 2 2 3 3 3 5 6 6 6 6 7 8 10 12 16 16 19 20 22 26 29 33 37 44 50 56 68 77 87 102 122 142 186 229 294 346 402 489 597 750 908 1091 1312 1586 1971 2395 2904 3503 4251 5155 6220 7532 9079 10872 13108 15736 18602 22021 25895 30189 34978 40137 45620 51241 56860 62471 67662 72540 76833 80625 83869 86575 88731 90426 91838 92933 93817 94462 94980 95406 95727 95970 96154 96301 96404 96498 96566 96617 96650 96684 96710 96734 96747 96752 96758 96769 96773 96776 96777 96779 96780 96781 96783 96786 96786 96786 96786 96786 96787 96787 96787 96788 96788 96789 96789 96789 96789 96789 96789 96789 96789 96789 96789 96789 96789 96789 96789 96789 96789 96789 
1 1 1 1 1 2 3 4 4 4 6 8 9 10 10 12 22 28 39 50 61 68 80 101 126 158 190 219 277 346 420 507 632 765 943 1163 1413 1726 2109 2559 3113 3750 4546 5471 6686 8143 9795 11817 14275 16930 20137 23688 27814 32412 37377 42565 48145 53712 59426 64899 69952 74560 78745 82373 85294 87757 89752 91376 92612 93570 94340 94931 95386 95736 96000 96211 96349 96473 96557 96629 96675 96719 96741 96764 96779 96801 96813 96822 96829 96835 96838 96841 96845 96846 96847 96847 96849 96849 96850 96850 96851 96852 96852 96852 96852 96852 96852 96852 96852 96852 
1 1 1 1 4 5 5 6 9 13 15 21 24 32 38 48 52 66 79 100 123 152 189 237 286 338 402 491 603 719 906 1100 1329 1621 1981 2423 2944 3562 4351 5320 6446 7814 9394 11342 13660 16254 19350 22968 27001 31623 36520 41779 47267 52759 58563 64000 69245 73927 78087 81735 84734 87392 89412 91053 92452 93418 94237 94846 95297 95628 95907 96122 96287 96424 96513 96594 96635 96679 96712 96738 96755 96765 96778 96784 96794 96797 96800 96803 96807 96808 96810 96811 96811 96811 96811 96811 96811 96811 96811 96811 96811 96811 96811 96811 96811 
1 1 1 1 1 
1 1 1 1 1 1 1 1 3 5 6 6 7 11 13 14 20 23 25 36 46 60 74 94 110 126 147 179 220 282 346 432 513 631 759 945 1152 1415 1741 2088 2522 3037 3695 4482 5417 6608 8060 9635 11558 13897 16645 19757 23316 27150 31599 36392 41613 47220 52842 58468 63982 69086 73794 77948 81616 84663 87158 89223 90970 92308 93324 94076 94681 95132 95506 95804 96038 96205 96321 96424 96504 96574 96621 96657 96674 96700 96719 96739 96745 96754 96760 96765 96769 96770 96774 96778 96779 96780 96780 96781 96782 96782 96784 96784 96784 96784 96784 96784 96784 96784 96784 96784 96784 96784 96784 96784 96784 
1 1 2 3 4 8 13 16 20 21 29 36 47 55 66 76 91 122 150 182 213 263 325 400 495 617 760 920 1124 1374 1656 2024 2449 2974 3616 4395 5337 6425 7864 9485 11388 13656 16387 19440 22879 26834 31274 36079 41334 46854 52517 58246 63732 68868 73568 77729 81476 84579 87179 89299 90943 92252 93323 94114 94761 95245 95593 95851 96075 96235 96376 96482 96557 96620 96672 96712 96737 96760 96776 96789 96797 96806 96814 96820 96822 96826 96828 96832 96834 96835 96835 96836 96836 96836 96836 96837 96837 96838 96838 96838 96838 96838 96838 96838 96838 96838 96839 96839 96840 96840 96840 96840 96840 96840 96840 96840 96840 96840 
1 1 1 1 1 5 5 7 10 11 12 13 16 19 23 28 33 40 50 62 74 87 115 144 173 202 254 317 399 510 598 712 881 1095 1320 1597 1918 2353 2889 3527 4279 5242 6317 7661 9314 11205 13454 15955 18995 22396 26360 30639 35354 40435 45919 51526 57195 62619 67795 72622 76995 80715 83888 86558 88811 90592 91989 93022 93841 94501 95040 95430 95751 96006 96173 96312 96415 96491 96543 96587 96623 96657 96682 96704 96714 96727 96738 96742 96745 96749 96752 96755 96758 96759 96761 96762 96763 96763 96764 96764 96764 96764 96764 96764 96764 96764 96764 96764 
1 1 1 1 1 2 2 3 3 3 3 6 9 9 15 17 18 23 32 43 51 70 83 106 130 164 203 248 295 350 442 550 682 840 1015 1250 1497 1857 2241 2772 3339 4083 4936 6029 7257 8714 10514 12657 14993 17937 21290 25136 29316 33917 39133 44386 49849 55578 61209 66480 71389 75870 79838 83205 86006 88242 90106 91643 92848 93774 94478 95006 95429 95736 95977 96195 96350 96465 96539 96622 96690 96725 96757 96782 96793 96818 96825 96834 96845 96854 96857 96858 96860 96864 96868 96870 96870 96870 96871 96871 96872 96872 96872 96872 96872 96872 96872 96872 96872 96872 96872 96872 96872 96872 
1 1 1 1 3 4 5 5 5 5 8 11 13 15 20 27 33 37 50 64 71 82 95 113 144 182 216 266 336 401 493 593 732 911 1124 1393 1666 2030 2511 3067 3740 4556 5555 6726 8172 9855 11861 14240 16946 20018 23768 27911 32510 37476 42901 48431 53965 59583 65024 70094 74660 78665 82249 85163 87604 89574 91075 92307 93284 94080 94660 95146 95530 95806 96018 96191 96326 96438 96501 96571 96616 96643 96668 96691 96709 96722 96731 96733 96738 96746 96748 96751 96752 96753 96756 96756 96757 96757 96757 96757 96757 96757 96757 96757 96757 96757 96757 96757 96757 
1 1 1 1 3 4 4 4 4 5 5 7 9 11 14 17 19 26 32 35 43 48 60 72 82 99 120 151 185 231 286 343 437 524 626 758 949 1170 1412 1731 2121 2565 3206 3914 4711 5740 6954 8396 10172 12319 14679 17531 20709 24399 28602 33230 38237 43475 49087 54772 60361 65797 70742 75242 79156 82636 85578 87868 89843 91423 92644 93604 94315 94933 95375 95716 95966 96187 96342 96457 96544 96618 96671 96709 96745 96770 96787 96800 96810 96820 96832 96834 96838 96838 96839 96839 96839 96839 96840 96841 96841 96841 96841 96841 96841 96841 96841 
1 1 1 1 1 1 1 1 1 2 2 2 2 2 2 5 6 7 8 10 14 18 21 26 32 41 45 60 77 87 105 132 158 194 230 298 376 457 556 689 822 1009 1190 1471 1783 2207 2674 3242 3986 4836 5851 7124 8653 10503 12604 15147 17972 21230 25012 29178 33893 39076 44366 49959 55693 61168 66498 71389 75891 79788 83130 85838 88080 89950 91451 92668 93585 94298 94817 95254 95585 95842 96026 96201 96325 96402 96467 96524 96580 96622 96646 96659 96675 96681 96694 96705 96706 96710 96718 96720 96720 96720 96721 96721 96722 96723 96723 96723 96723 96723 96723 96723 96724 96724 96724 96724 96724 96724 96724 96724 96724 
1 1 1 1 1 3 4 4 4 7 7 8 10 15 19 21 25 27 30 34 40 54 62 80 98 117 146 175 221 267 320 382 450 544 655 804 983 1231 1489 1827 2203 2688 3294 4037 4888 5940 7161 8537 10369 12451 14852 17696 20935 24597 28757 33285 38361 43856 49273 54825 60386 65819 70836 75443 79388 82859 85770 88078 89980 91477 92624 93610 94379 94938 95359 95692 95941 96106 96264 96387 96472 96553 96602 96647 96678 96697 96717 96729 96750 96764 96770 96775 96782 96782 96785 96787 96787 96788 96791 96792 96795 96795 96795 96795 96795 96795 96795 96795 96795 96795 96796 96796 96796 96796 96796 96796 96796 96796 96796 96796 96796 96796 
1 1 1 3 3 4 6 6 10 12 15 21 24 28 33 43 53 69 93 118 139 170 220 269 335 414 509 629 761 944 1147 1392 1688 2101 2569 3084 3731 4502 5536 6675 8109 9782 11872 14197 16961 20136 23829 27894 32569 37556 42804 48384 54102 59819 65320 70332 74956 78954 82508 85422 87845 89751 91348 92566 93515 94213 94814 95261 95601 95873 96058 96248 96374 96470 96549 96610 96661 96685 96706 96724 96736 96748 96757 96762 96768 96773 96776 96779 96781 96782 96782 96784 96786 96787 96787 96787 96787 96787 96788 96788 96789 96789 96789 96789 96789 96789 96789 96789 96789 96789 
1 1 1 1 1 2 4 4 5 7 10 11 13 19 23 31 36 43 50 60 71 87 110 137 170 195 234 287 346 429 544 656 805 993 1216 1458 1782 2159 2671 3257 3972 4819 5856 7098 8569 10231 12363 14861 17598 20835 24552 28870 33536 38626 44015 49559 55178 60723 66021 70965 75477 79409 82856 85735 88169 90127 91606 92826 93751 94434 95019 95455 95780 96044 96243 96421 96541 96631 96712 96766 96805 96831 96856 96877 96899 96914 96922 96931 96935 96940 96942 96945 96950 96952 96953 96953 96955 96955 96955 96955 96955 96955 96955 96955 96956 96956 96956 96956 96956 96956 96956 96956 96956 
1 1 1 2 3 3 6 7 7 10 13 15 15 16 22 23 28 35 47 65 69 83 101 118 148 183 224 271 321 395 480 604 735 887 1105 1334 1637 2041 2503 3055 3744 4537 5519 6676 8075 9742 11746 14136 16820 19967 23627 27557 31987 36999 42456 48034 53558 59246 64603 69765 74455 78593 82088 85076 87506 89554 91111 92370 93370 94163 94759 95210 95573 95857 96064 96223 96360 96470 96534 96601 96671 96700 96723 96745 96767 96778 96790 96797 96804 96810 96813 96815 96817 96818 96818 96820 96822 96824 96826 96826 96826 96826 96826 96826 96826 96826 96826 96827 96827 96827 96827 96827 96827 96827 96827 96827 96827 
1 1 1 1 1 4 5 7 10 10 13 13 14 18 26 29 37 46 60 76 100 123 154 205 243 289 353 425 527 649 796 990 1176 1482 1847 2232 2707 3293 4021 4867 5884 7160 8606 10447 12518 14922 17773 21130 24927 29223 33963 39103 44632 50146 55789 61319 66660 71560 76041 79889 83146 86023 88312 90142 91639 92808 93679 94404 94965 95428 95721 95974 96168 96328 96445 96555 96635 96679 96713 96747 96767 96792 96809 96819 96829 96835 96837 96841 96845 96849 96850 96850 96850 96850 96850 96850 96850 96850 96850 96850 96850 96850 96850 96850 
1 1 1 1 2 2 2 6 7 8 10 13 14 18 22 24 28 37 46 54 67 81 97 125 144 170 196 242 292 363 441 524 630 787 955 1181 1422 1736 2119 2602 3176 3877 4735 5712 6939 8421 10180 12281 14701 17560 20862 24535 28766 33560 38631 43982 49549 55186 60811 66100 71024 75657 79596 82978 85789 88087 89995 91501 92693 93620 94318 94879 95321 95699 95936 96169 96337 96447 96540 96633 96676 96715 96736 96759 96777 96791 96799 96805 96811 96816 96817 96819 96821 96822 96823 96823 96825 96827 96828 96828 96828 96828 96828 96828 96828 96828 96828 96828 96828 96828 96828 96828 96828 
1 1 1 1 1 4 4 6 9 10 11 20 25 31 46 57 74 92 109 133 180 235 275 344 423 533 654 801 956 1152 1411 1742 2147 2584 3167 3924 4688 5698 6929 8417 10171 12239 14720 17686 20940 24682 28942 33568 38550 43827 49591 55366 61110 66314 71245 75917 79975 83359 86168 88480 90294 91820 92969 93858 94512 95068 95483 95815 96068 96238 96384 96490 96583 96646 96700 96741 96780 96813 96833 96846 96862 96879 96882 96887 96891 96895 96897 96900 96903 96903 96904 96904 96904 96905 96905 96905 96905 96905 96905 96905 96905 96905 96905 96905 96905 96905 96905 
1 1 1 3 3 3 4 5 6 7 11 12 12 15 20 25 30 42 51 62 73 95 120 147 177 228 286 347 414 504 616 764 948 1171 1427 1719 2067 2502 3039 3767 4636 5714 6898 8346 10023 12097 14590 17448 20803 24551 28708 33263 38318 43438 49025 54815 60460 65775 70787 75393 79385 82801 85745 88058 89972 91515 92729 93674 94440 94970 95418 95740 95960 96168 96319 96439 96539 96607 96664 96709 96738 96763 96778 96795 96810 96817 96824 96827 96832 96834 96837 96841 96841 96841 96842 96843 96845 96846 96848 96849 96851 96852 96852 96853 96855 96855 96855 96855 96855 96855 96855 96855 96855 96855 
1 1 1 1 1 2 2 3 3 4 5 6 7 7 7 9 9 12 13 14 16 20 22 27 35 39 45 54 72 86 104 138 173 208 256 318 400 491 603 765 943 1134 1426 1769 2168 2655 3233 3955 4818 5824 7091 8556 10289 12350 14829 17734 21069 24902 29070 33803 38865 44243 49783 55436 60977 66299 71214 75697 79637 83015 85817 88181 89994 91557 92783 93655 94360 94862 95274 95647 95930 96117 96255 96377 96463 96534 96583 96628 96654 96680 96705 96722 96736 96747 96755 96758 96762 96764 96767 96768 96769 96769 96770 96770 96770 96770 96770 96770 96770 96770 96770 96770 96770 96770 96770 96770 
1 1 1 1 1 1 1 1 1 3 3 6 6 9 10 11 13 17 25 29 40 53 62 66 83 108 129 150 177 223 278 341 430 522 629 741 911 1114 1360 1671 2079 2565 3110 3805 4605 5592 6825 8244 9943 12102 14518 17283 20580 24234 28382 32957 37946 43429 48945 54679 60149 65508 70361 74919 79038 82558 85476 87755 89738 91292 92490 93439 94221 94805 95259 95568 95868 96048 96218 96366 96474 96543 96597 96627 96656 96681 96700 96721 96731 96738 96741 96741 96744 96748 96749 96749 96750 96751 96751 96751 96751 96751 96751 96751 96751 96751 96751 96751 
1 2 2 4 4 5 5 10 11 11 13 16 16 18 22 25 28 35 40 50 63 72 88 104 125 146 185 224 283 345 424 505 632 777 952 1138 1404 1689 2053 2520 3124 3814 4602 5560 6631 8089 9779 11803 14097 16844 20017 23806 27836 32428 37410 42760 48272 53913 59645 65229 70197 74804 78917 82425 85380 87859 89861 91433 92633 93539 94289 94883 95336 95699 95961 96156 96313 96424 96527 96583 96644 96680 96720 96744 96768 96784 96799 96813 96819 96825 96830 96835 96836 96837 96839 96842 96843 96844 96846 96846 96846 96847 96847 96847 96847 96847 96847 96847 96847 96847 96847 96847 96847 96847 96847 
1 1 1 1 1 1 1 1 1 4 4 5 5 7 8 11 14 16 18 20 25 33 47 57 73 89 114 141 166 210 245 296 370 463 563 687 837 998 1239 1532 1889 2280 2750 3349 4107 4960 6091 7412 8956 10736 12787 15246 18195 21418 25187 29460 34057 39270 44491 50081 55714 61257 66490 71410 75884 79841 83152 85949 88222 90134 91623 92809 93730 94433 95005 95447 95781 96019 96202 96348 96471 96566 96638 96684 96724 96756 96779 96795 96804 96814 96821 96836 96845 96850 96853 96856 96856 96858 96858 96858 96858 96858 96858 96858 96858 96858 96858 96858 96858 96858 96858 96858 96859 96859 96859 96859 96859 96859 96859 96859 
1 1 2 3 3 3 4 7 10 12 12 13 15 20 22 29 31 34 37 45 52 60 70 80 99 117 140 174 205 243 285 350 423 541 678 834 1017 1224 1472 1766 2148 2614 3195 3848 4692 5636 6861 8292 9900 11861 14188 16970 20192 23817 27829 32269 37183 42478 48054 53718 59240 64654 69680 74243 78417 81962 85067 87576 89537 91110 92329 93322 94077 94691 95155 95541 95828 96048 96212 96343 96453 96528 96585 96640 96676 96703 96714 96728 96743 96749 96758 96761 96764 96767 96770 96774 96775 96775 96776 96776 96777 96778 96778 96779 96779 96779 96780 96780 96781 96781 96781 96781 96781 96781 96781 96781 96781 96781 96781 96781 
1 1 1 1 1 2 3 5 7 7 10 14 15 19 24 36 44 52 71 90 111 133 162 200 248 287 371 463 567 699 844 1048 1285 1562 1934 2363 2861 3525 4290 5297 6432 7797 9324 11152 13343 16141 19211 22733 26805 31206 36087 41429 46996 52701 58331 63687 68737 73460 77699 81263 84348 86884 89027 90756 92071 93157 93974 94595 95094 95489 95798 96031 96212 96321 96425 96510 96571 96611 96650 96671 96693 96717 96733 96743 96748 96755 96757 96766 96768 96771 96771 96772 96773 96773 96773 96773 96773 96773 96774 96774 96774 96774 96774 96774 96774 96774 96774 
1 1 1 1 1 1 1 
1 1 1 1 1 1 1 1 3 3 3 3 3 4 5 5 5 7 10 12 22 28 35 40 51 62 77 95 118 152 181 224 269 337 397 485 579 692 855 1049 1278 1541 1887 2282 2788 3440 4200 5088 6159 7377 8901 10778 12906 15442 18363 21777 25601 29882 34666 39700 45258 50798 56540 62218 67468 72271 76553 80287 83648 86445 88629 90403 91865 92999 93893 94569 95107 95535 95827 96035 96228 96366 96476 96568 96636 96691 96723 96754 96775 96793 96803 96817 96827 96832 96839 96842 96845 96848 96849 96849 96850 96850 96850 96850 96850 96850 96850 96850 96850 96850 96850 96850 96850 96850 
1 1 1 1 1 1 1 2 2 3 4 6 8 9 9 11 11 12 13 16 21 27 29 34 40 51 60 78 95 118 141 172 203 244 299 363 437 546 676 822 993 1255 1546 1884 2318 2805 3449 4143 5065 6133 7467 9079 10894 13020 15590 18474 21828 25659 30065 34717 39920 45262 50981 56696 62216 67500 72368 76729 80572 83819 86588 88856 90612 92016 93076 93998 94694 95191 95571 95857 96063 96216 96368 96476 96555 96624 96665 96702 96730 96743 96767 96785 96793 96798 96804 96808 96811 96811 96815 96818 96820 96820 96820 96820 96821 96822 96822 96823 96823 96823 96823 96823 96823 96823 96823 96823 
1 2 2 4 5 6 10 10 12 12 18 24 29 34 40 50 64 84 110 134 160 196 235 297 360 461 560 678 819 999 1230 1531 1898 2316 2807 3393 4092 4977 6009 7316 8825 10667 12816 15323 18241 21708 25549 29833 34552 39652 45051 50675 56311 61859 67134 71971 76330 80237 83513 86221 88491 90293 91758 92883 93771 94421 94991 95384 95742 95992 96172 96337 96459 96555 96621 96680 96731 96758 96786 96808 96828 96841 96848 96855 96866 96867 96873 96876 96878 96881 96882 96882 96885 96885 96885 96887 96887 96887 96888 96888 96888 96888 96888 96888 96888 96888 96888 96888 96888 96889 96889 96889 96889 96889 96889 96889 96889 96889 96889 96889 
1 1 4 5 7 11 15 17 21 24 31 36 44 53 66 81 101 121 148 167 208 256 305 369 464 561 723 883 1087 1334 1600 1977 2406 2916 3527 4317 5262 6320 7623 9204 11026 13233 15845 18877 22335 26195 30486 35406 40686 46182 51706 57302 62728 68006 72971 77157 80945 84033 86677 88833 90590 91927 92973 93821 94455 95005 95398 95703 95941 96109 96254 96370 96465 96534 96590 96632 96664 96688 96701 96713 96721 96733 96737 96740 96743 96743 96746 96746 96747 96749 96749 96750 96751 96751 96751 96751 96751 96751 96751 96751 96751 96751 96751 96751 96751 
1 1 2 2 3 3 3 3 3 6 6 6 9 10 11 11 12 20 22 24 28 35 46 62 76 96 116 140 171 218 265 314 380 472 579 698 848 1048 1288 1570 1920 2336 2848 3469 4235 5167 6348 7704 9312 11253 13406 16110 19168 22719 26755 31258 36092 41133 46585 52269 57802 63294 68467 73282 77665 81319 84480 87020 89105 90774 92091 93169 93986 94644 95135 95491 95775 96031 96196 96329 96442 96500 96549 96595 96631 96663 96675 96687 96704 96714 96727 96733 96737 96739 96742 96742 96745 96745 96745 96746 96748 96748 96748 96748 96748 96748 96748 96748 96748 96748 96749 96749 96749 96749 96749 96749 96749 96749 96749 96749 96749 96749 96749 96749 
1 1 1 1 1 1 3 3 3 3 3 3 3 3 7 9 9 14 20 26 28 37 46 55 67 78 103 133 154 183 231 280 343 423 531 638 801 965 1171 1500 1819 2203 2677 3270 3989 4836 5855 7091 8586 10394 12516 15051 17974 21319 25171 29435 34205 39260 44718 50264 55879 61468 66851 71816 76250 80106 83393 86198 88505 90339 91768 92907 93795 94460 95015 95413 95729 95983 96175 96323 96441 96540 96615 96671 96705 96734 96762 96781 96802 96813 96821 96827 96828 96829 96833 96835 96837 96838 96838 96839 96839 96839 96839 96839 96840 96840 96840 96840 96841 96841 96841 96841 96841 96841 96841 96841 96841 96841 
1 1 1 1 1 1 1 1 3 4 5 11 11 12 15 18 25 32 41 52 63 82 104 118 148 184 229 280 342 420 491 608 720 867 1073 1283 1530 1888 2299 2791 3395 4163 5059 6115 7334 8860 10752 12922 15489 18480 21891 25672 29899 34695 39695 44983 50457 56068 61727 66840 71828 76258 80162 83379 86090 88370 90183 91633 92818 93731 94417 94976 95403 95729 95982 96180 96335 96449 96531 96604 96666 96706 96741 96759 96780 96794 96806 96814 96822 96823 96825 96827 96829 96832 96834 96835 96835 96837 96837 96837 96840 96841 96841 96842 96842 96842 96842 96842 96842 96842 96842 96842 96842 96842 
1 1 1 1 1 2 3 4 5 6 7 9 11 11 19 22 27 37 42 50 60 80 93 120 154 198 226 262 318 397 494 607 747 898 1094 1374 1712 2090 2531 3111 3764 4542 5504 6668 8080 9647 11599 14005 16666 19725 23237 27328 31843 36647 41921 47454 53253 58857 64289 69451 74010 78196 81747 84867 87350 89412 91014 92298 93347 94193 94787 95260 95621 95885 96115 96280 96399 96486 96555 96597 96641 96682 96708 96732 96748 96762 96771 96779 96784 96788 96790 96791 96795 96798 96800 96801 96803 96804 96804 96804 96804 96805 96805 96805 96805 96805 96805 96805 96805 96805 96805 96805 96805 96805 96805 96805 96805 
1 1 1 1 1 2 2 2 2 3 5 8 8 9 11 14 19 24 36 40 54 66 88 114 140 173 196 242 302 363 456 549 664 816 997 1199 1463 1806 2196 2635 3193 3917 4757 5770 6980 8488 10237 12244 14720 17596 20802 24587 28848 33452 38447 43875 49551 55132 60739 66036 71031 75535 79548 82977 85811 88193 90053 91582 92737 93624 94342 94916 95351 95703 95961 96162 96326 96436 96522 96598 96658 96704 96724 96749 96773 96798 96809 96815 96816 96821 96822 96826 96827 96830 96830 96830 96830 96830 96830 96830 96830 96830 96830 96830 96830 96830 96830 96830 
1 2 4 4 4 4 5 7 8 10 17 18 20 25 32 34 38 46 57 65 81 101 125 148 179 224 277 331 408 505 626 763 964 1201 1478 1765 2135 2622 3193 3924 4756 5766 6945 8452 10216 12209 14680 17492 20668 24349 28521 33110 38186 43419 49044 54774 60197 65517 70450 75018 79141 82609 85549 87982 89935 91447 92636 93554 94282 94905 95372 95694 95935 96131 96274 96393 96490 96566 96630 96680 96710 96732 96748 96762 96770 96785 96795 96802 96804 96807 96808 96809 96810 96812 96813 96815 96815 96815 96815 96815 96815 96815 96815 96815 96815 96815 96815 96815 96815 
1 1 1 1 1 1 1 1 1 1 
1 1 3 3 3 3 4 4 5 9 12 16 21 24 28 32 43 49 59 70 84 106 131 154 184 227 269 317 388 482 595 743 906 1089 1316 1605 1998 2445 2983 3678 4479 5396 6480 7842 9463 11380 13644 16248 19375 22773 26745 31155 35941 41235 46806 52506 58111 63665 68783 73606 77732 81451 84583 87078 89177 90901 92250 93249 94051 94653 95131 95497 95767 96021 96202 96324 96438 96530 96592 96637 96681 96710 96734 96743 96758 96771 96781 96790 96793 96796 96799 96801 96803 96805 96805 96805 96807 96807 96808 96808 96808 96809 96809 96810 96810 96810 96810 96810 96810 96810 96810 96810 96810 96810 96810 
1 1 1 1 1 1 2 4 5 6 11 13 18 24 30 36 45 53 62 79 97 117 148 184 224 277 334 415 511 633 785 956 1195 1459 1757 2154 2634 3198 3898 4779 5791 7080 8548 10287 12258 14803 17700 20963 24631 28867 33420 38403 43917 49460 55114 60733 66056 71040 75602 79489 82914 85802 88132 90077 91535 92715 93722 94419 94983 95389 95724 95995 96209 96361 96481 96560 96615 96667 96707 96740 96766 96784 96804 96812 96821 96828 96830 96832 96833 96840 96843 96844 96844 96844 96846 96846 96846 96846 96846 96846 96847 96847 96847 96847 96847 96847 96847 96847 96847 96847 96847 96847 96847 
1 1 1 1 1 1 1 4 4 5 6 9 12 16 21 21 24 28 33 45 58 74 93 110 141 166 206 254 325 404 479 584 732 934 1138 1407 1685 2049 2504 3023 3727 4503 5406 6612 7985 9596 11594 13947 16718 19865 23287 27208 31596 36456 41716 47243 52852 58611 64158 69359 74027 78226 81734 84754 87260 89351 90966 92271 93292 94053 94692 95183 95540 95817 96052 96231 96357 96456 96529 96598 96641 96680 96709 96729 96750 96762 96776 96785 96791 96796 96799 96804 96806 96806 96810 96811 96813 96813 96817 96817 96817 96817 96817 96817 96817 96817 96817 96817 96817 96817 96817 96817 
1 1 1 1 1 1 3 4 5 7 10 11 12 17 19 24 32 40 55 66 79 102 125 161 198 246 303 379 468 583 716 890 1078 1327 1586 1949 2394 2937 3562 4295 5166 6275 7590 9248 11233 13436 16119 19178 22731 26591 30953 35692 40824 46223 51825 57393 62824 68146 73005 77262 81053 84317 86934 88964 90722 92087 93159 93984 94649 95142 95552 95870 96103 96267 96386 96498 96603 96665 96720 96760 96790 96810 96828 96845 96860 96866 96871 96874 96881 96884 96886 96887 96887 96888 96888 96889 96889 96889 96889 96889 96889 96889 96889 96889 96889 96889 96889 96889 96889 96889 
1 1 1 1 1 2 4 4 5 5 5 5 6 7 9 12 15 21 27 38 52 65 85 109 142 185 238 289 353 445 521 635 780 960 1164 1433 1752 2145 2616 3156 3859 4768 5815 7039 8532 10258 12366 14814 17774 21062 24751 28884 33578 38557 43919 49577 55159 60672 66050 71061 75540 79453 82855 85816 88096 90016 91497 92640 93561 94301 94862 95305 95645 95935 96125 96274 96384 96471 96540 96599 96645 96684 96710 96731 96745 96762 96770 96781 96790 96795 96796 96800 96801 96803 96803 96804 96805 96805 96806 96807 96808 96809 96809 96809 96809 96810 96810 96810 96810 96810 96810 96810 96810 96810 96810 96810 96810 
1 1 1 1 1 1 1 1 3 3 4 4 6 6 8 11 14 15 19 20 22 27 33 43 50 63 83 100 119 152 176 210 257 312 388 465 577 722 881 1055 1295 1595 1898 2320 2840 3444 4247 5152 6201 7520 9106 10970 13147 15678 18554 21900 25716 29983 34791 39901 45311 50716 56579 62078 67307 72256 76656 80528 83781 86460 88693 90516 91887 92955 93773 94484 95016 95420 95744 96010 96206 96375 96489 96577 96647 96703 96740 96778 96800 96810 96819 96830 96838 96845 96847 96848 96849 96849 96851 96853 96853 96854 96854 96854 96854 96854 96854 96854 96854 96854 96854 96854 96854 96854 96854 
1 1 1 1 2 2 2 3 3 3 5 6 11 12 12 17 19 22 26 34 45 56 71 88 99 128 158 190 233 295 360 439 514 624 760 936 1157 1412 1737 2120 2558 3131 3808 4670 5687 6835 8284 9976 11914 14311 17046 20257 23935 28043 32533 37533 42732 48235 53801 59410 64715 69904 74515 78579 82023 85000 87484 89451 91052 92282 93308 94084 94703 95166 95532 95803 96022 96187 96304 96390 96465 96521 96570 96610 96635 96654 96678 96690 96697 96704 96711 96715 96718 96718 96724 96724 96724 96725 96725 96726 96726 96726 96726 96727 96727 96727 96727 96727 96727 96727 96727 96727 
1 1 1 1 1 1 1 2 2 2 2 2 2 2 2 3 4 5 6 7 8 9 9 10 13 20 21 25 30 39 44 51 64 74 91 114 143 165 188 231 287 343 426 515 633 785 955 1186 1436 1790 2160 2667 3285 4018 4926 6008 7193 8709 10453 12613 15093 18038 21330 25151 29371 33954 39239 44716 50372 55972 61635 66894 71875 76235 80204 83409 86270 88545 90347 91837 92995 93879 94564 95103 95534 95843 96088 96263 96406 96517 96609 96665 96711 96751 96780 96806 96823 96841 96853 96858 96859 96864 96869 96872 96873 96876 96878 96878 96878 96878 96878 96878 96878 96878 96878 96880 96880 96880 96880 96880 96880 96880 96880 96880 96880 96880 96880 96880 96880 
1 1 1 1 1 3 3 3 3 4 5 7 11 11 13 14 22 25 33 38 47 57 73 94 114 136 166 199 241 297 367 454 565 705 867 1065 1310 1573 1932 2395 2908 3532 4335 5309 6421 7808 9431 11310 13642 16361 19446 23013 27155 31628 36539 41908 47201 52910 58513 64088 69243 74053 78204 81839 84954 87492 89557 91154 92388 93422 94154 94797 95243 95590 95879 96076 96242 96380 96471 96551 96603 96637 96676 96704 96729 96738 96749 96767 96773 96778 96781 96786 96788 96789 96789 96790 96790 96791 96792 96792 96792 96792 96792 96792 96792 96792 96792 96792 96792 96792 
1 1 1 1 1 3 3 3 4 5 6 6 9 9 9 10 13 15 22 26 30 34 44 57 71 90 103 141 178 217 259 315 377 457 575 700 857 1047 1267 1535 1863 2253 2731 3295 4059 4933 5930 7169 8675 10461 12677 15112 17945 21280 25130 29319 33947 38947 44412 50051 55719 61200 66714 71734 76158 80117 83409 86192 88503 90337 91790 92953 93886 94576 95095 95498 95820 96074 96257 96404 96528 96618 96690 96742 96782 96802 96824 96841 96858 96866 96875 96877 96878 96878 96882 96887 96888 96889 96889 96890 96890 96891 96891 96891 96891 96891 96891 96891 96891 96891 96891 
1 1 1 1 1 1 2 4 5 6 9 9 11 13 19 24 28 31 37 44 60 73 91 119 137 162 196 249 312 390 490 615 730 874 1054 1275 1578 1936 2361 2870 3485 4239 5130 6241 7518 9093 10939 13118 15773 18669 22106 25973 30248 35029 39897 45394 51005 56687 62291 67413 72265 76580 80369 83714 86434 88644 90413 91890 92991 93888 94547 95073 95526 95824 96051 96274 96392 96519 96627 96680 96737 96776 96811 96830 96849 96862 96873 96882 96890 96894 96897 96899 96902 96904 96906 96907 96907 96908 96909 96909 96910 96911 96911 96911 96911 96911 96911 96911 96911 96911 96911 96911 96911 
1 1 1 1 1 4 4 6 8 9 12 12 15 20 22 26 38 47 53 71 85 107 127 158 212 268 318 397 477 601 741 913 1118 1379 1688 2046 2478 3062 3757 4563 5656 6863 8288 10014 12097 14625 17444 20660 24374 28612 33223 38297 43704 49223 54834 60389 65667 70750 75214 79269 82679 85619 87946 89863 91403 92621 93578 94331 94910 95359 95697 95968 96178 96320 96442 96534 96607 96662 96695 96723 96752 96778 96795 96808 96821 96828 96837 96843 96847 96850 96852 96853 96853 96854 96855 96855 96855 96855 96856 96856 96856 96856 96856 96856 96856 
1 1 1 1 1 1 1 1 1 1 1 1 1 2 4 6 6 7 8 9 10 13 14 15 16 25 26 32 35 42 51 63 74 102 123 149 172 203 258 316 391 472 588 713 859 1035 1301 1582 1940 2367 2880 3482 4189 5070 6193 7463 9062 10851 13077 15639 18680 22097 25975 30424 35277 40289 45760 51399 57030 62638 67802 72717 77013 80796 83963 86553 88770 90542 91944 93081 93969 94613 95132 95502 95815 96044 96233 96391 96498 96573 96629 96687 96731 96768 96786 96812 96823 96830 96838 96845 96849 96853 96857 96858 96860 96861 96863 96864 96864 96864 96864 96864 96864 96864 96864 96864 96864 96864 96864 96864 96864 96864 96865 96865 96865 96865 96865 96865 96865 96865 96865 96865 96865 96865 96865 
1 1 1 1 1 1 2 3 3 4 4 4 7 8 10 13 14 17 20 23 26 28 32 39 49 64 80 108 143 168 198 237 295 377 461 565 688 829 1028 1295 1582 1936 2324 2799 3396 4159 5113 6237 7549 9048 10876 13068 15559 18672 22063 25980 30250 35051 40333 45871 51498 57241 62802 67961 72693 77064 80825 84057 86779 88899 90682 92106 93132 93966 94611 95142 95563 95838 96094 96270 96426 96512 96602 96672 96722 96764 96800 96820 96840 96856 96868 96878 96884 96891 96894 96895 96895 96896 96897 96897 96900 96901 96901 96902 96902 96902 96902 96902 96902 96902 96902 96902 
1 1 1 1 1 1 1 2 3 3 5 9 10 13 16 21 24 29 37 47 57 79 91 105 127 165 197 231 288 354 443 541 660 797 992 1210 1435 1766 2154 2579 3151 3861 4723 5711 6947 8408 10134 12102 14526 17358 20549 24320 28552 33250 38346 43762 49232 54818 60313 65685 70725 75281 79315 82843 85709 88118 90008 91550 92734 93658 94393 94919 95371 95713 96012 96208 96366 96510 96606 96679 96728 96768 96796 96812 96840 96853 96859 96865 96868 96875 96878 96880 96883 96883 96883 96885 96887 96887 96889 96889 96889 96889 96889 96889 96889 96889 96889 96889 96889 96889 96889 96889 
1 1 1 1 2 3 4 4 4 4 4 4 4 4 7 11 12 13 13 20 28 31 35 41 52 56 72 101 127 151 194 237 277 346 433 524 655 806 1004 1219 1495 1807 2220 2704 3287 4021 4851 5825 7020 8503 10187 12192 14737 17591 20903 24636 28791 33515 38639 44080 49675 55235 60792 66172 71111 75590 79656 83050 85919 88265 90214 91706 92831 93739 94446 95025 95427 95748 95991 96189 96320 96429 96528 96603 96667 96709 96753 96778 96793 96808 96820 96834 96840 96847 96853 96856 96859 96860 96864 96865 96865 96867 96867 96867 96868 96868 96868 96868 96868 96868 96868 
1 1 1 1 1 1 1 2 2 3 4 4 5 5 7 7 9 12 13 19 29 38 42 49 59 68 86 107 122 147 177 238 291 347 404 510 621 762 919 1154 1419 1721 2113 2584 3149 3805 4630 5635 6907 8380 10082 12026 14362 17199 20394 24009 28320 32960 37941 43304 48940 54701 60310 65656 70730 75334 79327 82840 85691 88048 89974 91521 92710 93621 94354 94919 95370 95689 95929 96153 96301 96418 96525 96605 96652 96701 96735 96758 96785 96803 96817 96825 96832 96839 96842 96846 96847 96850 96850 96853 96853 96854 96854 96854 96854 96854 96854 96854 96854 96854 96854 
1 1 1 1 1 1 1 1 
1 1 1 1 1 1 1 1 4 4 5 5 5 6 8 10 11 15 21 24 30 37 40 47 62 80 101 131 153 184 238 312 369 444 548 687 870 1063 1292 1575 1921 2352 2853 3434 4220 5099 6188 7462 8957 10739 12883 15377 18288 21741 25579 29861 34504 39569 44993 50656 56309 61763 67068 71903 76251 80116 83483 86309 88573 90420 91836 92935 93825 94525 95044 95493 95800 96024 96229 96391 96517 96605 96673 96715 96758 96790 96810 96827 96845 96863 96874 96879 96885 96890 96891 96892 96893 96898 96898 96900 96900 96901 96901 96902 96902 96902 96902 96902 96902 96902 96902 96902 96902 96902 
1 1 1 1 1 2 2 5 7 7 7 8 12 12 15 16 18 28 31 37 47 55 66 74 89 109 135 167 203 245 304 368 462 556 682 830 1017 1242 1538 1857 2272 2761 3379 4075 4937 6008 7255 8712 10528 12722 15251 18092 21398 25192 29494 34075 39224 44701 50242 55938 61491 66882 71791 76245 80109 83424 86193 88421 90288 91751 92889 93777 94432 95025 95445 95762 96020 96190 96331 96457 96548 96619 96682 96733 96762 96778 96800 96812 96826 96837 96847 96857 96860 96861 96862 96862 96862 96864 96865 96865 96866 96867 96867 96868 96868 96868 96868 96868 96868 96868 96868 
1 1 2 4 5 7 10 12 17 20 24 29 32 34 48 61 71 86 105 134 162 192 232 284 362 442 528 644 799 981 1198 1432 1725 2126 2590 3111 3764 4555 5599 6776 8222 9956 11975 14370 17251 20434 24006 28201 32710 37757 43179 48637 54363 59923 65229 70285 74808 78796 82277 85229 87622 89623 91167 92435 93395 94179 94746 95196 95562 95843 96058 96215 96351 96428 96495 96563 96604 96634 96666 96701 96721 96735 96743 96746 96749 96752 96757 96760 96762 96763 96764 96764 96764 96764 96764 96764 96764 96764 96764 96764 96764 96764 96764 96764 
1 1 1 1 1 1 2 4 5 7 7 8 11 14 19 26 32 34 38 42 55 68 81 103 123 143 169 203 244 318 389 483 594 731 877 1058 1301 1593 1951 2367 2831 3491 4224 5162 6208 7585 9236 11035 13296 15898 18803 22365 26270 30667 35530 40745 46310 51932 57625 63038 68259 73084 77260 80921 84083 86758 88903 90656 91971 93038 93873 94516 95018 95407 95725 95969 96158 96308 96440 96527 96588 96623 96669 96697 96725 96746 96759 96773 96781 96788 96793 96798 96802 96803 96807 96807 96807 96808 96808 96808 96808 96808 96809 96810 96810 96810 96810 96810 96810 96810 96810 96810 96810 96810 96810 96810 96810 96810 96810 96810 96810 
1 1 1 1 1 2 3 4 4 5 6 8 10 13 19 20 22 27 36 55 72 83 100 124 145 177 217 261 329 409 494 628 750 959 1181 1422 1739 2120 2590 3143 3797 4636 5610 6859 8328 10101 12143 14596 17362 20641 24386 28518 33124 38118 43560 49184 54724 60185 65649 70715 75378 79363 82786 85673 88090 89947 91466 92644 93596 94304 94910 95359 95703 95950 96135 96300 96411 96505 96589 96654 96700 96728 96753 96769 96778 96787 96799 96803 96809 96815 96818 96821 96823 96825 96826 96826 96827 96827 96827 96827 96827 96827 96827 96827 96827 96827 96827 
1 1 1 1 1 1 1 2 3 4 4 5 9 12 14 15 16 22 29 35 43 56 66 86 101 121 148 188 240 288 353 424 509 632 765 943 1153 1387 1708 2073 2543 3131 3806 4657 5634 6856 8280 9951 12014 14537 17333 20526 24298 28495 33174 38226 43623 49152 54763 60344 65659 70742 75362 79278 82718 85585 88041 90014 91476 92690 93585 94360 94932 95377 95704 95949 96147 96298 96418 96529 96602 96654 96694 96732 96761 96783 96802 96811 96816 96824 96831 96834 96839 96846 96848 96848 96848 96849 96852 96854 96854 96855 96856 96856 96856 96856 96856 96856 96856 96856 96856 96857 96857 96857 96857 96857 96857 96857 96857 96857 
1 1 1 1 1 1 2 3 4 6 6 8 11 18 23 27 34 41 47 56 70 95 113 134 160 206 254 310 357 426 517 655 812 961 1139 1368 1709 2085 2481 3048 3714 4533 5523 6712 8150 9800 11811 14058 16772 19935 23533 27673 32287 37355 42590 47980 53682 59314 64826 69857 74523 78693 82315 85356 87820 89675 91206 92465 93464 94239 94813 95306 95671 95951 96157 96313 96441 96530 96597 96656 96711 96741 96762 96787 96804 96818 96826 96829 96832 96837 96838 96840 96841 96845 96845 96845 96845 96845 96845 96845 96845 96845 96846 96846 96846 96846 96846 96846 96846 96846 96846 96846 
1 1 1 1 1 1 1 1 1 1 1 3 3 3 3 4 5 5 7 8 13 16 16 17 21 30 38 45 56 63 80 103 133 162 189 219 274 333 409 495 593 725 880 1090 1355 1670 2040 2476 3038 3669 4497 5514 6658 8074 9782 11902 14212 17020 20252 24019 28130 32749 37650 42993 48472 54224 59845 65228 70305 75006 79026 82508 85410 87779 89762 91317 92583 93548 94301 94876 95324 95652 95947 96160 96334 96447 96527 96607 96677 96723 96765 96779 96799 96808 96820 96835 96843 96846 96851 96854 96859 96861 96862 96863 96864 96865 96865 96865 96866 96867 96867 96868 96868 96868 96868 96868 96868 96868 96868 96868 96868 96868 96868 96868 96868 
1 1 1 1 2 2 3 4 5 5 5 5 7 7 7 7 9 12 16 17 21 26 31 37 45 53 72 88 103 123 148 183 234 286 351 433 533 651 792 957 1175 1465 1820 2220 2696 3262 3972 4804 5862 7066 8512 10265 12334 14746 17505 20730 24393 28528 33163 38161 43478 49049 54583 60041 65279 70361 74989 79044 82548 85462 87871 89836 91363 92593 93569 94297 94874 95303 95650 95893 96103 96257 96381 96473 96539 96597 96639 96669 96696 96722 96740 96752 96761 96769 96776 96784 96785 96788 96789 96792 96792 96793 96793 96794 96795 96795 96795 96795 96795 96795 96795 96795 96795 
1 1 1 1 2 3 3 3 4 4 5 9 11 13 16 21 24 27 42 46 54 64 73 83 102 125 148 178 213 279 340 418 508 634 775 948 1157 1418 1729 2065 2503 3024 3656 4459 5448 6649 8023 9627 11661 13954 16667 19809 23569 27680 32120 37004 42342 48016 53684 59186 64583 69693 74280 78466 82036 85085 87561 89542 91175 92466 93439 94218 94797 95278 95674 95929 96151 96313 96428 96538 96620 96678 96723 96757 96782 96804 96820 96839 96845 96854 96862 96866 96869 96871 96873 96876 96877 96880 96882 96882 96882 96882 96883 96884 96884 96885 96885 96885 96885 96885 96885 96885 96885 
1 1 1 1 1 1 1 2 4 4 4 4 4 4 6 7 8 9 11 12 14 17 20 23 30 37 44 58 67 79 100 112 141 167 200 243 300 369 442 529 652 785 979 1201 1468 1766 2175 2668 3236 3942 4766 5751 6914 8372 10085 12161 14506 17265 20485 24051 28160 32725 37798 43189 48664 54309 59846 65207 70278 74868 78864 82298 85247 87671 89664 91188 92437 93396 94150 94770 95215 95564 95817 96032 96219 96349 96463 96527 96594 96635 96664 96686 96707 96725 96734 96741 96746 96753 96757 96758 96760 96761 96764 96764 96764 96766 96766 96766 96766 96766 96766 96766 96766 96766 96766 96766 96766 96766 96766 
1 1 1 1 1 2 2 2 2 2 3 3 3 3 3 3 3 3 4 5 6 7 7 8 9 10 13 15 20 27 35 47 53 65 76 89 113 142 166 213 269 332 409 506 629 759 950 1128 1381 1712 2098 2520 3075 3798 4655 5657 6804 8240 9995 11973 14318 17098 20208 23939 27979 32386 37293 42623 48170 53908 59379 64701 69865 74445 78627 82085 85105 87610 89601 91100 92321 93285 94048 94691 95155 95536 95783 96013 96174 96303 96396 96476 96528 96563 96598 96621 96645 96658 96671 96681 96691 96695 96704 96705 96709 96711 96713 96713 96713 96714 96715 96715 96715 96715 96715 96715 96715 96715 96716 96716 96716 96716 96716 96716 96716 96716 96716 96716 
